  1P/Halley                           49400 0.58597811 0.96714291 162.26269 111.33249  58.42008 19860205.89532 JPL J863/77
  2P/Encke                            51120 0.33541700 0.84859557  11.86038 186.41178 334.72243 19970523.56424 JPL J974/1
  3D/Biela                            -9480 0.87907300 0.75129900  13.21640 221.65880 250.66900 18321126.61520 IAUCAT03
  4P/Faye                             51680 1.65749925 0.56814362   9.04886 204.99704 199.34013 19990506.12673 JPL J993/10
  5D/Brorsen                           7440 0.58984700 0.80979600  29.38210  14.94680 102.96760 18790331.03410 IAUCAT03
  6P/d'Arrest                         52080 1.35260138 0.61285312  19.49723 178.12211 138.94945 20020203.59955 JPL K024/45
  7P/Pons-Winnecke                    53040 1.25726995 0.63412259  22.28809 172.26324  93.43668 20020515.70935 JPL K027/23
  8P/Tuttle                           48840 0.99728992 0.82415040  54.70519 206.69069 270.59170 19940625.24504 JPL J943/10
  9P/Tempel 1                         53400 1.50606681 0.51757979  10.52938 178.84075  68.94364 20050705.32270 JPL K053/8
 10P/Tempel 2                         53280 1.42688164 0.53535948  12.01774 195.55628 117.84930 20050215.03659 JPL K0512/15
 11P/Tempel-Swift-LINEAR              52320 1.58407204 0.53916516  13.46043 163.63395 240.71050 20011230.75628 JPL K0116/15
 12P/Pons-Brooks                      35000 0.77366709 0.95481239  74.17689 199.02847 255.89114 19540522.88085 JPL 15
 13P/Olbers                           35760 1.17845061 0.93029715  44.60989  64.64121  86.10313 19560619.13533 JPL 10
 14P/Wolf                             53040 2.40614959 0.40838829  27.65530 162.64307 203.52542 20001120.21250 JPL K007/18
 15P/Finlay                           52400 1.03408498 0.71055148   3.67428 323.64510  41.96083 20020207.20510 JPL K024/10
 16P/Brooks 2                         51760 1.83516105 0.49207985   5.54789 198.06619 176.92135 20010719.74388 JPL K014/8
 17P/Holmes                           52000 2.16512855 0.41272851  19.18878  23.43539 327.93810 20000511.95402 JPL K006/9
 18D/Perrine-Mrkos                    40240 1.27224808 0.64258098  17.75898 166.05042 240.87555 19681101.54213 JPL J682/18
 19P/Borrelly                         52174 1.35820317 0.62390848  30.32461 353.37539  75.42487 20010914.73115 JPL K013/75
 20D/Westphal                         20080 1.25401276 0.91983119  40.89006  57.08095 348.00645 19131126.79026 JPL 19
 21P/Giacobini-Zinner                 53200 1.03822217 0.70556767  31.81031 172.53687 195.42945 20050702.78666 JPL K054/4
 22P/Kopff                            53000 1.58326283 0.54332250   4.71879 162.73717 120.91929 20021212.05979 JPL K023/85
 23P/Brorsen-Metcalf                  47800 0.47875271 0.97195226  19.33394 129.61068 311.58546 19890911.93743 JPL 13
 24P/Schaumasse                       52120 1.20501004 0.70480036  11.75153  57.87449  79.83104 20010502.66093 JPL K014/19
 25D/Neujmin 2                        24960 1.33816965 0.56681860  10.63871 193.70403 328.71695 19270116.22411 JPL 7
 26P/Grigg-Skjellerup                 50760 0.99681861 0.66379625  21.08674 359.33380 213.30872 19970830.30467 JPL J978/18
 27P/Crommelin                        45880 0.73453023 0.91916891  29.10126 195.84083 250.90026 19840220.16897 JPL J843/16
 28P/Neujmin 1                        53080 1.55215690 0.77541331  14.18564 346.91625 347.02892 20021227.33432 JPL 23
 29P/Schwassmann-Wachmann 1           53400 5.72342614 0.04407505   9.39119  48.70959 312.70672 20040707.35284 JPL K042/2
 30P/Reinmuth 1                       52840 1.87739414 0.50187000   8.13039  13.26299 119.75675 20021224.33909 JPL K027/19
 31P/Schwassmann-Wachmann 2           52800 3.40889592 0.19386657   4.55009  18.34216 114.19633 20020118.03343 JPL K023/8
 32P/Comas Sola                       53360 1.83301727 0.56929816  12.92647  45.82010  60.79629 20050401.32596 JPL K053/11
 33P/Daniel                           51960 2.15738391 0.46333049  22.41018  18.99197  66.58304 20000623.46595 JPL K004/3
 34D/Gale                             29080 1.18290700 0.76071900  11.72810 209.15720  67.92350 19380618.48320 IAUCAT03
 35P/Herschel-Rigollet                29480 0.74849000 0.97405000  64.20700  29.29800 355.98000 19390809.46400 IAUCAT03
 36P/Whipple                          53080 3.08827962 0.25880575   9.93325 202.20244 182.40143 20030706.59601 JPL K037/37
 37P/Forbes                           51520 1.44616640 0.56841230   7.16022 310.74844 334.35193 19990504.24769 JPL 27
 38P/Stephan-Oterma                   44720 1.57442075 0.86002249  17.98142 358.19104  79.18838 19801205.17613 JPL 10
 39P/Oterma                           52200 5.47114748 0.24551396   1.94283  56.27834 331.58112 20021221.02035 JPL 14
 40P/Vaisala 1                        53240 1.79597439 0.63291236  11.53846  47.18940 134.73252 20040122.88601 JPL K045/7
 41P/Tuttle-Giacobini-Kresak          52040 1.05220981 0.65935850   9.22552  62.17514 141.10537 20010106.97667 JPL K013/19
 42P/Neujmin 3                        53320 2.01471318 0.58515647   3.98546 147.16056 150.38391 20040715.94475 JPL K044/15
 43P/Wolf-Harrington                  50960 1.58173143 0.54409635  18.50979 187.13604 254.74974 19970929.22102 JPL J973/1
 44P/Reinmuth 2                       52680 1.90345012 0.46603475   6.91492  47.28913 295.96212 20010223.90356 JPL K014/2
 45P/Honda-Mrkos-Pajdusakova          52080 0.52839781 0.82507079   4.25559 326.12943  89.08165 20010329.92621 JPL K013/6
 46P/Wirtanen                         51320 1.06170446 0.65725604  11.73031 356.32192  82.17901 19970314.41874 JPL J973/32
 47P/Ashbrook-Jackson                 52360 2.30712043 0.39702587  12.50740 349.20574   2.48302 20010107.20812 JPL 40
 48P/Johnson                          53360 2.30996616 0.36653753  13.65801 207.69083 117.32857 20041011.95476 JPL 39
 49P/Arend-Rigaux                     53360 1.36855637 0.61161720  18.30194 330.70030 121.64882 20050224.55778 JPL 44
 50P/Arend                            51680 1.91685288 0.53007409  19.17860  48.99705 355.37983 19990803.75086 JPL 31
 51P/Harrington                       49760 1.57184761 0.56138213   8.65580 233.45608 119.26014 19940823.23428 JPL J943/5
51P-A/Harrington                      52320 1.56831730 0.56220236   8.65735 233.64697 119.17192 20010605.83424 JPL K013/32
 52P/Harrington-Abell                 51360 1.75598431 0.54303772  10.21798 138.90326 337.28799 19990127.88618 JPL J994/2
 53P/Van Biesbroeck                   53360 2.41496508 0.55226297   6.61006 134.08395 149.00314 20031009.43625 JPL 50
 54P/de Vico-Swift-NEAT               52680 2.14503377 0.43057063   6.08507   2.05730 358.96538 20020730.94162 JPL 18
 55P/Tempel-Tuttle                    51040 0.97642792 0.90555272 162.48658 172.50027 235.27099 19980228.09773 JPL J985/69
 56P/Slaughter-Burnham                53360 2.53521471 0.50389222   8.15556  44.09869 346.27236 20050115.03541 JPL K053/23
 57P/du Toit-Neujmin-Delport          45480 1.70819680 0.50285001   2.84633 115.16413 189.15077 19830601.32769 JPL J964/1
57P-A/duToit-Neujmin-Delporte         52480 1.72947684 0.49910920   2.84463 115.24515 188.92850 20020731.18132 JPL 20
 58P/Jackson-Neujmin                  50160 1.38117347 0.66150673  13.47841 200.35826 160.71487 19951006.61418 JPL 6
 59P/Kearns-Kwee                      51640 2.33930581 0.47645561   9.35202 127.46725 313.03484 19990916.39625 JPL J993/27
 60P/Tsuchinshan 2                    51320 1.77036286 0.50642442   6.71631 203.18924 288.19902 19990308.18878 JPL J995/7
 61P/Shajn-Schaldach                  52280 2.33009391 0.39027755   6.08424 216.70401 166.83992 20010509.18532 JPL K015/12
 62P/Tsuchinshan 1                    53360 1.48923970 0.57781377  10.50188  22.85178  96.76694 20041207.92061 JPL K044/8
 63P/Wild 1                           51680 1.96086133 0.64982138  19.93313 167.98819 358.52376 19991227.07721 JPL 25
 64P/Swift-Gehrels                    52000 1.33901500 0.69443283   8.43801  92.41195 306.13405 20000421.76148 JPL 14
 65P/Gunn                             53360 2.44527526 0.31904244  10.38456 196.37764  68.39722 20030511.91170 JPL K034/18
 66P/du Toit                          52920 1.27426678 0.78770149  18.70074 257.24972  22.21536 20030827.99192 JPL 48
 67P/Churyumov-Gerasimenko            53240 1.28931109 0.63193560   7.12723  11.36788  50.92302 20020818.23754 JPL K023/22
 68P/Klemola                          51200 1.75418716 0.64109193  11.08945 154.50165 175.54337 19980501.58054 JPL 19
 69P/Taylor                           50800 1.94782838 0.46598352  20.54671 355.37564 108.85849 19971212.27008 JPL J972/1
 70P/Kojima                           52080 2.00355008 0.45455070   6.60046   1.99472 119.29536 20000914.89993 JPL 16
 71P/Clark                            52240 1.55927185 0.50038649   9.49519 208.83162  59.69277 20001201.98258 JPL K002/6
 72P/Denning-Fujikawa                 43880 0.77972752 0.81985972   8.64319 334.31710  41.53343 19781002.14222 JPL 17
 73P/Schwassmann-Wachmann 3           50080 0.93277079 0.69482691  11.42349 198.76998  69.94634 19950922.88986 JPL J954/19
73P-B/Schwassmann-Wachmann 3          52120 0.93750307 0.69401060  11.40605 198.78365  69.92112 20010127.97736 JPL 9
73P-C/Schwassmann-Wachmann 3          51920 0.93737463 0.69380645  11.40602 198.77297  69.92280 20010127.71416 JPL K013/57
73P-E/Schwassmann-Wachmann 3          51920 0.93743699 0.69387746  11.40562 198.77324  69.91710 20010128.45340 JPL K013/11
 74P/Smirnova-Chernykh                53360 3.55065603 0.14887248   6.64833  87.29803  77.13797 20010119.63340 JPL K012/5
 75P/Kohoutek                         49520 1.78465694 0.49630740   5.90721 175.80172 269.68609 19940629.89848 JPL J873/16
 76P/West-Kohoutek-Ikemura            52040 1.59628321 0.53974502  30.49888   0.10250  84.12396 20000601.27175 JPL 15
 77P/Longmore                         52440 2.30955544 0.35818984  24.40314 196.43873  14.97706 20020904.70137 JPL 11
 78P/Gehrels 2                        53160 2.00815932 0.46259982   6.25251 192.96393 210.54577 20041027.06935 JPL 34
 79P/du Toit-Hartley                  52720 1.22997814 0.59410787   2.89447 253.07607 307.97028 20030215.37973 JPL K035/3
 80P/Peters-Hartley                   50960 1.62392155 0.59807504  29.85433 338.40141 260.00816 19980811.63354 JPL 15
 81P/Wild 2                           51080 1.58489778 0.53975820   3.24233  41.84902 136.15637 19970506.54805 JPL J974/1
 82P/Gehrels 3                        52360 3.62616670 0.12387464   1.12653 227.65070 239.62884 20010831.62834 JPL 11
 83P/Russell 1                        46240 1.61154163 0.51720991  22.65946   0.37623 230.84201 19850705.22914 JPL 7
 84P/Giclas                           51680 1.84573781 0.49329493   7.28268 276.39324 112.47909 19990825.04166 JPL 29
 85P/Boethin                          46520 1.11433288 0.77774599   5.75637  11.67646  26.48124 19860116.42607 JPL 12
 86P/Wild 3                           52080 2.31028192 0.36447645  15.43861 179.16137  72.61301 20010618.59194 JPL 12
 87P/Bus                              51680 2.18087829 0.37480091   2.57426  24.16211 182.20705 20001229.81088 JPL 8
 88P/Howell                           53360 1.36738034 0.56121492   4.38270 235.84035  56.81720 20040412.55784 JPL K043/7
 89P/Russell 2                        52640 2.28984769 0.39779499  12.02846 249.19241  42.47686 20020322.81482 JPL 12
 90P/Gehrels 1                        52680 2.96591125 0.50913673   9.61527  28.23751  13.51663 20020623.11474 JPL 20
 91P/Russell 3                        53120 2.59987278 0.33174238  14.08202 354.69647 248.01697 20050627.06821 JPL 15
 92P/Sanguin                          53040 1.80804078 0.66308226  18.76465 163.07043 182.33999 20020922.99755 JPL 24
 93P/Lovas 1                          51680 1.69281193 0.61326433  12.23139  74.55861 340.01543 19981014.25658 JPL 36
 94P/Russell 4                        53200 2.23118933 0.36445100   6.18542  92.92293  70.92869 20030829.12725 JPL 23
 95P/Chiron                           53200 8.44026787 0.38185955   6.93493 339.42550 209.25543 19960213.17715 JPL 35
 96P/Machholz 1                       52480 0.12412875 0.95881324  60.18131  14.58389  94.60901 20020108.62807 JPL 41
 97P/Metcalf-Brewington               51920 2.61089722 0.45620917  17.98854 229.72030 186.44419 20010415.04204 JPL 26
 98P/Takamizawa                       51000 1.58522671 0.57524677   9.48967 147.79689 124.84739 19981107.98568 JPL 13
 99P/Kowal 1                          53360 4.72038045 0.22579483   4.34592 172.66414  28.40667 20070114.54053 JPL 7
100P/Hartley 1                        52840 1.97971461 0.41915379  25.66351 181.52895  37.89222 20030818.00867 JPL K033/11
101P/Chernykh                         49120 2.35685793 0.59321658   5.07815 263.24654 130.39692 19920125.40067 JPL 16
102P/Shoemaker 1                      48960 1.98570973 0.47015250  26.24287  18.75061 339.95020 19911218.15523 JPL 20
103P/Hartley 2                        53360 1.03648079 0.69957101  13.60257 180.83550 219.89014 20040517.95588 JPL 37
104P/Kowal 2                          50920 1.39660195 0.58532519  15.48915 191.90272 246.14672 19980302.16533 JPL J982/26
105P/Singer Brewster                  51360 2.03237468 0.41269165   9.18770  46.80219 192.54589 19990406.44667 JPL 7
106P/Schuster                         51640 1.54968456 0.58777572  20.13904 355.84768  50.58942 19991216.20756 JPL 13
107P/Wilson-Harrington                53200 0.99356073 0.62355244   2.78537  91.22977 270.60021 20050710.75963 JPL 13
108P/Ciffreo                          51920 1.71336017 0.54236246  13.09275 358.02517  53.72049 20000418.34415 JPL 15
109P/Swift-Tuttle                     50000 0.95951616 0.96322576 113.45382 152.98217 139.38119 19921211.99978 JPL 32
110P/Hartley 3                        52400 2.47847173 0.31398179  11.69070 167.89492 287.75389 20010321.20061 JPL 25
111P/Helin-Roman-Crockett             52200 3.47757904 0.14048021   4.23264  10.01662  91.95557 20041223.99119 JPL 6
112P/Urata-Niijima                    51520 1.45781503 0.58776040  24.20494  21.46697  31.94395 20000304.40486 JPL 14
113P/Spitaler                         51960 2.12725266 0.42354904   5.77655  50.06300  14.52548 20010225.87171 JPL 25
114P/Wiseman-Skiff                    51680 1.56946350 0.55644468  18.29104 172.82407 271.06970 20000111.73825 JPL 26
115P/Maury                            52440 2.04160370 0.52073180  11.68279 119.88454 176.75988 20021223.88091 JPL 6
116P/Wild 4                           53300 2.17054089 0.37567683   3.61555 173.50806  21.05681 20030121.82214 JPL 86
117P/Helin-Roman-Alu 1                53240 3.03912184 0.25679071   8.69923 222.30483  58.96992 20051218.17651 JPL K052/6
118P/Shoemaker-Levy 4                 53200 2.00955266 0.42279028   8.48135 302.02536 152.03316 20030716.72975 JPL 38
119P/Parker-Hartley                   53360 3.04446427 0.29087225   5.18741 181.41406 244.09528 20050524.35637 JPL K052/3
120P/Mueller 1                        53360 2.74680763 0.33667688   8.78702  30.16501   4.46017 20040930.09520 JPL 13
121P/Shoemaker-Holt 2                 53360 2.64816024 0.33854231  17.71700   6.24509  99.66903 20040901.77000 JPL 24
122P/de Vico                          50280 0.65933734 0.96270889  85.38275  12.99609  79.62450 19951006.00017 JPL 27
123P/West-Hartley                     53240 2.12837050 0.44826919  15.35036 102.88322  46.61037 20031209.00203 JPL 56
124P/Mrkos                            52400 1.46706282 0.54270322  31.35115 181.23883   1.39136 20020727.00757 JPL 17
125P/Spacewatch                       52560 1.52845126 0.51159372   9.98212  87.29159 153.23527 20020128.04393 JPL 10
126P/IRAS                             50520 1.70271551 0.69657553  45.96135 356.89050 357.70014 19961029.99940 JPL 9
127P/Holt-Olmstead                    52990 2.15913495 0.36948481  14.39652   6.50035  14.00801 20030612.46859 JPL 8
128P-A/Shoemaker-Holt 1               50440 3.04727913 0.32104005   4.36157 210.19222 214.52920 19971120.20418 JPL 10
128P-B/Shoemaker-Holt 1               51320 3.04769915 0.32189408   4.36149 210.33548 214.50745 19971120.80676 JPL 17
129P/Shoemaker-Levy 3                 53360 2.80700002 0.24941929   5.01185 181.65465 303.63308 20050604.61271 JPL K052/5
130P/McNaught-Hughes                  53360 2.10424203 0.40591321   7.30694 224.11825  89.88565 20041023.27804 JPL 29
131P/Mueller 2                        53360 2.42406482 0.34222181   7.34921 179.84684 214.22893 20041217.57126 JPL 26
132P/Helin-Roman-Alu 2                50960 1.91008301 0.53171295   5.77569 220.97320 178.47785 19971110.12241 JPL 15
134P/Kowal-Vavrova                    51400 2.57526168 0.58684094   4.34545  18.69080 202.28914 19981118.78316 JPL 12
135P/Shoemaker-Levy 8                 51360 2.72110392 0.28956774   6.05011  22.60841 213.31757 19991210.59430 JPL 11
136P/Mueller 3                        51560 3.00826539 0.28820561   9.40619 225.12721 137.80113 19990318.22784 JPL 16
137P/Shoemaker-Levy 2                 52000 1.86737635 0.57951640   4.65785 141.91615 234.75276 20000205.59953 JPL 11
138P/Shoemaker-Levy 7                 51240 1.69731061 0.53109225  10.08854  95.53605 309.51772 19980824.58765 JPL 7
139P/Vaisala-Oterma                   51280 3.38165264 0.24806512   2.33291 165.58795 242.46753 19980929.02046 JPL 20
140P/Bowell-Skiff                     51320 1.97187717 0.69176166   3.83583 173.08677 343.45646 19990514.81193 JPL 25
141P-A/Machholz 2                     51600 0.74893364 0.75105116  12.81067 149.30187 246.13562 19991209.27332 JPL 72
141P-D/Machholz 2                     51520 0.74900569 0.75106241  12.81184 149.29181 246.13363 19991209.95528 JPL 11
142P/Ge-Wang                          51480 2.49663072 0.50070951  12.17188 177.35971 177.13828 19990621.36782 JPL 9
143P/Kowal-Mrkos                      53320 2.53947146 0.41037417   4.68655 320.58522 245.41206 20000703.27636 JPL 21
144P/Kushida                          51760 1.43112836 0.62882352   4.11878 216.04937 245.62509 20010627.75320 JPL 3
145P/Shoemaker-Levy 5                 51960 1.98824268 0.52942391  11.76767   6.20663  29.67674 20000816.99990 JPL 13
146P/Shoemaker-LINEAR                 51960 1.31895176 0.66681152  21.61536 317.74639  55.35528 20000714.28581 JPL 15
147P/Kushida-Muramatsu                52360 2.75135325 0.27659804   2.36782 347.26837  93.74163 20010428.47670 JPL 7
148P/Anderson-LINEAR                  51960 1.69359477 0.53955615   3.68230   6.72999  89.80217 20010501.97487 JPL 12
149P/Mueller 4                        52120 2.64669813 0.38874612  29.74807  43.61475 145.36474 20010207.87030 JPL 7
150P/LONEOS                           52080 1.76173272 0.54662122  18.51996 245.50353 272.55213 20010323.33163 JPL 18
151P/Helin                            52200 2.53086969 0.56554383   4.71711 215.43097 143.53821 20010923.75607 JPL 16
152P/Helin-Lawrence                   51251 3.10534608 0.30720289   9.87578 163.98711  92.02333 20021223.99307 JPL 25
153P/Ikeya-Zhang                      52560 0.50714132 0.99009752  28.11988  34.67317  93.37027 20020318.98078 JPL 73
154P/Brewington                       52760 1.59036215 0.67164300  18.05971  48.00747 343.64353 20030219.37086 JPL 20
155P/Shoemaker 3                      52800 1.81334212 0.72667267   6.38589  14.91091  97.26450 20021214.82944 JPL 31
156P/Russell-LINEAR                   51960 1.59666561 0.55700385  20.74789 357.71954  39.04243 20000817.57450 JPL 12
157P/Tritton                          53120 1.42118350 0.58993084   7.11624 147.41019 300.72151 20030924.27991 JPL 17
158P/Kowal-LINEAR                     53080 4.59491018 0.02809054   7.90339 235.20497 137.31161 20020721.85796 JPL 6
159P/LONEOS                           52956 3.65083850 0.38080817  23.42047   4.98892  55.16134 20040303.01297 JPL 13
160P/LINEAR                           53170 2.08270826 0.47690425  17.25654  18.00642 337.06183 20041013.05326 JPL 12
161P/Hartley-IRAS                     53360 1.27505932 0.83511497  95.69755  47.08055   1.39936 20050620.84446 JPL 22
162P/Siding Spring                    53272 1.22763459 0.59729560  27.84460 356.36205  31.25287 20041110.28319 JPL 28
163P/NEAT                             53184 1.91988274 0.47600612  12.46421 347.17031 103.74979 20050131.28697 JPL 13
   P/Catalina (1999 V1)               51535 2.94429888 0.55058205  15.58671 186.69791 294.31115 19991025.07349 JPL 32
   P/Catalina (1999 XN120)            51558 3.28627989 0.21387452   5.02844 161.78628 285.46914 20000501.39397 JPL 26
   P/Catalina-LINEAR (2004 EW38)      53096 1.79325364 0.50028276   6.52368  90.22341  49.89498 20031119.86141 JPL 6
   P/Christensen (2003 K2)            52792 0.54948333 0.82921916  10.14063 345.57952  93.89492 20030407.85849 JPL 9
   P/Christensen (2004 Y1)            53133 1.64574787 0.54643604  16.24187 325.45251  88.68975 20040621.89397 JPL 3
   P/Gehrels (1997 C1)                50880 3.56323318 0.46925701   2.86829 211.31756 225.87566 19960129.01381 JPL 23
   P/Hergenrother (1998 W2)           51320 1.42018171 0.60824022  21.92916  13.88122 356.50214 19981205.93119 JPL 24
   P/Hergenrother (2000 C1)           51611 2.09554573 0.40640735   6.10538  51.16295 127.04468 20000319.85852 JPL 15
   P/Hermann (1999 D1)                51320 1.65460261 0.71277929  21.52166 173.09837 349.37501 19990218.02814 JPL 10
   P/Hug-Bell (1999 X1)               51600 1.93684188 0.47251535  10.96980 296.91329 103.64769 19990620.80558 JPL 8
   P/Jager (1998 U3)                  51320 2.13389554 0.64828495  19.14077 180.89729 303.54228 19990310.07566 JPL 30
   P/Jedicke (1995 A1)                50120 4.07916417 0.30763353  19.88524 295.71767 116.00990 19930815.88050 JPL 3
   P/Jedicke (1996 A1)                51000 4.04953916 0.43593771   6.62395 223.93416 249.17407 19950814.53928 JPL 13
   P/Kobayashi (1997 B1)              50600 2.05453939 0.76069686  12.34957 183.33755 329.06421 19970302.34088 JPL 11
   P/Korlevic (1999 WJ7)              51792 3.16750447 0.31609732   2.97992 154.55356 290.53059 20000215.88732 JPL 39
   P/Korlevic-Juric (1999 DN3)        51295 3.90833840 0.13516762  18.71950 161.30187   5.95448 19980930.82226 JPL 10
   P/LINEAR (1998 VS24)               51200 3.40544633 0.24378766   5.03103 244.60998 159.19876 19981103.34129 JPL 9
   P/LINEAR (1999 J5)                 51344 3.71293732 0.16952501  13.71793 132.21298 112.01336 19990512.31806 JPL 12
   P/LINEAR (1999 U3)                 51640 1.84633508 0.61898617  20.39570 111.31558 306.97590 19991118.45771 JPL 17
   P/LINEAR (1999 XB69)               51680 1.63927617 0.63200406  11.33638 220.18488 256.16596 20000217.04473 JPL 9
   P/LINEAR (2000 B3)                 51611 1.70024666 0.57520546  11.12616 130.50623 352.14772 20000214.15953 JPL 41
   P/LINEAR (2000 G1)                 51760 1.00284747 0.67207283  10.37686 343.29290 191.02297 20000309.80631 JPL 20
   P/LINEAR (2000 R2)                 51880 1.38999168 0.58371147   3.21627 147.06969 187.49934 20000912.66629 JPL 8
   P/LINEAR (2001 CV8)                52080 2.15207061 0.44515291   9.04208 151.45542 359.95362 20010212.35819 JPL 21
   P/LINEAR (2001 MD7)                52203 1.25428122 0.68410582  13.52393 244.84669 129.16878 20011130.13207 JPL 43
   P/LINEAR (2001 YX127)              52681 3.42613863 0.17959424   7.90565 115.93109  31.15327 20030307.46583 JPL 18
   P/LINEAR (2002 AR2)                52374 2.06444083 0.61582861  21.10924  73.67720   7.83622 20020116.52211 JPL 2
   P/LINEAR (2002 CW134)              52355 1.83954815 0.48939073  15.22625 190.11105 348.31684 20020228.94434 JPL 10
   P/LINEAR (2002 EJ57)               52410 2.63561895 0.59380709   4.96953 166.90577 330.38382 20011219.16677 JPL 4
   P/LINEAR (2002 JN16)               52432 1.79058175 0.48610488  11.41278  39.62876 230.07751 20020727.59860 JPL 28
   P/LINEAR (2002 LZ11)               52862 2.37044670 0.35160372  11.51979 107.96444 231.13989 20030315.62010 JPL 13
   P/LINEAR (2002 T1)                 52566 1.19198341 0.66374926  20.71015   1.31255  15.50372 20021008.08623 JPL 25
   P/LINEAR (2002 T5)                 52911 3.93412289 0.43700072  30.90389 326.77598 123.33206 20030627.97519 JPL 44
   P/LINEAR (2003 A1)                 52671 1.91580814 0.48101412  46.26197 357.07664  55.19253 20030201.23797 JPL 11
   P/LINEAR (2003 H4)                 52785 1.70310892 0.48999642  18.14809  10.44777 226.79346 20030514.30522 JPL 10
   P/LINEAR (2003 HT15)               52758 2.67149711 0.41988311  27.67021 124.04561  81.47277 20030417.70602 JPL 11
   P/LINEAR (2003 KV2)                52795 1.06301373 0.62925331  25.53910 188.74152  66.40964 20030710.84818 JPL 18
   P/LINEAR (2003 O2)                 52892 1.50544412 0.64603572  14.69110  32.72085 344.71091 20030905.80924 JPL 23
   P/LINEAR (2003 O3)                 52881 1.24638036 0.59854526   8.36448   0.76328 341.50079 20030814.06399 JPL 17
   P/LINEAR (2003 U2)                 52941 1.71048602 0.62136752  24.49144 177.32079 186.45718 20031204.87786 JPL 7
   P/LINEAR (2003 UY275)              52974 1.83154571 0.50879754  16.33026 119.37709 245.75129 20030702.08194 JPL 6
   P/LINEAR (2004 CB)                 53068 0.91218143 0.68939195  19.14693 149.65524  66.48766 20040402.16318 JPL 26
   P/LINEAR (2004 HC18)               53176 1.71150071 0.50956539  23.50713  30.84057 219.56096 20040618.67830 JPL 19
   P/LINEAR (2004 WR9)                53348 1.91762742 0.68406346   5.05022  70.64408  25.45878 20050111.54059 JPL 5
   P/LINEAR (2004 X1)                 53353 0.78268842 0.72851234   5.14550 345.54786   7.07985 20041101.97995 JPL 6
   P/LINEAR-Catalina (2003 WC7)       53048 1.65488448 0.68092123  21.21993 341.05808  89.88811 20040205.74685 JPL 6
   P/LINEAR-Hill (2004 V5-A)          53321 4.41095212 0.44524764  19.35840  87.66836  47.86219 20050228.59583 JPL 13
   P/LINEAR-Hill (2004 V5-B)          53342 4.41103220 0.44538479  19.35907  87.68316  47.86918 20050228.99388 JPL 7
   P/LINEAR-Mueller (1998 S1)         52000 2.55159824 0.41556462  10.55588  26.41489 359.19263 19981102.51096 JPL 25
   P/LINEAR-NEAT (2001 BB50)          52009 2.34683882 0.58694573  10.61722 189.34314 355.81579 20010130.42364 JPL 29
   P/LINEAR-NEAT (2001 Q5)            52280 2.04320756 0.41668292  10.94481   6.41468 336.26419 20010611.65906 JPL 17
   P/LINEAR-NEAT (2001 TU80)          52400 1.93246358 0.47182982   6.58723 355.12284 109.10274 20011209.96726 JPL 14
   P/LINEAR-NEAT (2003 CP7)           52730 3.01691025 0.24875430  12.33935  42.62510 133.12593 20030429.37183 JPL 10
   P/LINEAR-NEAT (2003 XD10)          52993 1.88081732 0.43667953  14.72716   9.14286  43.55522 20030916.84618 JPL 5
   P/LINEAR-NEAT (2004 R3)            53276 2.14148895 0.44192469   7.97310   5.28101 318.81081 20040524.45937 JPL 9
   P/LINEAR-NEAT (2004 T1)            53303 1.70958332 0.50765764  11.03808 336.52359  51.45986 20041107.76966 JPL 13
   P/LINEAR-Skiff (2001 R6)           52280 2.11508074 0.48596327  17.34459 306.19172  70.32342 20011027.09403 JPL 16
   P/LINEAR-Spacewatch (2000 S4)      51880 2.26542508 0.68187268  28.32612 172.32247 174.64482 20001019.09421 JPL 7
   P/LONEOS (1999 RO28)               51520 1.23176003 0.65082116   8.19079 219.86469 148.44423 19991002.34302 JPL 12
   P/LONEOS (2001 R1)                 52280 1.36043865 0.60859864   7.04158  24.75582  35.48588 20020217.59380 JPL 23
   P/LONEOS (2001 WF2)                52270 0.97634773 0.66669330  16.92424  51.35012  75.13685 20020129.84970 JPL 40
   P/LONEOS (2004 A1)                 53062 5.46277274 0.30707187  10.58168  20.42307 125.25236 20040825.25240 JPL 19
   P/LONEOS (2004 VR8)                53341 2.37573945 0.51015909  20.12053  63.09696  71.21323 20050902.49904 JPL 5
   P/LONEOS-Tucker (1998 QP54)        51240 1.88183574 0.55167462  17.74273  30.09087 341.92538 19981006.36946 JPL 20
   P/Lagerkvist (1996 R2)             50364 2.60962243 0.30999203   2.60532 334.04513  40.24084 19970119.20014 JPL 16
   P/Lagerkvist-Carsenty (1997 T3)    51240 4.24084030 0.36531970   4.83519 334.27740  63.19843 19980311.78089 JPL 21
   P/Larsen (1997 V1)                 50880 3.29336458 0.33199024  12.09081 132.86593 234.83795 19970915.11225 JPL 11
   P/Larsen (2004 H2)                 53137 2.61727674 0.41876191  11.78673 104.56631 131.55199 20040510.98225 JPL 8
   P/Larsen (2004 H3)                 53130 2.43725731 0.37409348  25.15601 346.49688 220.97363 20040312.94750 JPL 6
   P/Li (1998 Y2)                     51196 2.51881417 0.58848341  24.32405 318.98178  91.83139 19981217.80729 JPL 13
   P/Lovas 2 (1986 W1)                46880 1.45675931 0.59160244   1.52804  71.23238 283.77462 19860902.10040 JPL 4
   P/McNaught (2004 K2)               53239 1.55445613 0.50130153   8.12285 180.77270 150.12398 20040616.81392 JPL 16
   P/McNaught (2004 R1)               53263 0.98848345 0.68229269   4.89054   0.60310 296.00592 20040830.21000 JPL 7
   P/McNaught-Hartley (1994 N2)       50120 2.48456209 0.67170676  17.64563 312.20086  36.00781 19941208.22969 JPL 3
   P/McNaught-Russell (1994 X1)       49840 1.27673367 0.81564123  29.07411 171.13919 218.00723 19940907.93644 JPL 4
   P/Montani (1997 G1)                51000 4.21345055 0.41674960   3.98897 213.45412 267.84883 19970406.33389 JPL 18
   P/Mueller (1998 U2)                51240 2.02528042 0.52134700   2.19322  49.53145 336.21993 19981020.73492 JPL 13
   P/Mueller 5 (1993 W1)              49382 4.24989093 0.26094745  16.46378  29.99565 100.66078 19940911.92040 JPL 20
   P/NEAT (2001 F1)                   52055 4.15328179 0.35601300  19.08743  80.80617  92.83185 20001122.57566 JPL 25
   P/NEAT (2001 H5)                   52120 2.39662471 0.60025212   8.39927 224.88071 329.56000 20010128.70296 JPL 9
   P/NEAT (2001 J1)                   52036 0.93707164 0.75831457  10.15920 271.02522 200.79616 20010314.10595 JPL 40
   P/NEAT (2001 K1)                   52120 2.47051758 0.35759935  16.91282  94.65525  84.83717 20001106.93085 JPL 17
   P/NEAT (2001 Q6)                   52207 1.40817854 0.82386047  56.85527  43.32926  22.13591 20011109.46604 JPL 41
   P/NEAT (2001 T3)                   52230 2.50574479 0.61485808  19.19863 356.23302  56.53873 20020201.09384 JPL 18
   P/NEAT (2002 O5)                   52497 1.17424927 0.59746762  20.39996  15.30683 282.20894 20020803.10213 JPL 27
   P/NEAT (2002 O8)                   52554 3.22933722 0.19927125  12.78517 222.25784  75.49859 20020508.47574 JPL 11
   P/NEAT (2002 X2)                   52682 2.52873491 0.37328737  25.35449 356.03624  78.15434 20030329.60384 JPL 11
   P/NEAT (2003 F2)                   52735 2.97715132 0.54226675  11.60389 191.61321 359.02854 20030414.86777 JPL 4
   P/NEAT (2003 QX29)                 52879 4.23939095 0.47167951  11.39605  37.27465 264.57850 20021026.58131 JPL 8
   P/NEAT (2003 S1)                   52940 2.59567876 0.43052400   5.94457 175.80611 241.07109 20040327.59424 JPL 17
   P/NEAT (2003 S2)                   52944 2.45754901 0.35882488   7.63747 284.22918  87.77411 20030907.31546 JPL 17
   P/NEAT (2003 U3)                   52948 2.49578524 0.50881372   7.04679 356.24713 348.36942 20030423.05114 JPL 10
   P/NEAT (2004 F1)                   53082 2.45047679 0.45169456  18.26771  26.33881 111.89533 20031019.64279 JPL 5
   P/NEAT (2004 F3)                   53133 2.86442450 0.28689514  15.98520 176.05087  78.83988 20050104.00408 JPL 17
   P/NEAT-LINEAR (2002 T6)            52848 3.38709685 0.55734706  11.00930 217.57590 209.04613 20030627.03165 JPL 34
   P/NEAT-LONEOS (2003 SQ215)         52990 2.30427200 0.58163577   5.54592 137.30257 257.63790 20040324.21680 JPL 9
   P/ODAS (1998 X1)                   51320 1.97469425 0.44814371   1.35198  68.82717 358.84388 19980721.01721 JPL 20
   P/Petriew (2001 Q2)                52360 0.94550994 0.69624339  13.94486 181.89546 214.09787 20010901.91637 JPL 28
   P/Scotti (2000 Y3)                 52127 4.04697965 0.19701914   2.24952  88.57632 354.98367 20001030.92298 JPL 40
   P/Scotti (2001 X2)                 52282 2.52374069 0.33181237   2.18425 255.89703 194.63808 20011014.57390 JPL 35
   P/Scotti (2003 L1)                 52754 5.00971686 0.25205193   9.02398 355.20085 226.03864 20030307.76000 JPL 3
   P/Shoemaker 4 (1994 J3)            49640 2.94433249 0.50555851  24.80423 192.13082  92.94265 19941014.59845 JPL 2
   P/Shoemaker-Levy 1 (1990 V1)       48280 1.52405843 0.77177519  24.33167 310.62445  52.04477 19900918.59396 JPL 3
   P/Shoemaker-Levy 6 (1991 V1)       48640 1.13237182 0.70560145  16.85440 333.13154  37.93282 19911013.86094 JPL 10
   P/Siding Spring (2004 V3)          53318 3.93854984 0.44700736  50.45111 322.45990 356.09361 20041111.97483 JPL 4
   P/Skiff (2000 S1)                  51833 2.51391716 0.61845258  21.00761 308.45324  29.13834 20000714.70460 JPL 22
   P/Skiff (2002 S1)                  52562 2.30557346 0.42923065  27.68754  35.45109 347.37971 20020325.28025 JPL 18
   P/Skiff (2004 V1)                  53331 1.41834175 0.69364823  11.46598 144.76459 242.24321 20041208.86921 JPL 9
   P/Spacewatch-LINEAR (2004 DO29)    53076 4.09513906 0.45094412  14.54727  41.87920 147.87212 20041011.96421 JPL 6
   P/Spahr (1998 U4)                  51239 3.84334602 0.31001983  31.51909 251.74981 181.71686 19990226.51080 JPL 24
   P/Spahr (1998 W1)                  51180 1.72577256 0.51007965  21.96185 346.67687 101.97326 19990117.95128 JPL 18
   P/Tichy (2000 U6)                  51960 2.15474105 0.43151015  19.36530  11.83964  24.42341 20001004.54823 JPL 18
   P/Van Ness (2002 Q1)               52520 1.52139526 0.56970481  36.36879 184.75216 174.10366 20020715.99145 JPL 5
   P/Yeung (2002 BV)                  52353 2.24446052 0.36114609  11.51511 178.77088  40.14109 20020311.05871 JPL 8
   C/ASAS (2004 R2)                   53276 0.11283422 1.00000000  63.17393   5.35354 182.46391 20041007.89735 JPL 9
   C/BATTERS (2001 W2)                52248 1.05106559 0.94137761 115.91307 142.08585 113.35591 20011223.91835 JPL 19
   C/Bradfield (2004 F4)              53157 0.16826581 0.99929406  63.16464 332.78604 222.77820 20040417.08996 JPL 29
   C/Bradfield 1 (1984 A1)            45880 1.35749572 0.95232793  51.80206 219.16649 356.85512 19831227.79336 JPL 2
   C/Brewington (1996 N1)             50412 0.92583047 1.00052065  52.14809  43.96972 234.89989 19960803.42249 JPL 12
   C/Catalina (1999 F1)               51984 5.78705069 0.99919191  92.03759 255.15578  20.02545 20020213.62186 JPL 38
   C/Catalina (2004 K1)               53202 3.39927513 0.99810676 153.74690  97.73956 326.92176 20050705.05037 JPL 18
   C/Catalina-LINEAR (2004 DZ61)      53087 2.01333091 0.95602498  66.80930  44.46208 172.79184 20040526.85783 JPL 25
   C/Catalina-Skiff (1999 U4)         52286 4.91536192 1.00756010  51.92603  77.52483  32.28639 20011028.54433 JPL 60
   C/Dalcanton (1999 F2)              51450 4.71807112 0.99820581  56.42738 352.35241 210.29773 19980823.68837 JPL 16
   C/Dubiago (1921 H1)                22800 1.11498000 0.92908800  22.32650  97.44880  67.20650 19210505.34680 IAUCAT03
   C/Evans-Drinkwater (1996 J1-A)     50840 1.29770582 1.00102833  22.51637  14.80108 278.16944 19961230.37632 JPL 26
   C/Evans-Drinkwater (1996 J1-B)     51200 1.29908441 1.00059351  22.51139  14.85047 278.17915 19961230.21268 JPL 19
   C/Ferris (1999 K2)                 51353 5.29022268 0.96576901  82.19056   4.56892 300.31801 19990410.52278 JPL 17
   C/Ferris (1999 U1)                 51600 4.14111953 1.00326554 105.77436 291.15847  58.25442 19980903.41523 JPL 25
   C/Ferris (2000 J1)                 51720 2.54263304 0.95465869  98.79548 147.22181  28.43916 20000511.30882 JPL 14
   C/Gleason (2003 A2)                52717 11.42744364 1.00694931   8.06134 346.59690 154.54465 20031103.88064 JPL 13
   C/Hale-Bopp (1995 O1)              50448 0.91414278 0.99509512  89.43032 130.58854 282.47102 19970401.13661 JPL 209
   C/Hergenrother-Spahr (1996 R1)     50353 1.89920035 0.98560117 145.81446 139.45686 149.74499 19960828.73966 JPL 10
   C/Hoenig (2002 O4)                 52499 0.77620265 1.00083594  73.12653 105.93759 321.04046 20021001.98243 JPL 32
   C/Hyakutake (1996 B2)              50400 0.23020430 0.99990196 124.92271 130.17293 188.05770 19960501.39253 JPL 68
   C/IRAS-Araki-Alcock (1983 H1)      45640 0.99137869 0.98975531  73.24911 192.85233  49.10326 19830521.25328 JPL 8
   C/Juels-Holvorcem (2002 Y1)        52682 0.71380991 0.99715164 103.78165 128.81563 166.22019 20030413.24810 JPL 23
   C/Koehn (2000 O1)                  51684 5.92178998 0.99996654 148.10429  55.16582  88.88313 20000127.74610 JPL 26
   C/Kudo-Fujikawa (2002 X5)          52659 0.18993320 0.99983837  94.15235 187.58470 119.06506 20030129.00228 JPL 30
   C/LINEAR (1998 G1)                 51000 2.13332174 0.82361472 109.71414 236.32507 341.38402 19981116.63006 JPL 15
   C/LINEAR (1998 K2)                 51640 2.32606900 0.99883832  64.47970 221.48297  68.75392 19980901.11820 JPL 34
   C/LINEAR (1998 K3)                 51040 3.54634685 0.99806568 160.20579  47.83366 307.94922 19980307.21216 JPL 14
   C/LINEAR (1998 K5)                 51020 0.96354696 0.98669298   9.92714  99.46028 211.11769 19980717.44622 JPL 29
   C/LINEAR (1998 M1)                 51520 3.11922030 0.99261044  20.38427  19.45424 256.05847 19981028.22694 JPL 23
   C/LINEAR (1998 M2)                 51044 2.72533444 0.99776013  60.18235  37.24309 260.88021 19980813.17265 JPL 17
   C/LINEAR (1998 M4)                 51080 2.60029740 0.99762626 154.57228 106.29731  92.92186 19971210.15060 JPL 7
   C/LINEAR (1998 M5)                 51134 1.74229295 0.99602603  82.22890 101.28254 333.37677 19990124.56830 JPL 42
   C/LINEAR (1998 Q1)                 51160 1.57764747 0.99572671  32.30269 134.72458 159.78224 19980629.50793 JPL 17
   C/LINEAR (1998 T1)                 51308 1.46772630 0.99910888 170.15992 226.35153 153.35749 19990625.24916 JPL 76
   C/LINEAR (1998 U1)                 51200 3.97567479 1.00050108 156.42933 124.65674 210.45651 19980502.56657 JPL 14
   C/LINEAR (1998 U5)                 51146 1.23645277 0.98798026 131.76471  51.13424  66.65059 19981221.75996 JPL 39
   C/LINEAR (1998 W3)                 51640 4.91564062 1.00007271 129.18145   6.90381 123.91141 19981006.75823 JPL 26
   C/LINEAR (1998 Y1)                 51320 1.74706224 0.92400197  28.10712 339.85130  98.85690 19981121.59308 JPL 11
   C/LINEAR (1999 G1)                 51320 4.03990727 0.84563054  76.31914 135.98948  23.48364 19980731.82831 JPL 3
   C/LINEAR (1999 H3)                 51581 3.50083558 1.00296362 115.83733 101.91045 332.72937 19990818.21992 JPL 55
   C/LINEAR (1999 J3)                 51423 0.97680744 0.99939569 101.65608 161.98104 228.97899 19990920.16717 JPL 40
   C/LINEAR (1999 J4)                 51360 3.78194459 1.00133434 118.91589  95.10633 264.49780 19991117.28656 JPL 6
   C/LINEAR (1999 K3)                 51400 1.92878841 0.99172192  92.27492 341.14958 266.91416 19990227.53183 JPL 17
   C/LINEAR (1999 K4)                 51360 1.44480119 0.94993942 120.99251   8.80026 241.54300 19990516.39538 JPL 6
   C/LINEAR (1999 K5)                 51614 3.25539538 1.00176528  89.47114 241.48529 106.37968 20000704.38463 JPL 29
   C/LINEAR (1999 K6)                 51560 2.24711210 0.99352856  46.34448  56.77471 245.37033 19990724.69624 JPL 20
   C/LINEAR (1999 K7)                 51400 2.32277551 0.99663845 135.15956 104.66380  50.33012 19990224.79033 JPL 5
   C/LINEAR (1999 K8)                 51586 4.20057316 1.00054382  52.73514 164.61686 195.39360 20000424.27354 JPL 43
   C/LINEAR (1999 L2)                 51400 1.90475104 0.99513152  43.94214 178.71866  94.28979 19990804.89046 JPL 13
   C/LINEAR (1999 L3)                 51534 1.98891718 0.97436468 166.09929 353.29781 140.16131 20000104.90823 JPL 23
   C/LINEAR (1999 N4)                 52400 5.50289984 1.00335187 156.91374  90.38325 345.93437 20000522.94740 JPL 38
   C/LINEAR (1999 S3)                 51640 1.89498722 0.89979987  70.56043  44.13146  11.87782 19991109.01927 JPL 32
   C/LINEAR (1999 S4)                 51749 0.76514344 0.99947987 149.39055 151.05663  83.19093 20000726.17774 JPL 87
   C/LINEAR (1999 T2)                 51826 3.03740449 1.00201147 111.00204 104.66792  14.87881 20001124.46638 JPL 23
   C/LINEAR (1999 T3)                 51580 5.36859339 1.00323502 104.75730 211.08555 223.51515 20000830.26840 JPL 40
   C/LINEAR (1999 XS87)               51640 2.77190350 0.84045403  14.84659 151.35556 266.72959 19990806.59966 JPL 11
   C/LINEAR (1999 Y1)                 51800 3.09138738 1.00087554 134.79627 184.26419 188.87663 20010324.04689 JPL 53
   C/LINEAR (2000 B2)                 51640 3.77624338 0.99937325  93.64865 154.60264 284.99112 19991110.10158 JPL 13
   C/LINEAR (2000 B4)                 51864 6.82970544 0.62111252  15.90817 126.16288   0.63142 20000615.06278 JPL 37
   C/LINEAR (2000 CT54)               52233 3.15608874 0.99853881  49.20834 272.64902  18.96061 20010619.48440 JPL 55
   C/LINEAR (2000 D2)                 51640 2.29760641 0.86703022 156.99195 117.68461 235.88718 20000308.61897 JPL 10
   C/LINEAR (2000 G2)                 51680 2.71704795 0.81008902 170.47909 101.76734 328.38354 20000206.23396 JPL 8
   C/LINEAR (2000 H1)                 51760 3.63772715 1.00229327 118.23712  78.84045 356.44002 20000129.12546 JPL 19
   C/LINEAR (2000 K1)                 51782 6.27584671 1.00230855 116.78910  15.79170 260.19810 19991214.52092 JPL 40
   C/LINEAR (2000 K2)                 51912 2.43707150 0.99539533  25.63352 106.82675 195.26136 20001011.37064 JPL 40
   C/LINEAR (2000 SV74)               52518 3.54176768 1.00487325  75.23704  76.23308  24.18564 20020430.50499 JPL 100
   C/LINEAR (2000 U5)                 51893 3.48613906 1.00521463  93.65297 299.01900  65.29455 20000313.56379 JPL 54
   C/LINEAR (2000 WM1)                52282 0.55534698 1.00025408  72.55026 276.77162 237.89579 20020122.67335 JPL 117
   C/LINEAR (2001 A1)                 51943 2.40645736 0.99096618  59.94127 107.88909 339.59426 20000917.61994 JPL 36
   C/LINEAR (2001 A2-A)               52049 0.77905450 0.99969214  36.48661 295.32273 295.12772 20010524.52366 JPL 2
   C/LINEAR (2001 A2-B)               52248 0.77889395 0.99924030  36.47703 295.31671 295.12590 20010524.51746 JPL 59
   C/LINEAR (2001 B1)                 52280 2.92857371 1.00089525 104.09783 284.84466  49.84150 20000919.34610 JPL 21
   C/LINEAR (2001 C1)                 52005 5.10432654 0.99987600  68.96480 219.95001  33.71637 20020328.41516 JPL 49
   C/LINEAR (2001 K5)                 52673 5.18424168 0.99954466  72.59034  47.05425 237.45760 20021011.74024 JPL 116
   C/LINEAR (2001 N2)                 52358 2.66851964 1.00106278 138.54347 151.89576  52.80381 20020819.66367 JPL 46
   C/LINEAR (2001 RX14)               52633 2.05756377 1.00160547  30.57414 121.48545  14.17028 20030118.70326 JPL 61
   C/LINEAR (2001 U6)                 52358 4.40642394 0.99617597 107.25547  85.71510 115.23053 20020808.65942 JPL 42
   C/LINEAR (2001 W1)                 52284 2.39947530 0.99998937 118.65291   6.15797  91.94069 20011224.88927 JPL 28
   C/LINEAR (2001 X1)                 52280 1.69794862 0.99714093 115.62715 202.20144 336.07098 20020108.09232 JPL 42
   C/LINEAR (2002 A1)                 52480 4.71031997 0.72372469  14.04075  18.91051  81.73752 20011126.90722 JPL 28
   C/LINEAR (2002 A2)                 52410 4.70663039 0.72493255  14.03974  19.26015  81.88013 20011205.19621 JPL 14
   C/LINEAR (2002 A3)                 52840 5.15917410 0.97682025  48.59639 329.59434 136.46130 20020421.79353 JPL 27
   C/LINEAR (2002 B1)                 52313 2.27113145 0.77100928  51.02136  76.15813  58.18546 20020420.00465 JPL 26
   C/LINEAR (2002 B2)                 52400 3.84224697 0.99761551 152.87257 257.07754  54.31862 20020406.85986 JPL 6
   C/LINEAR (2002 B3)                 52315 6.05618202 1.00548946  73.69109 123.12628 289.36385 20020116.55718 JPL 24
   C/LINEAR (2002 C2)                 52412 3.25374843 0.99963431 104.88161 159.93395 242.95594 20020410.81633 JPL 17
   C/LINEAR (2002 CE10)               52826 2.04675983 0.79149735 145.45867 126.18823 147.44391 20030622.09910 JPL 23
   C/LINEAR (2002 H2)                 52415 1.63483823 0.99407162 110.50109  20.41941 269.00206 20020323.40865 JPL 17
   C/LINEAR (2002 J5)                 52868 5.72680031 1.00131517 117.22835  74.83161 314.11061 20030919.29305 JPL 51
   C/LINEAR (2002 K2)                 52452 5.23505977 0.99317338 130.89553  26.66422 294.55668 20020105.82842 JPL 11
   C/LINEAR (2002 O7)                 52741 0.90332627 1.00027819  98.74345 252.06827  12.80353 20030922.57158 JPL 36
   C/LINEAR (2002 Q2)                 52520 1.30306225 0.97816746  96.76694 125.47531 154.28328 20020817.78808 JPL 7
   C/LINEAR (2002 Q3-A)               52535 1.30939652 1.02278713  97.02744 126.02223 154.01134 20020819.55196 JPL 13
   C/LINEAR (2002 Q5)                 52569 1.24296646 1.00157437 149.16419 133.30645  33.74708 20021119.20039 JPL 21
   C/LINEAR (2002 T7)                 52877 0.61452234 1.00045961 160.58225 157.74111  94.85593 20040423.06565 JPL 111
   C/LINEAR (2002 U2)                 52639 1.20863272 1.00004647  59.13574  95.84690  38.77667 20021231.98553 JPL 35
   C/LINEAR (2002 V2)                 52846 6.81205027 0.99863288 166.77614 314.67828  20.23467 20030513.66820 JPL 28
   C/LINEAR (2002 VQ94)               52809 6.79912642 0.96884785  70.49994  99.96114  34.99277 20060205.45754 JPL 23
   C/LINEAR (2002 X1)                 52741 2.48670122 0.99822124 164.08957 207.32455 281.88697 20030712.88660 JPL 42
   C/LINEAR (2003 F1)                 52787 4.00782078 0.80604776  70.22162 121.18695  87.48755 20030628.45325 JPL 28
   C/LINEAR (2003 G1)                 52870 4.91628807 1.00138276  66.84952  11.42244 246.08896 20030203.65443 JPL 50
   C/LINEAR (2003 G2)                 52762 1.55274634 0.99132076  96.11562 190.70693  24.56779 20030429.98335 JPL 3
   C/LINEAR (2003 H1)                 52865 2.23964340 0.99916552 138.66725 196.13861  19.00029 20040222.62208 JPL 39
   C/LINEAR (2003 H2)                 52782 2.17852239 0.94292949  74.21781 155.08231  79.83799 20030517.96935 JPL 12
   C/LINEAR (2003 K4)                 53360 1.02361818 1.00023016 134.25281 198.43803  18.67541 20041013.71489 JPL 67
   C/LINEAR (2003 L2)                 52899 2.86479620 0.98145643  82.05108 119.84138 273.55929 20040119.19213 JPL 29
   C/LINEAR (2003 O1)                 53000 6.84735496 1.00181842 117.98133  81.67274 347.64235 20040317.20589 JPL 35
   C/LINEAR (2003 R1)                 52924 2.10187430 0.89329498 149.19562 302.68944 356.68916 20030629.61508 JPL 11
   C/LINEAR (2003 S3)                 52900 8.12951779 1.00172988 151.49726 154.56843 226.38901 20030410.50206 JPL 9
   C/LINEAR (2003 S4-A)               53296 3.85893506 0.90181603  40.60734 154.44564 224.55066 20040526.58899 JPL 4
   C/LINEAR (2003 S4-B)               53296 3.85885813 0.90181915  40.60711 154.44737 224.55126 20040526.59660 JPL 4
   C/LINEAR (2003 T2)                 52972 1.78636257 0.99977137  87.53194 152.23332 238.53249 20031114.02812 JPL 16
   C/LINEAR (2003 T4)                 53139 0.84975787 1.00048040  86.75955 181.67870  93.90018 20050403.66039 JPL 52
   C/LINEAR (2003 U1)                 52947 1.79571174 0.92154523 164.47460 278.38358 322.76296 20031103.39773 JPL 11
   C/LINEAR (2003 V1)                 53016 1.78307129 0.99712588  28.67515   8.63143  25.83356 20030311.19692 JPL 26
   C/LINEAR (2003 W1)                 52978 1.65242417 0.93435694  78.07604 113.28868 256.74256 20031109.46298 JPL 9
   C/LINEAR (2003 WT42)               53140 5.19239142 1.00359538  31.41071  92.41157  48.45726 20060410.30232 JPL 32
   C/LINEAR (2004 B1)                 53229 1.60185608 1.00117588 114.08550 327.90089 272.78901 20060207.93160 JPL 13
   C/LINEAR (2004 F2)                 53124 1.43044055 0.99056738 104.96007 317.14343 248.27358 20031226.64601 JPL 11
   C/LINEAR (2004 G1)                 53110 1.20055530 0.99515279 114.48523 110.64486 228.33580 20040604.98266 JPL 7
   C/LINEAR (2004 H1)                 53126 2.07761725 1.00000000 140.72069 290.35318 120.02446 20040115.11566 JPL 4
   C/LINEAR (2004 K3)                 53167 1.10334538 0.98090830 111.92795  60.49224 275.53668 20040630.45820 JPL 7
   C/LINEAR (2004 L1)                 53187 2.04661162 0.99737430 159.35759 243.60849  66.17557 20050330.13059 JPL 9
   C/LINEAR (2004 L2)                 53203 3.77725490 0.99061113  62.38551 257.33969  99.16992 20051115.25760 JPL 6
   C/LINEAR (2004 RG113)              53328 1.94239609 0.99724746  21.61834 125.30184   8.77404 20050303.71288 JPL 5
   C/LINEAR (2004 U1)                 53341 2.65933103 0.99896894 130.62242  20.12258 112.54550 20041208.74247 JPL 12
   C/LINEAR (2004 X2)                 53360 3.79127340 0.99570217  72.09837 162.16738 307.33590 20040824.09727 JPL 4
   C/LINEAR (2004 X3)                 53361 4.42899269 1.00000000  80.93936 200.77747 343.06548 20050609.14093 JPL 1
   C/LINEAR-NEAT (2001 HT50)          52873 2.79206347 0.99761343 163.21190 324.06916  42.91285 20030709.01585 JPL 99
   C/LONEOS (2000 S3)                 51920 2.66237786 0.77245880  25.16305 298.28334  41.15440 20000716.35236 JPL 7
   C/LONEOS (2001 G1)                 52264 8.23548852 1.00272173  45.36538 343.27988 203.89087 20011009.18157 JPL 54
   C/LONEOS (2001 OG108)              52258 0.99404637 0.92526170  80.24502 116.41960  10.55531 20020315.20597 JPL 28
   C/LONEOS (2002 R3)                 52735 3.86948858 1.00260691 161.09511  45.06817  54.29523 20030613.48319 JPL 41
   C/Lagerkvist (1996 R3)             50387 5.18051752 1.01169944  39.40985 129.44986 172.69416 19950716.32668 JPL 1
   C/Larsen (1998 M3)                 51360 5.76797899 1.00238865 113.43421  20.83060 255.53687 19980717.00155 JPL 15
   C/Larsen (2004 C1)                 53061 4.35938469 0.62320471  28.91860 316.14468 151.95393 20030319.60108 JPL 6
   C/Lee (1999 H1)                    51560 0.70795314 0.99976137 149.34438  40.70165 162.65946 19990711.17718 JPL 38
   C/Levy (1991 L3)                   49040 0.98660343 0.92878096  19.15757  41.58820 329.44354 19910707.93546 JPL 6
   C/Li (1999 E1)                     51431 3.92002130 0.76009902  46.88133 329.76788 127.83435 19990131.77805 JPL 19
   C/Lynn (1999 N2)                   51480 0.76126934 0.99742950 111.65623 357.83285 254.67692 19990723.04968 JPL 8
   C/Machholz (2004 Q2)               53314 1.20505442 0.99945425  38.58907  19.50338  93.62453 20050124.91091 JPL 28
   C/McNaught-Hartley (1999 T1)       51860 1.17169724 0.99986219  79.97525 344.75829 182.48298 20001213.47222 JPL 74
   C/McNaught-Russell (1993 Y1)       49640 0.86757532 0.99353439  51.58637 353.46394 166.35622 19940331.09115 JPL 11
   C/McNaught-Watson (1999 S2)        52360 6.46470070 1.00243057  65.82376 223.40469  74.45897 19971120.58914 JPL 51
   C/Meunier-Dupouy (1997 J2)         50836 3.05114815 1.00056008  91.27341 122.67175 148.84453 19980310.43372 JPL 48
   C/Montani (1997 G2)                50653 3.08496971 0.99417007  69.83547 239.84284  55.80253 19980416.30111 JPL 25
   C/Montani (1998 M6)                51025 5.97868137 0.99891033  91.54052   9.12525 306.60368 19981006.34401 JPL 22
   C/Montani (2000 A1)                51728 9.74308900 1.00388175  24.54259  14.26858 111.83558 20000713.19483 JPL 47
   C/Mueller (1997 D1)                51080 2.24824821 1.00091309 141.88888 184.99221 279.18828 19971011.62141 JPL 26
   C/Mueller (1997 J1)                50666 2.30213321 0.99099114 122.96833  98.95464 277.07602 19970503.80336 JPL 18
   C/Mueller (1998 K1)                50969 3.41663345 0.94521621  35.63587 165.25015  18.25633 19980901.03861 JPL 14
   C/NEAT (1996 E1)                   50412 1.35899906 1.00086401 114.47671  81.11161 149.84163 19960727.35044 JPL 10
   C/NEAT (1997 A1)                   50840 3.15721312 1.00164135 145.07179  40.00734 135.76598 19970619.55964 JPL 24
   C/NEAT (2001 B2)                   52257 5.30679393 1.00174669 150.60146 304.75703 145.09491 20000901.75826 JPL 62
   C/NEAT (2001 M10)                  52216 5.30276615 0.80111036  28.08344   5.47729 293.91748 20010621.19673 JPL 37
   C/NEAT (2001 O2)                   52200 4.83197659 0.99833278  91.01223 281.07532 328.69922 19991017.65382 JPL 31
   C/NEAT (2001 Q1)                   52680 5.83293949 0.96532897  66.96261 175.41085 139.26501 20010920.35058 JPL 22
   C/NEAT (2001 Q4)                   53095 0.96195156 1.00067713  99.64265   1.20634 210.27855 20040515.96689 JPL 164
   C/NEAT (2001 T4)                   52587 8.56427759 0.38385699  15.36483 321.87630  64.49511 20020520.99078 JPL 35
   C/NEAT (2002 J4)                   52676 3.63367992 0.99981435  46.52678 230.71198  70.88475 20031003.19957 JPL 28
   C/NEAT (2002 K1)                   52449 3.23023896 0.99967095  89.72172   4.45896 280.54835 20020616.44660 JPL 6
   C/NEAT (2002 K4)                   52468 2.76451538 0.84228181  94.06266  24.43178 308.09899 20020712.97382 JPL 16
   C/NEAT (2002 L9)                   52920 7.03298582 0.99881995  68.45064 231.44057 110.46295 20040406.19593 JPL 22
   C/NEAT (2002 P1)                   52583 6.53023394 0.98419248  34.60620 347.76392 310.67256 20011123.15182 JPL 11
   C/NEAT (2002 V1)                   52634 0.09925866 0.99990177  81.70600 152.16964  64.08843 20030218.29578 JPL 33
   C/NEAT (2003 E1)                   52920 3.24496623 0.76358306  33.53789 103.85858 137.07004 20040213.60220 JPL 27
   C/NEAT (2003 H3)                   52846 2.90144180 0.99977426  42.81179   6.47760 269.41731 20030424.23133 JPL 29
   C/NEAT (2003 J1)                   52842 5.12542751 0.99113803  98.31338 196.02820 122.03315 20031010.59870 JPL 7
   C/NEAT (2004 D1)                   53179 4.97555700 1.00243490  45.53331  75.50404  62.24954 20060210.45727 JPL 10
   C/NEAT (2004 P1)                   53254 6.01319274 0.99943003  28.81624  16.56845 284.18317 20030808.59967 JPL 12
   C/Russell-Watson (1996 P2)         50880 2.00754209 1.00003844  29.08171 188.82971 101.40732 19960301.24130 JPL 12
   C/SOHO (1998 J1)                   51040 0.15319994 1.00017317  62.93169 110.55599 351.64706 19980508.61903 JPL 73
   C/SWAN (2002 O6)                   52496 0.49464864 0.99859852  58.62438  78.74835 330.95193 20020909.44932 JPL 5
   C/SWAN (2004 H6)                   53215 0.77627335 1.00061835 107.66344 269.04819 317.24535 20040512.68739 JPL 15
   C/Siding Spring (2004 T3)          53360 8.86134422 1.00000000  71.97019 259.58422  50.33576 20030413.48548 JPL 6
   C/Skiff (1999 J2)                  51658 7.10976415 1.00110625  86.41282 127.13887  50.04242 20000405.98828 JPL 41
   C/Skiff (2000 Y2)                  51956 2.76872299 0.99436948  12.08755 326.81965 185.84802 20010321.81165 JPL 41
   C/Skiff (2001 K3)                  52108 3.06012609 0.99893691  52.02660   3.45256 289.85013 20010422.87751 JPL 50
   C/Skiff (2001 S1)                  52240 3.74998988 0.93177356 139.13598 285.19080 330.11229 20010602.54034 JPL 8
   C/Snyder-Murakami (2002 E2)        52408 1.46644544 1.00079811  92.54502   9.03429 244.58296 20020221.79314 JPL 115
   C/Spacewatch (1997 BA6)            51451 3.43643761 0.99899072  72.71446 285.93424 317.66632 19991127.56199 JPL 83
   C/Spacewatch (1997 P2)             50760 4.26301280 1.02495615  14.56056  24.50221 302.86793 19970830.84296 JPL 15
   C/Spacewatch (2000 OF8)            51860 2.17290115 1.00185293 152.43371 256.07540 117.09021 20010804.79083 JPL 34
   C/Spacewatch (2003 K1)             52789 2.08839924 0.95257752 129.85382 314.56398 250.06367 20021221.36978 JPL 5
   C/Spacewatch (2004 HV60)           53134 3.04183626 0.90141471  91.92917 146.93300  44.80085 20031212.62569 JPL 2
   C/Stonehouse (1998 H1)             51040 1.48726917 0.99788510 104.69371   1.32371 222.11031 19980414.42328 JPL 13
   C/Szczepanski (1996 B1)            50244 1.44879763 0.99066695  51.91909 151.28378 345.44232 19960206.91346 JPL 13
   C/Tabur (1996 Q1)                  50417 0.83981068 0.99873685  73.35695  57.41120  31.40054 19961103.53023 JPL 12
   C/Tabur (1997 N1)                  50661 0.39565187 1.00004497  85.96425 344.19158 147.61015 19970815.47945 JPL 7
   C/Tabur (2003 T3)                  53136 1.48107307 0.99976650  50.44457  43.77338 347.05808 20040429.00196 JPL 43
   C/Tilbrook (1997 O1)               50920 1.37178697 0.98423212 115.80472 336.19067 231.25187 19970713.42109 JPL 18
   C/Tilbrook (1999 A1)               51240 0.73074228 0.99584820  89.48109 232.67130 259.12221 19990129.65813 JPL 10
   C/Tubbiolo (2000 Y1)               52023 7.97473503 1.00240724 137.97482 181.73196 239.39492 20010202.14884 JPL 35
   C/Tucker (2004 Q1)                 53300 2.04670055 0.98904102  56.08666  32.97008  22.12990 20041206.86788 JPL 21
   C/Utsunomiya (1997 T1)             50774 1.35910946 0.99852340 127.99262  95.96525  53.70276 19971210.14489 JPL 29
   C/Utsunomiya (2002 F1)             52410 0.43829584 0.99954807  80.87653 125.89956 289.02933 20020422.89837 JPL 10
   C/Utsunomiya-Jones (2000 W1)       51960 0.32117491 0.99999695 160.16514  51.50826  10.76625 20001226.55934 JPL 18
   C/Van Ness (2004 S1)               53301 0.68176379 1.00000000 114.66680  92.81683  19.21972 20041208.92095 JPL 17
   C/Williams (1998 P1)               51320 1.14583661 0.99963557 145.72669 294.43777 156.37162 19981017.84284 JPL 64
   C/Zhu-Balam (1997 L1)              51080 4.89930133 0.99734438  73.00768 346.34876 233.31347 19961122.70532 JPL 22
   D/Haneda-Campos (1978 R1)          43880 1.10146633 0.66525500   5.94635 240.50208 132.22934 19781009.50480 JPL 4
   D/Harrington-Wilson (1952 B1)      34068 1.66490750 0.51433212  16.35235 343.03469 128.47790 19511030.37569 JPL 1
   D/Shoemaker-Levy 9 (1993 F2-A)     49480 5.38056310 0.21620917   6.00329 354.89352 220.53766 19940324.10320 A38
   D/Shoemaker-Levy 9 (1993 F2-B)     49480 5.38065243 0.21561980   5.99022 354.90065 220.56529 19940324.52991 B34
   D/Shoemaker-Levy 9 (1993 F2-C)     49480 5.38041144 0.21516872   5.98196 354.90826 220.58139 19940324.81127 C28
   D/Shoemaker-Levy 9 (1993 F2-D)     49480 5.38036971 0.21472534   5.97297 354.91311 220.60031 19940325.10038 D29
   D/Shoemaker-Levy 9 (1993 F2-E)     49480 5.38031828 0.21441065   5.96663 354.91615 220.61378 19940325.30070 E50
   D/Shoemaker-Levy 9 (1993 F2-F)     49480 5.38036243 0.21358484   5.94846 354.93310 220.65161 19940325.96840 F33
   D/Shoemaker-Levy 9 (1993 F2-G)     49480 5.38011243 0.21288148   5.93551 354.93416 220.68008 19940326.32445 G52
   D/Shoemaker-Levy 9 (1993 F2-H)     49480 5.37997339 0.21177932   5.91287 354.94843 220.72831 19940327.08466 H43
   D/Shoemaker-Levy 9 (1993 F2-K)     49480 5.37977493 0.21042545   5.88507 354.96756 220.78897 19940328.05310 K45
   D/Shoemaker-Levy 9 (1993 F2-L)     49480 5.37963171 0.20936108   5.86313 354.98453 220.83751 19940328.84854 L49
   D/Shoemaker-Levy 9 (1993 F2-N)     49480 5.37953629 0.20827689   5.84046 354.99998 220.88627 19940329.63448 N36
   D/Shoemaker-Levy 9 (1993 F2-P1)    49480 5.37968923 0.20774507   5.82929 354.99938 220.90908 19940329.92297 PA6
   D/Shoemaker-Levy 9 (1993 F2-P2)    49480 5.37960765 0.20788730   5.83126 355.01194 220.90472 19940330.00933 P37
   D/Shoemaker-Levy 9 (1993 F2-Q1)    49480 5.37934828 0.20740426   5.82282 355.01099 220.92799 19940330.27142 Q63
   D/Shoemaker-Levy 9 (1993 F2-Q2)    49480 5.37940298 0.20745337   5.82361 355.01107 220.92456 19940330.23482 QB13
   D/Shoemaker-Levy 9 (1993 F2-R)     49480 5.37923176 0.20658149   5.80587 355.02229 220.96646 19940330.87835 R58
   D/Shoemaker-Levy 9 (1993 F2-S)     49480 5.37912914 0.20573678   5.78848 355.03337 221.00665 19940331.50454 S62
   D/Shoemaker-Levy 9 (1993 F2-T)     49480 5.37931862 0.20550407   5.78300 355.03349 221.01620 19940331.63843 T22
   D/Shoemaker-Levy 9 (1993 F2-U)     49480 5.37914092 0.20516743   5.77631 355.04151 221.03417 19940331.94418 U24
   D/Shoemaker-Levy 9 (1993 F2-V)     49480 5.37904612 0.20461625   5.76489 355.05009 221.06079 19940401.37239 V27
   D/Shoemaker-Levy 9 (1993 F2-W)     49480 5.37890776 0.20428226   5.75837 355.05614 221.07721 19940401.63988 W52
   D/Skiff-Kosai (1977 C1)            43240 2.84982769 0.25917126   3.20139  26.55908  80.76835 19760804.02725 JPL 3
   D/van Houten (1960 S1)             37240 3.95339145 0.36812390   6.65247  14.54078  23.61524 19610427.49063 JPL 2
