 7.42250  -1.0000
 7.42250  -0.9947
 7.41944  -0.9072
 7.41028  -0.6442
 7.40111  -0.3808
 7.39167  -0.1175
 7.38250   0.1456
 7.38528   0.5017
 7.37306   0.8531
 7.37556   1.2089
 7.36639   1.4725
 7.36917   1.8281
 7.36611   2.1378
 7.36278   2.4475
 7.36556   2.8028
 7.36833   3.1581
 7.36528   3.4672
 7.36222   3.7767
 7.35917   4.0858
 7.35611   4.3950
 7.34694   4.6589
 7.33806   4.9228
 7.32917   5.1867
 7.32000   5.4506
 7.31111   5.7147
 7.29611   5.9336
 7.28111   6.1528
 7.27222   6.4172
 7.26333   6.6817
 7.24222   6.8561
 7.23333   7.1208
 7.21222   7.2958
 7.20333   7.5608
 7.18833   7.7808
 7.17333   8.0011
 7.16444   8.2661
 7.15556   8.5314
 7.14639   8.7969
 7.13750   9.0622
 7.12250   9.2828
 7.10750   9.5036
 7.09861   9.7692
 7.07750   9.9456
 7.06833  10.2114
 7.05944  10.4772
 7.04444  10.6983
 7.03528  10.9642
 7.03250  11.2747
 7.03556  11.6297
 7.03889  11.9844
 7.04222  12.3392
 7.04528  12.6936
 7.05472  13.0919
 7.05194  13.4019
 7.06167  13.7997
 7.05889  14.1094
 7.06222  14.4631
 7.06583  14.8161
 7.06306  15.1256
 7.06028  15.4350
 7.06389  15.7878
 7.06750  16.1403
 7.06500  16.4494
 7.06250  16.7583
 7.07250  17.1533
 7.07000  17.4622
 7.08000  17.8564
 7.09028  18.2503
 7.10056  18.6436
 7.11111  19.0361
 7.12139  19.4281
 7.13778  19.6425
 7.14861  20.0333
 7.15917  20.4236
 7.17000  20.8131
 7.18111  21.2019
 7.19222  21.5900
 7.20333  21.9772
 7.21444  22.3639
 7.22583  22.7497
 7.23750  23.1347
 7.23583  23.4394
 7.24083  23.7836
 7.24583  24.1275
 7.23750  24.3922
 7.22917  24.6569
 7.22083  24.9219
 7.19889  25.1081
 7.19056  25.3731
 7.16861  25.5592
 7.14667  25.7456
 7.12444  25.9317
 7.10250  26.1178
 7.08694  26.3436
 7.07167  26.5694
 7.04917  26.7553
 7.04056  27.0211
 7.01806  27.2072
 7.00944  27.4731
 6.99389  27.6992
 6.97806  27.9250
 6.96917  28.1911
 6.96056  28.4572
 6.95167  28.7233
 6.94278  28.9897
 6.93389  29.2558
 6.92500  29.5219
 6.91611  29.7883
 6.90694  30.0544
 6.89806  30.3208
 6.88917  30.5872
 6.88000  30.8533
 6.87111  31.1197
 6.85472  31.3461
 6.83861  31.5722
 6.82944  31.8386
 6.82028  32.1050
 6.79667  32.2908
 6.78722  32.5572
 6.77083  32.7831
 6.75417  33.0089
 6.73000  33.1939
 6.70611  33.3783
 6.68917  33.6036
 6.65778  33.7461
 6.64056  33.9708
 6.60889  34.1117
 6.57694  34.2517
 6.54833  34.3019
 6.52361  34.4825
 6.50667  34.9250
 6.48167  35.1047
 6.46417  35.3269
 6.43167  35.4619
 6.39889  35.5958
 6.36611  35.7283
 6.33333  35.8597
 6.31861  36.0000
 4.98528  36.0000
 4.98528  35.9786
 5.00028  35.7419
 5.01528  35.5050
 5.03028  35.2675
 5.04500  35.0294
 5.05972  34.7908
 5.07444  34.5519
 5.08889  34.3128
 5.09056  33.9533
 5.10500  33.7133
 5.11917  33.4731
 5.13333  33.2325
 5.14750  32.9914
 5.16167  32.7497
 5.16917  32.4489
 5.17667  32.1481
 5.19056  31.9058
 5.20417  31.6631
 5.21139  31.3617
 5.21861  31.0600
 5.22583  30.7583
 5.23306  30.4567
 5.23389  30.0969
 5.23472  29.7375
 5.24778  29.4933
 5.26111  29.2492
 5.26806  28.9469
 5.27472  28.6447
 5.28778  28.3997
 5.30056  28.1542
 5.31333  27.9083
 5.32611  27.6622
 5.33889  27.4156
 5.35167  27.1689
 5.36417  26.9217
 5.38278  26.7303
 5.40972  26.3722
 5.41806  26.2067
 5.41806  25.8469
 5.43028  25.5981
 5.44250  25.3489
 5.45444  25.0994
 5.46667  24.8497
 5.47861  24.5997
 5.49056  24.3494
 5.50250  24.0989
 5.51444  23.8481
 5.52611  23.5967
 5.53806  23.3453
 5.54972  23.0936
 5.56139  22.8417
 5.58500  22.6967
 5.58444  22.3369
 5.57778  21.9242
 5.56333  21.6794
 5.54889  21.4344
 5.53083  21.2733
 5.52056  20.9442
 5.50639  20.6986
 5.49222  20.4531
 5.48167  20.1239
 5.47139  19.7947
 5.45361  19.6322
 5.43583  19.4692
 5.41806  19.3058
 5.40806  18.9764
 5.39028  18.8125
 5.38028  18.4831
 5.36639  18.2364
 5.35250  17.9894
 5.34639  17.5781
 5.34000  17.1667
 5.33389  16.7558
 5.33333  16.4000
 5.34444  16.1533
 5.35556  15.9064
 5.36667  15.6592
 5.37778  15.4117
 5.38861  15.1639
 5.41139  15.0231
 5.42222  14.7744
 5.43306  14.5256
 5.45556  14.3828
 5.46639  14.1331
 5.48861  13.9889
 5.51111  13.8436
 5.52167  13.5925
 5.53222  13.3411
 5.55444  13.1942
 5.56500  12.9419
 5.57556  12.6897
 5.59778  12.5408
 5.60806  12.2878
 5.63028  12.1375
 5.64056  11.8836
 5.65083  11.6297
 5.66694  11.4267
 5.68306  11.2231
 5.69917  11.0192
 5.71528  10.8144
 5.73722  10.6600
 5.74722  10.4042
 5.76306  10.1983
 5.77917   9.9919
 5.78917   9.7353
 5.79917   9.4783
 5.82083   9.3208
 5.83083   9.0633
 5.85250   8.9047
 5.87417   8.7453
 5.88972   8.5361
 5.90556   8.3267
 5.92694   8.1656
 5.93667   7.9064
 5.95833   7.7444
 5.96806   7.4847
 5.98361   7.2733
 5.99917   7.0617
 6.01472   6.8497
 6.03028   6.6372
 6.03972   6.3764
 6.06111   6.2117
 6.07667   5.9983
 6.09222   5.7847
 6.10750   5.5708
 6.12278   5.3567
 6.13556   5.0072
 6.15694   4.8400
 6.16639   4.5775
 6.18750   4.4094
 6.19694   4.1467
 6.21222   3.9311
 6.22750   3.7150
 6.23694   3.4517
 6.24611   3.1883
 6.25556   2.9250
 6.26500   2.6614
 6.27417   2.3978
 6.28361   2.1342
 6.30472   1.9636
 6.31389   1.6997
 6.31139   1.3425
 6.31472   1.0319
 6.30611   0.6286
 6.29167   0.4014
 6.28000   0.0861
 6.26222  -0.0528
 6.25056  -0.3675
 6.23306  -0.5067
 6.22139  -0.8211
 6.21556  -1.0000
 7.42250  -1.0000
