13.02250 -54.7567
13.01060 -54.6614
12.97610 -54.5739
12.96330 -54.2778
12.92860 -53.9869
12.89440 -53.6936
12.86060 -53.3978
12.82750 -53.2997
12.79440 -53.1994
12.75060 -53.1953
12.71780 -53.1894
12.68420 -53.3814
12.65110 -53.3711
12.61690 -53.5581
12.58360 -53.5431
12.54920 -53.7253
12.51580 -53.7056
12.48250 -53.6833
12.45030 -53.5594
12.41810 -53.4331
12.38860 -53.1058
12.35690 -52.9756
12.32830 -52.6444
12.30000 -52.3117
12.26940 -52.1753
12.23920 -52.0372
12.21060 -51.7981
12.18250 -51.5572
12.15280 -51.4133
12.12360 -51.2675
12.09250 -51.2183
12.06170 -51.1672
12.03670 -50.8189
12.03250 -50.5061
12.00810 -50.1561
11.98420 -49.8050
11.95670 -49.6486
11.92920 -49.4903
11.90000 -49.4281
11.87060 -49.3639
11.84140 -49.2975
11.81220 -49.2292
11.78310 -49.1592
11.75420 -49.0869
11.72530 -49.0128
11.69670 -48.9367
11.66810 -48.8589
11.63670 -48.8750
11.60530 -48.8892
11.57670 -48.8050
11.54830 -48.7192
11.51690 -48.7269
11.48560 -48.7322
11.45750 -48.6403
11.42310 -48.7358
11.39500 -48.6400
11.36030 -48.7306
11.32890 -48.7244
11.29030 -48.9033
11.25860 -48.8922
11.22720 -48.8786
11.19940 -48.7703
11.17190 -48.6600
11.14440 -48.5478
11.11690 -48.4342
11.08970 -48.3186
11.06280 -48.2014
11.03580 -48.0825
11.00890 -47.9619
10.98220 -47.8397
10.95580 -47.7158
10.92080 -47.7711
10.89470 -47.6433
10.85970 -47.6936
10.83360 -47.5622
10.79860 -47.6075
10.76360 -47.6500
10.73780 -47.5128
10.71190 -47.3742
10.67690 -47.4097
10.65140 -47.2675
10.61670 -47.2981
10.58170 -47.3258
10.55640 -47.1781
10.52140 -47.2011
10.49640 -47.0497
10.46140 -47.0681
10.43690 -46.9133
10.40190 -46.9269
10.37220 -46.8533
10.34280 -46.7775
10.31060 -46.5622
10.27580 -46.5656
10.25190 -46.4006
10.22280 -46.3169
10.19360 -46.2314
10.17030 -46.0617
10.14690 -45.8911
10.11810 -45.8003
10.08940 -45.7078
10.06670 -45.5328
10.03280 -45.5172
10.01000 -45.3394
 9.98750 -45.1603
 9.95389 -45.1383
 9.93167 -44.9564
 9.90361 -44.8519
 9.87611 -44.7456
 9.85417 -44.5597
 9.83250 -44.3728
 9.80528 -44.2619
 9.77806 -44.1494
 9.75667 -43.9586
 9.73583 -43.7669
 9.71472 -43.5742
 9.70000 -43.3047
 9.68556 -43.0344
 9.66500 -42.8394
 9.64472 -42.6433
 9.62444 -42.4461
 9.60444 -42.2481
 9.58472 -42.0492
 9.56472 -41.8492
 9.54528 -41.6486
 9.51361 -41.5936
 9.49417 -41.3903
 9.47500 -41.1864
 9.44361 -41.1264
 9.43694 -40.7758
 9.41806 -40.5694
 9.39944 -40.3619
 9.39306 -40.0111
 9.37444 -39.8028
 9.36222 -39.5225
 9.35028 -39.2419
 9.33222 -39.0317
 9.32639 -38.6797
 9.30861 -38.4686
 9.29083 -38.2567
 9.27333 -38.0439
 9.25583 -37.8303
 9.23833 -37.6161
 9.22111 -37.4011
 9.20389 -37.1856
 9.17472 -37.1058
 9.15778 -36.8883
 9.13500 -36.7381
 9.11194 -36.5864
 9.08944 -36.4336
 9.06667 -36.2794
 9.04417 -36.1242
 9.02167 -35.9678
 8.99917 -35.8103
 8.97694 -35.6517
 8.95472 -35.4917
 8.93278 -35.3308
 8.91694 -35.1039
 8.91361 -34.7475
 8.89806 -34.5200
 8.88889 -34.2275
 8.87972 -33.9353
 8.87667 -33.5783
 8.87361 -33.2219
 8.86472 -32.9292
 8.85583 -32.6361
 8.85306 -32.2797
 8.85028 -31.9231
 8.84167 -31.6300
 8.83278 -31.3369
 8.83028 -30.9803
 8.82778 -30.6239
 8.81944 -30.3306
 8.82306 -29.9114
 8.81472 -29.6181
 8.80639 -29.3244
 8.80444 -28.9683
 8.80222 -28.6125
 8.79417 -28.3189
 8.78611 -28.0250
 8.77833 -27.7311
 8.77028 -27.4372
 8.76250 -27.1431
 8.75500 -26.8489
 8.74139 -26.6158
 8.72778 -26.3825
 8.72028 -26.0875
 8.71278 -25.7925
 8.69972 -25.5581
 8.68639 -25.3233
 8.67333 -25.0881
 8.66028 -24.8522
 8.64722 -24.6161
 8.63444 -24.3797
 8.62139 -24.1428
 8.60861 -23.9053
 8.59611 -23.6675
 8.58333 -23.4294
 8.57083 -23.1908
 8.55806 -22.9519
 8.53389 -22.8294
 8.52139 -22.5892
 8.50917 -22.3489
 8.49694 -22.1081
 8.48472 -21.8669
 8.47250 -21.6253
 8.46028 -21.3833
 8.43639 -21.2553
 8.42444 -21.0125
 8.40667 -20.8258
 8.38889 -20.6383
 8.37694 -20.3942
 8.36528 -20.1494
 8.35333 -19.9047
 8.33000 -19.7708
 8.31250 -19.5806
 8.29500 -19.3894
 8.27944 -19.0603
 8.25639 -18.9228
 8.24500 -18.6750
 8.22167 -18.5361
 8.19861 -18.3958
 8.17556 -18.2547
 8.15250 -18.1125
 8.12944 -17.9694
 8.10667 -17.8253
 8.08944 -17.6269
 8.07250 -17.4281
 8.04972 -17.2817
 8.02694 -17.1342
 8.01611 -16.8808
 7.99333 -16.7319
 7.98250 -16.4781
 7.97167 -16.2239
 7.95500 -16.0214
 7.93861 -15.8183
 7.92194 -15.6150
 7.90528 -15.4108
 7.88889 -15.2064
 7.87250 -15.0014
 7.85611 -14.7961
 7.83972 -14.5903
 7.81750 -14.4344
 7.79500 -14.2781
 7.78472 -14.0203
 7.77444 -13.7625
 7.75250 -13.6044
 7.74222 -13.3461
 7.73194 -13.0875
 7.72778 -12.7789
 7.72361 -12.4703
 7.71333 -12.2114
 7.71500 -11.8531
 7.70500 -11.5939
 7.69500 -11.3347
 7.69694 -10.9767
 7.68694 -10.7172
 7.68278 -10.4086
 7.67889 -10.0997
 7.66889  -9.8403
 7.65917  -9.5803
 7.66083  -9.2228
 7.65111  -8.9628
 7.64139  -8.7028
 7.63167  -8.4425
 7.62778  -8.1336
 7.62389  -7.8247
 7.61417  -7.5642
 7.60444  -7.3033
 7.59472  -7.0428
 7.58528  -6.7817
 7.57556  -6.5208
 7.56278  -6.1725
 7.54722  -5.9592
 7.53194  -5.7453
 7.52250  -5.4836
 7.51278  -5.2217
 7.50333  -4.9597
 7.49389  -4.6975
 7.48444  -4.4353
 7.48083  -4.1256
 7.47750  -3.8161
 7.46806  -3.5536
 7.47028  -3.1967
 7.46111  -2.9342
 7.45167  -2.6717
 7.44222  -2.4089
 7.44472  -2.0522
 7.43556  -1.7894
 7.42611  -1.5267
 7.42861  -1.1700
 7.42556  -1.0000
 6.21250  -1.0000
 6.21250  -1.0014
 6.20389  -1.4031
 6.19528  -1.8044
 6.18667  -2.2053
 6.17806  -2.6061
 6.18111  -2.9147
 6.17250  -3.3147
 6.17556  -3.6231
 6.17861  -3.9314
 6.18750  -4.1942
 6.19667  -4.4569
 6.21750  -4.6289
 6.23222  -4.8467
 6.24722  -5.0644
 6.26222  -5.2828
 6.27722  -5.5011
 6.29806  -5.6744
 6.31889  -5.8478
 6.33389  -6.0669
 6.34889  -6.2861
 6.37583  -6.4150
 6.40278  -6.5444
 6.41778  -6.7642
 6.43278  -6.9842
 6.44778  -7.2042
 6.46278  -7.4242
 6.48361  -7.5994
 6.49278  -7.8647
 6.51361  -8.0403
 6.53472  -8.2158
 6.54972  -8.4364
 6.57694  -8.5672
 6.59806  -8.7431
 6.61917  -8.9189
 6.63417  -9.1397
 6.64917  -9.3608
 6.65833  -9.6269
 6.66750  -9.8931
 6.68861 -10.0692
 6.69778 -10.3353
 6.71278 -10.5564
 6.72806 -10.7778
 6.73722 -11.0439
 6.74639 -11.3103
 6.76139 -11.5314
 6.77667 -11.7528
 6.78583 -12.0192
 6.79500 -12.2853
 6.80417 -12.5517
 6.81333 -12.8181
 6.81056 -13.1744
 6.81972 -13.4408
 6.82889 -13.7072
 6.83806 -13.9736
 6.84722 -14.2400
 6.85667 -14.5064
 6.86583 -14.7725
 6.87500 -15.0389
 6.87194 -15.3953
 6.87500 -15.7067
 6.87833 -16.0178
 6.88139 -16.3289
 6.87806 -16.6850
 6.87500 -17.0408
 6.87167 -17.3967
 6.86861 -17.7522
 6.87167 -18.0631
 6.86833 -18.4183
 6.86500 -18.7733
 6.86167 -19.1283
 6.86444 -19.4389
 6.85472 -19.8378
 6.85778 -20.1481
 6.85417 -20.5022
 6.85056 -20.8564
 6.84056 -21.2539
 6.84333 -21.5639
 6.83972 -21.9175
 6.83306 -22.1819
 6.82917 -22.5350
 6.81889 -22.9308
 6.82167 -23.2403
 6.82417 -23.5494
 6.82694 -23.8589
 6.83611 -24.1253
 6.84528 -24.3917
 6.85472 -24.6578
 6.86389 -24.9242
 6.88000 -25.1475
 6.90917 -25.2844
 6.93194 -25.4642
 6.96139 -25.6000
 6.99083 -25.7350
 7.01722 -25.7806
 7.03361 -26.0025
 7.06333 -26.1356
 7.07972 -26.3569
 7.10306 -26.5336
 7.12611 -26.7097
 7.15278 -26.7519
 7.16278 -27.0172
 7.17278 -27.2825
 7.18306 -27.5475
 7.19306 -27.8125
 7.18972 -28.1681
 7.19972 -28.4331
 7.20333 -28.7431
 7.21333 -29.0081
 7.22361 -29.2731
 7.22722 -29.5831
 7.23056 -29.8931
 7.24083 -30.1578
 7.23750 -30.5128
 7.24778 -30.7775
 7.25139 -31.0872
 7.25472 -31.3969
 7.25833 -31.7067
 7.26889 -31.9711
 7.27944 -32.2356
 7.29694 -32.4547
 7.32167 -32.6278
 7.33944 -32.8461
 7.35722 -33.0642
 7.38222 -33.2356
 7.40750 -33.4064
 7.43972 -33.5297
 7.45806 -33.7456
 7.47639 -33.9611
 7.48750 -34.2233
 7.49889 -34.4856
 7.51750 -34.7000
 7.53611 -34.9144
 7.55472 -35.1281
 7.58083 -35.2933
 7.59250 -35.5542
 7.61139 -35.7667
 7.62333 -36.0272
 7.64250 -36.2389
 7.65444 -36.4989
 7.64806 -36.7697
 7.62639 -36.9156
 7.60444 -37.0603
 7.59417 -37.4650
 7.58389 -37.8694
 7.57361 -38.2731
 7.58556 -38.5342
 7.59778 -38.7950
 7.60972 -39.0558
 7.62194 -39.3164
 7.63444 -39.5767
 7.66194 -39.7403
 7.67444 -40.0000
 7.68694 -40.2597
 7.69944 -40.5192
 7.71222 -40.7783
 7.72500 -41.0372
 7.73806 -41.2958
 7.73528 -41.6525
 7.74833 -41.9111
 7.74583 -42.2678
 7.74306 -42.6242
 7.73250 -43.0292
 7.72167 -43.4336
 7.71056 -43.8375
 7.69944 -44.2406
 7.70444 -44.5478
 7.70944 -44.8547
 7.70611 -45.2097
 7.70278 -45.5642
 7.69944 -45.9186
 7.69583 -46.2728
 7.70083 -46.5792
 7.70583 -46.8858
 7.71944 -47.1447
 7.73333 -47.4036
 7.74694 -47.6622
 7.76111 -47.9206
 7.77500 -48.1789
 7.78917 -48.4367
 7.78583 -48.7906
 7.80028 -49.0483
 7.81472 -49.3058
 7.82917 -49.5631
 7.86194 -49.7222
 7.90389 -49.8303
 7.94611 -49.9356
 7.97806 -49.8686
 8.02028 -49.9689
 8.06278 -50.0661
 8.10556 -50.1608
 8.13750 -50.0853
 8.17472 -50.0911
 8.20083 -49.9289
 8.22694 -49.7653
 8.25278 -49.6003
 8.27833 -49.4342
 8.29528 -49.6811
 8.31250 -49.9275
 8.33000 -50.1733
 8.34750 -50.4189
 8.36500 -50.6639
 8.38306 -50.9083
 8.40083 -51.1522
 8.41917 -51.3958
 8.43750 -51.6389
 8.45611 -51.8814
 8.47472 -52.1233
 8.49361 -52.3644
 8.49500 -52.7225
 8.51417 -52.9633
 8.53361 -53.2036
 8.55306 -53.4431
 8.55472 -53.8008
 8.57472 -54.0400
 8.59500 -54.2783
 8.59694 -54.6358
 8.60833 -54.9333
 8.61972 -55.2308
 8.63111 -55.5281
 8.64306 -55.8250
 8.66417 -56.0611
 8.68583 -56.2964
 8.70778 -56.5311
 8.72972 -56.7653
 8.75222 -56.9983
 8.77472 -57.2308
 8.79778 -57.4625
 8.82083 -57.6936
 8.84417 -57.9236
 8.84833 -58.2797
 8.87222 -58.5089
 8.89639 -58.7372
 8.92083 -58.9644
 8.94583 -59.1911
 8.96083 -59.4817
 8.97611 -59.7717
 8.99194 -60.0614
 9.00778 -60.3508
 9.02361 -60.6400
 9.04000 -60.9286
 9.05667 -61.2167
 9.07333 -61.5044
 9.10111 -61.7253
 9.12917 -61.9447
 9.14694 -62.2308
 9.16500 -62.5161
 9.20389 -62.8053
 9.23361 -63.0206
 9.26361 -63.2347
 9.27250 -63.5864
 9.30333 -63.7989
 9.33472 -64.0103
 9.34444 -64.3608
 9.37667 -64.5703
 9.40944 -64.7783
 9.44250 -64.9850
 9.47611 -65.1900
 9.51000 -65.3936
 9.54472 -65.5956
 9.56889 -65.8697
 9.59333 -66.1428
 9.60694 -66.4894
 9.62111 -66.8356
 9.65861 -67.0322
 9.69639 -67.2275
 9.72333 -67.4964
 9.75111 -67.7642
 9.76778 -68.1075
 9.80806 -68.2972
 9.84917 -68.4850
 9.86750 -68.8261
 9.91000 -69.0108
 9.92972 -69.3503
 9.96167 -69.6108
 9.99444 -69.8697
10.00420 -70.2867
10.03830 -70.5439
10.06140 -70.8803
10.10940 -71.0547
10.14610 -71.3081
10.18390 -71.5597
10.21030 -71.8917
10.26190 -72.0583
10.31470 -72.2219
10.34390 -72.5503
10.41720 -72.7617
10.46110 -73.0017
10.50640 -73.2397
10.56440 -73.3894
10.62360 -73.5358
10.68390 -73.6786
10.75610 -73.7297
10.82890 -73.7756
10.91250 -73.7261
10.99560 -73.6703
11.05920 -73.7903
11.12330 -73.9067
11.20670 -73.8333
11.27220 -73.9403
11.35500 -73.8550
11.42140 -73.9522
11.50360 -73.8547
11.58470 -73.7508
11.65190 -73.8331
11.72000 -73.9108
11.78830 -73.9839
11.85750 -74.0525
11.93220 -74.0183
12.00670 -73.9792
12.08080 -73.9342
12.15440 -73.8842
12.23110 -73.7294
12.30060 -73.7678
12.36530 -74.0000
12.42940 -74.3278
12.49970 -74.4519
12.62560 -65.2733
12.60940 -65.2686
12.56280 -65.1528
12.53110 -65.1403
12.51640 -65.0336
12.50420 -64.7272
12.50750 -64.4281
12.51080 -64.1289
12.51420 -63.8294
12.51720 -63.5303
12.52030 -63.2311
12.52330 -62.9317
12.54080 -62.6389
12.54360 -62.3394
12.56030 -62.0464
12.60500 -61.7631
12.62110 -61.4681
12.65060 -61.1767
12.67920 -60.9839
12.72030 -60.9919
12.76170 -60.9972
12.80280 -60.9997
13.02250 -54.7567
