I3436 COM 12 30 29.9 +19 40 23 8 E?   14.7   0.40   0.2 135     41323  
I3437 VIR 12 30 45.9 +11 20 32 8 E?   15.2   0.90   0.4  60     41350  
I3438 VIR 12 30 59.7 +08 04 39 8 Sa   13.3   1.70   1.6         41383  7656    
I3439 COM 12 30 59.6 +25 33 39 8 E    17.0   0.50   0.4  20            
I3440 VIR 12 31 05.1 +12 01 44 8 E    16.9   0.30   0.3         169460 
I3441 COM 12 31 04.5 +28 51 11 8 S    15.2   0.40   0.4         41412  
I3442 COM 12 31 20.2 +14 06 50 8 E    14.6   0.90   0.8         41435  
I3443 VIR 12 31 15.6 +12 19 54 8 E-S0 15.8   0.40   0.4         41421  
I3444 COM 12 31 14.1 +27 32 55 0 *                                     
I3445 VIR 12 31 19.4 +12 44 14 8 E?   16.4   0.40   0.3  15     41432  
I3446 VIR 12 31 23.0 +11 29 31 8 Irr  15.3   0.60   0.3   0     41440  
I3447 VIR 12 31 17.9 +10 40 46 8 S    16.9   0.30   0.3         165209 
I3448 COM 12 31 23.1 +17 12 20 8 Sa   16.1   0.80   0.5  92     41439  
I3449 COM 12 31 22.9 +25 54 50 8 S?   17.1   0.20   0.1 135     89615  
I3450 COM 12 31 24.9 +26 47 45 8 S0   16.5   0.40   0.2 170     89616  
I3451 COM 12 31 24.0 +28 51 18 8 S    15.2   0.50   0.4         41437  
I3452 VIR 12 31 32.6 +11 37 28 8 SB0- 13.4   1.90   0.8  65     41457  7665    
I3453 COM 12 31 37.8 +14 51 32 8 Irr  15.4   1.00   0.2 166     41466  7666    
I3454 COM 12 31 38.7 +27 29 45 8 Sb   15.7   1.20   0.2  26     41468  7670    
I3455 COM 12 31 44.6 +25 47 05 8 S    17.0   0.20   0.1   0            
I3457 VIR 12 31 51.4 +12 39 24 8 E    14.7   1.20   0.8 150     41494  7672    
I3458 COM 12 31 44.0 +28 08 48 8 E    16.0   0.30   0.3                
I3459 VIR 12 31 55.9 +12 10 27 8 Irr  14.8   1.10   0.8 155     41505  7674    
I3460 COM 12 31 50.4 +27 23 12 8 Scd  16.1   0.90   0.3 120     41492  
I3461 VIR 12 32 02.8 +11 53 21 8 E-S0 15.1   0.70   0.6         41529  
I3462 COM 12 32 09.6 +15 18 02 8 E?   16.1   0.60   0.3  45     41544  
I3463 VIR 12 32 05.0 +12 19 10 0 *2                                    
I3464 COM 12 32 00.3 +26 00 14 0 *                                     
I3465 VIR 12 32 12.3 +12 03 39 8 E?   16.5   0.50   0.3  90     41548  
I3466 VIR 12 32 05.6 +11 49 01 8 S    15.7   0.60   0.4  80     41536  
I3467 VIR 12 32 24.5 +11 47 13 8 Sc   15.6   1.10   0.2  72     41572  7686    
I3468 VIR 12 32 14.1 +10 15 05 8 E    13.8   1.20   1.1         41552  7681    
I3469 COM 12 32 11.1 +25 48 08 8 C    17.5   0.10   0.1                
I3470 VIR 12 32 23.3 +11 15 46 8 E-S0 14.4   0.60   0.6         41573  
I3471 COM 12 32 22.7 +16 01 04 8 S?   15.5   0.80   0.4   0     41567  
I3472 COM 12 32 18.8 +24 43 40 8 Sd   17.5   0.30   0.3         86418  
I3473 COM 12 32 19.0 +18 14 38 8 Scd  15.0   1.20   0.8  35     41558  7684    
I3474 VIR 12 32 36.8 +02 39 43 8 Scd  14.8   2.20   0.3  36     41599  7687    
I3475 VIR 12 32 40.6 +12 46 08 8 E    14.1   1.70   1.6         41606  7692    
I3476 COM 12 32 41.8 +14 02 58 8 Irr  13.1   2.20   1.9  30     41608  7695    
I3477 COM 12 32 38.3 +26 02 15 0 *                                     
I3478 COM 12 32 44.2 +14 11 44 8 SB0  14.4   1.10   1.0         41614  7696    
I3479 COM 12 32 41.0 +25 24 20 8 C    17.0   0.20   0.2         89618  
I3480 COM 12 32 41.1 +26 49 42 0 *2                                    
I3481 VIR 12 32 52.2 +11 24 15 8 E-S0 15.0   0.80   0.6  45     41634        Zwicky's Triplet
I3482 COM 12 33 01.0 +27 49 48 8 S    16.0   0.30   0.1  45            
I3483 VIR 12 33 10.0 +11 20 47 8 SBb/ 15.5   0.50   0.4         41670        Zwicky's Triplet
I3484 COM 12 33 05.3 +17 24 09 8 Sc   15.2   0.60   0.5         41655  
I3485 VIR 12 33 11.2 +09 13 03 0 *                                     
I3486 VIR 12 33 14.0 +12 51 24 8 S?   15.3   0.80   0.5  40     41682  
I3487 VIR 12 33 13.4 +09 23 47 8 E-S0 15.0   0.80   0.4  85     41680  
I3488 COM 12 33 08.4 +26 20 57 8 S    16.0   0.80   0.7         41671  
I3489 VIR 12 33 13.7 +12 14 47 8 Sbc  15.0   0.50   0.5         41683  
I3490 VIR 12 33 13.9 +10 55 40 8 E?   16.5   0.60   0.3  50     41681  
I3491 COM 12 33 09.0 +27 05 39 8 S?   16.0   0.90   0.3  12     86322  
I3492 VIR 12 33 19.7 +12 51 12 8 E-S0 14.8   0.70   0.4  55     41698  
I3493 VIR 12 33 18.8 +09 23 32 0 *                                     
I3494 COM 12 33 13.6 +27 35 03 8 E    17.6   0.20   0.2                
I3495 COM 12 33 16.3 +26 48 33 0 *                                     
I3496 COM 12 33 19.4 +26 45 18 0 *                                     
I3497 COM 12 33 28.7 +25 28 20 0 *                                     
I3498 COM 12 33 29.1 +26 44 17 8 Sb   15.7   0.60   0.2  50     86323  
I3499 VIR 12 33 45.0 +10 59 42 8 S0-a 14.2   1.40   0.5 125     41738  7712    
I3500 COM 12 33 49.5 +13 57 44 8 SBc  15.1   0.60   0.4  95     41751  
I3501 COM 12 33 51.5 +13 19 19 8 E?   14.7   0.70   0.6         41754  
I3502 COM 12 33 42.5 +26 37 02 8 Sd   17.5   0.20   0.1   5            
I3503 CVN 12 33 48.4 +37 47 21 0 *                                     
I3504 VIR 12 34 08.0 +06 53 10 0 *                                     
I3505 COM 12 34 10.3 +15 58 05 8 SBc  15.2   0.90   0.4 175     41792  
I3506 VIR 12 34 06.7 +12 44 28 8 E?   15.6   0.60   0.5  83     41782  
I3507 COM 12 34 04.4 +25 21 46 8 C    17.7   0.20   0.2                
I3508 COM 12 34 06.9 +26 40 15 8 S0   15.2   0.90   0.9         41774  
I3509 VIR 12 34 11.5 +12 02 56 8 E?   14.9   0.90   0.6  80     41797  
I3510 VIR 12 34 15.0 +11 04 16 8 S?   14.8   0.90   0.6   0     41803  7728    
I3511 COM 12 34 09.6 +27 20 53 0 *                                     
I3512 COM 12 34 09.7 +27 21 41 0 *                                     
I3513 COM 12 34 11.6 +27 19 47 0 *                                     
I3514 COM 12 34 15.8 +26 41 59 0 *2                                    
I3515 COM 12 34 16.0 +27 51 41 8 S    15.8   0.60   0.2  50            
I3516 COM 12 34 17.3 +27 27 08 8 Sb-c 15.5   1.40   0.2  72     41808  7724    
I3517 VIR 12 34 30.9 +09 09 16 8 SBdm 14.6   1.10   0.7  15     41829  7733    
I3518 VIR 12 34 31.3 +09 37 24 8 Irr  14.7   1.20   0.7  45     41828  7734    
I3519 COM 12 34 38.4 +15 36 07 8 E?   15.8   0.60   0.4  15     41845  
I3520 COM 12 34 31.7 +13 30 10 8 Scd  15.0   1.00   0.7  60     41830  
I3521 VIR 12 34 39.5 +07 09 33 8 Irr  14.1   1.00   0.7  30     41847  7736    
I3522 COM 12 34 45.8 +15 13 14 8 Irr  15.2   1.50   0.7  95     41865  7737    
I3523 COM 12 34 39.3 +14 00 56 8 Sb   17.3   0.50   0.5         169559 
I3524 COM 12 34 43.2 +14 14 38 0 *                                     
I3525 VIR 12 34 46.4 +10 10 30 8 E    17.0   0.40   0.4                
I3526 COM 12 34 40.7 +25 41 02 0 *2                                    
I3527 COM 12 34 42.2 +26 09 13 0 *2                                    
I3528 COM 12 34 55.8 +15 33 56 8 SBb  15.4   0.40   0.4         41882  
I3529 COM 12 34 49.7 +25 41 52 0 *                                     
I3530 COM 12 34 49.4 +17 48 47 8 S?   14.6   1.40   1.1         41853  
I3531 COM 12 34 56.6 +26 37 34 8 C    16.2   0.30   0.3                
I3532 COM 12 34 57.6 +25 52 47 0 *                                     
I3533 COM 12 35 01.2 +25 46 47 8 S?   15.8   0.30   0.2  40     41891  
I3534 COM 12 34 52.1 +14 58 40 8 E    16.1   0.40   0.4         165235 
I3535 COM 12 35 10.9 +25 43 51 0 *                                     
I3536 COM 12 35 12.4 +26 31 58 8 Sc   15.5   0.90   0.3 165     41912  
I3537 VIR 12 35 22.6 +07 39 00 0 *2                                    
I3538 COM 12 35 15.6 +26 14 08 0 *                                     
I3539 COM 12 35 20.1 +23 58 57 0 *                                     
I3540 VIR 12 35 27.2 +12 45 01 8 S0-a 14.3   0.70   0.6  66     41936  
I3541 COM 12 35 23.2 +23 58 20 0 *                                     
I3542 VIR 12 35 41.2 +11 39 58 8 SBab 15.6   0.40   0.3 170     41970  
I3543 COM 12 35 41.3 +26 17 10 8 Scd  16.5   0.90   0.1 142     41974  7764    
I3544 COM 12 35 47.6 +14 18 03 0 *2                                    
I3545 COM 12 35 41.0 +26 31 24 8 E    13.4   1.40   1.1 125     41975  7762    
I3546 COM 12 35 41.6 +26 13 19 8 Sc   15.3   0.80   0.4 135     41976  
I3547 COM 12 35 48.8 +26 19 44 0 *                                     
I3548 VIR 12 35 56.5 +10 56 07 8 E?   16.0   0.60   0.4 105     42001  
I3549 COM 12 35 50.9 +26 23 42 0 *                                     
I3550 COM 12 35 51.8 +27 55 55 5 GxyP                                  
I3551 COM 12 35 53.8 +27 57 48 5 GxyP                                  
I3552 COM 12 35 54.1 +27 59 37 5 GxyP                                  
I3553 COM 12 35 55.9 +26 11 34 0 *                                     
I3554 COM 12 35 55.2 +27 55 37 0 *                                     
I3555 COM 12 35 56.0 +27 59 22 5 GxyP                                  
I3556 COM 12 35 58.5 +26 57 54 8 SB0  15.6   0.70   0.3 170     42005  
I3557 COM 12 36 08.1 +16 38 28 8 E    15.5   0.80   0.8         42015  
I3558 VIR 12 36 02.8 +11 50 56 8 S    16.5   0.40   0.2  90     165253 
I3559 COM 12 36 03.4 +26 59 14 8 S0   15.6   0.60   0.2  67     42012  
I3560 COM 12 36 03.8 +27 04 42 8 SB0  17.1   0.50   0.3  70            
I3561 COM 12 36 04.7 +26 53 58 8 S    16.0   0.70   0.2  80     42013  
I3562 VIR 12 36 10.7 +09 55 20 8 Irr  15.3   0.80   0.3  40     42021  
I3563 COM 12 36 07.1 +27 55 34 5 GxyP                                  
I3564 COM 12 36 07.8 +27 55 26 0 *                                     
I3565 COM 12 36 12.3 +26 45 20 8 E    16.5   0.30   0.3                
I3567 COM 12 36 22.6 +13 36 09 8 Sbc  15.0   0.80   0.7         42044  
I3568 CAM 12 33 06.9 +82 33 49 6 PN   11.6   0.10               41662  7731    
I3569 COM 12 36 08.1 +19 19 16 8 SBcd 13.1   1.50   1.3  30     42020  7768    
I3570 COM 12 36 18.2 +24 04 40 0 *                                     
I3571 COM 12 36 19.9 +26 05 01 8 I    17.5   0.30   0.3                
I3572 VIR 12 36 28.1 +11 37 06 0 *2                                    
I3573 VIR 12 36 27.1 +11 45 33 8 S    16.7   0.40   0.3 140     165255 
I3574 VIR 12 36 27.7 +12 24 18 8 E?   15.3   0.60   0.4 115     42052  
I3575 COM 12 36 32.4 +13 44 48 8 E?   17.3   0.60   0.4   0     42062  
I3576 VIR 12 36 37.8 +06 37 15 8 SB/D 13.8   2.30   2.1         42074  7781    
I3577 VIR 12 36 38.8 +11 54 04 0 *                                     
I3578 VIR 12 36 39.5 +11 06 03 8 Sc   15.1   0.90   0.3 135     42079  7782    
I3579 COM 12 36 32.8 +26 06 13 0 *                                     
I3580 COM 12 36 29.2 +18 17 57 8 E    17.0   0.20   0.2                
I3581 COM 12 36 38.1 +24 25 42 8 Sa   15.1   0.40   0.3  45     42076  
I3582 COM 12 36 30.3 +26 12 00 8 Sab  14.5   0.40   0.2  45     42060  7778    
I3583 VIR 12 36 43.8 +13 15 31 8 Irr  13.9   2.20   1.1   0     42081  7784    
I3584 VIR 12 36 45.0 +12 13 56 0 *                                     
I3585 COM 12 36 39.8 +26 49 48 8 S0   14.8   1.10   1.1         42067  7783    
I3586 VIR 12 36 54.9 +12 31 11 8 E?   14.6   1.10   1.0         42099  
I3587 COM 12 36 48.3 +27 32 57 8 Sc   16.2   1.40   0.2 122     42083  7787    
I3588 COM 12 36 56.4 +14 13 01 8 Sc   11.9   3.70   3.4  55     42100  7788    
I3589 VIR 12 37 01.3 +06 56 11 0 *                                     
I3590 COM 12 36 50.7 +27 16 39 8 S0   15.5   1.00   0.2 130            
I3591 VIR 12 37 02.8 +06 55 32 8 Irr  14.1   0.90   0.6  50     42108  7790    
I3592 COM 12 36 53.2 +27 51 43 8 Sa   15.2   1.00   0.5 126     42097  7789    
I3593 COM 12 36 53.8 +27 44 53 8 SBab 15.4   0.50   0.3   5     42098  
I3594 COM 12 36 56.5 +26 06 55 0 *                                     
I3595 COM 12 37 06.3 +23 47 11 8 S    16.5   0.40   0.2  95            
I3597 COM 12 37 24.6 +23 51 47 8 S?   15.9   0.40   0.4         86325  
I3598 COM 12 37 21.0 +28 12 30 8 Sa-b 14.8   1.40   0.4 140     42137  7791    
I3599 COM 12 37 41.1 +26 42 27 8 Sb   15.7   0.30   0.2 140     42154  
I3600 COM 12 37 41.0 +27 07 44 8 S0   15.9   0.50   0.4         42161  
I3601 COM 12 37 53.7 +15 13 27 8 S    15.8   0.60   0.4 155     165275 
I3602 VIR 12 38 06.8 +10 04 53 8 E?   15.3   0.90   0.3 135     42205  
I3603 COM 12 38 16.1 +15 34 11 8 E    16.4   0.40   0.3 170            
I3604 VIR 12 38 20.7 +11 43 48 8 Sa   16.2   0.30   0.2 170            
I3605 COM 12 38 20.9 +19 32 26 8 Sm   16.2   0.40   0.2  10     86642  
I3606 VIR 12 38 25.1 +12 36 35 8 E    16.0   0.30   0.3                
I3607 VIR 12 38 32.1 +10 22 32 8 E?   16.4   0.50   0.2 136     42248  
I3608 VIR 12 38 37.4 +10 28 31 8 Sb   14.6   3.10   0.4  95     42264  7808    
I3609 COM 12 38 34.7 +14 21 09 8 Sab  15.4   0.40   0.4         42251  
I3610 COM 12 38 47.1 +26 52 20 8 E    17.0   0.20   0.2                
I3611 COM 12 39 04.1 +13 21 49 8 S?   14.0   1.40   0.8 137     42307  7817    
I3612 COM 12 39 04.6 +14 43 52 8 S?   14.9   1.00   0.5  50     42309  7814    
I3613 COM 12 39 04.8 +13 45 29 8 S0   17.4   0.50   0.2 165     165284 
I3614 COM 12 39 01.1 +26 18 11 8 E    17.0   0.20   0.2         169886 
I3615 COM 12 39 01.6 +18 12 01 8 Sc   15.5   1.10   0.3  11     42306  7815    
I3616 COM 12 39 04.6 +14 43 52 8 S?   14.9   1.00   0.5  50     42309  7814    
I3617 VIR 12 39 25.0 +07 57 57 8 Irr  14.4   1.40   0.7  65     42348  7822    
I3618 COM 12 39 17.1 +26 40 40 8 S0   15.9   0.30   0.3         42315  
I3619 COM 12 39 18.9 +24 08 33 0 *2                                    
I3620 COM 12 39 17.9 +27 54 28 8 S    15.6   0.60   0.1 170     42330  
I3621 COM 12 39 33.5 +15 30 09 8 C    16.4   0.40   0.4                
I3622 COM 12 39 32.4 +15 25 54 8 Sb-c 16.0   0.60   0.6                
I3623 COM 12 39 27.6 +27 06 08 8 E    15.0   1.10   0.9  45     42353  
I3624 VIR 12 39 34.5 +11 58 53 8 E    16.2   0.30   0.3                
I3625 VIR 12 39 33.1 +10 58 04 8 E?   15.4   0.20   0.2         42364  
I3626 COM 12 39 31.6 +25 40 34 8 S?   15.7   0.30   0.2  10     42355  
I3627 COM 12 39 31.9 +27 29 50 8 S    16.8   0.40   0.2  80     139990 
I3628 COM 12 39 38.9 +26 14 19 0 *                                     
I3629 COM 12 39 46.8 +13 31 57 8 Sbc  15.3   0.70   0.3  75     42387  
I3630 COM 12 39 46.7 +25 25 57 0 *                                     
I3631 VIR 12 39 47.9 +12 58 26 8 S0-a 14.1   0.80   0.5  90     42389  7825    
I3632 COM 12 39 59.9 +26 40 54 8 S    17.5   0.30   0.2  90     169888 
I3633 VIR 12 40 11.2 +09 53 46 8 E?   15.4   0.50   0.3 125     42426  
I3634 VIR 12 40 11.4 +09 50 48 8 E?   15.8   0.60   0.5         42425  
I3635 VIR 12 40 13.3 +12 52 29 8 Sc   15.2   0.90   0.7 177     42430  7830    
I3636 COM 12 40 15.4 +22 04 29 0 *2                                    
I3637 COM 12 40 19.4 +14 42 52 8 E?   14.8   1.30   0.6  20     42443  
I3638 VIR 12 40 16.6 +10 31 05 8 Sbc  14.5   0.60   0.6         42435  
I3639 CEN 12 40 52.9 -36 45 23 8 SBbc 13.0   1.30   1.2         42504  
I3640 COM 12 40 25.1 +26 31 26 8 S    15.5   0.40   0.2  40     42478  
I3641 COM 12 40 26.8 +26 31 16 8 S    17.5   0.25   0.1 170            
I3642 COM 12 40 25.9 +26 43 52 8 E    15.8   0.30   0.3                
I3643 VIR 12 40 40.9 +12 24 22 8 SB   16.2   0.50   0.4  90            
I3644 COM 12 40 36.1 +26 30 15 8 Sb   15.7   0.90   0.2  15     42479  
I3645 COM 12 40 37.6 +26 32 27 0 *                                     
I3646 COM 12 40 38.6 +26 31 30 8 S?   15.4   0.70   0.3  90     169892 
I3647 VIR 12 40 53.0 +10 28 33 8 Irr  14.4   1.60   0.9 140     42503  7834    
I3648 VIR 12 40 52.2 +12 59 02 0 *                                     
I3649 COM 12 40 49.7 +21 06 14 8 E    16.5   0.20   0.2                
I3650 COM 12 40 48.7 +26 28 23 0 *2                                    
I3651 COM 12 40 52.8 +26 43 41 8 S0   14.3   1.00   1.0         42500  7835    
I3652 VIR 12 40 58.7 +11 11 01 8 E    14.4   0.80   0.8         42521  7838    
I3653 VIR 12 41 15.7 +11 23 14 8 E?   13.9   0.50   0.4         42550  
I3654 COM 12 41 12.4 +22 35 22 8 E    16.3   0.30   0.3         86326  
I3655 COM 12 41 14.4 +20 39 58 8 C    17.1   0.20   0.2                
I3656 COM 12 41 13.8 +22 35 39 8 S?   15.9   0.50   0.2  90     86327  
I3657 COM 12 41 19.0 +21 40 17 0 *                                     
I3658 COM 12 41 20.6 +14 42 02 8 E?   14.9   1.30   0.7  70     42558  
I3659 COM 12 41 27.6 +22 55 49 8 S?   16.2   0.40   0.2  80     86328  
I3660 COM 12 41 36.8 +21 05 33 0 *                                     
I3661 COM 12 41 35.6 +22 29 40 8 S    16.6   0.60   0.1 105            
I3662 COM 12 41 36.2 +23 25 29 8 S?   15.1   0.70   0.7         42583  
I3663 VIR 12 41 39.3 +12 14 49 8 E?   15.3   0.80   0.5 178     42586  
I3664 COM 12 41 42.0 +19 57 00 0 *                                     
I3665 VIR 12 41 46.6 +11 29 15 8 Irr  14.9   0.90   0.6  90     42598  7855    
I3666 VIR 12 41 53.4 +07 50 37 0 *                                     
I3667 CVN 12 41 33.0 +41 09 02 8 SBm  11.2   4.20   3.4  25     42575  7853    
I3668 CVN 12 41 32.7 +41 07 31 5 GxyP                                  
I3669 CVN 12 41 35.8 +41 08 18 5 GxyP                                  
I3670 VIR 12 41 55.0 +11 46 22 8 E    16.0   0.50   0.4   5            
I3671 COM 12 41 51.3 +23 30 35 8 SBbc 15.5   0.50   0.5         42599  
I3672 VIR 12 42 08.7 +11 45 13 8 E    14.2   1.00   1.0         42638  7863    
I3673 COM 12 42 04.3 +21 08 16 0 *                                     
I3674 COM 12 42 05.4 +22 30 37 0 *2                                    
I3675 CVN 12 41 52.5 +41 16 23 8 SBm/ 12.9   2.30   1.9 160     42607  7861    
I3676 COM 12 42 12.2 +13 33 33 0 *                                     
I3677 COM 12 42 11.8 +20 53 06 8 E    17.0   0.20   0.2                
I3678 COM 12 42 12.6 +20 52 47 8 S    16.7   0.20   0.2                
I3679 COM 12 42 11.4 +22 49 04 0 *2                                    
I3680 CVN 12 42 01.7 +39 05 00 0 *                                     
I3681 CVN 12 42 06.8 +39 06 15 0 *                                     
I3682 COM 12 42 19.6 +20 51 52 0 *                                     
I3683 COM 12 42 20.6 +20 52 17 8 S    17.1   0.30   0.2  60            
I3684 VIR 12 42 26.5 +11 44 20 8 S0-a 16.0   1.10   0.4  14     42679  
I3685 VIR 12 42 32.1 +06 52 13 0 *                                     
I3686 VIR 12 42 36.0 +10 33 52 8 Sc   15.0   1.30   0.4 170     42698  
I3687 CVN 12 42 15.1 +38 30 11 8 Irr  13.7   3.40   3.0         42656  7866    
I3688 COM 12 42 37.1 +14 21 23 8 SBd  13.9   2.00   0.9  30     42699  7874    
I3689 COM 12 42 37.0 +20 50 59 8 E    16.0   0.20   0.2                
I3690 VIR 12 42 49.2 +10 21 26 8 Sb   15.1   1.10   0.3   6     42732  7879    
I3691 COM 12 42 49.3 +22 46 20 8 I    17.0   0.60   0.6                
I3692 COM 12 42 53.9 +20 59 20 8 SBa  14.7   0.90   0.7 100     42743  7885    
I3693 VIR 12 42 58.0 +10 40 51 8 E?   15.2   0.60   0.4  85     42754  
I3694 VIR 12 43 07.3 +11 12 39 8 Sbc  14.9   0.60   0.4  30     42766  
I3695 COM 12 43 07.0 +22 44 29 0 *                                     
I3696 COM 12 43 09.7 +19 55 39 8 E    17.0   0.20   0.2                
I3697 CVN 12 42 58.8 +39 50 44 8 S?   16.1   0.80   0.7         42756  
I3698 VIR 12 43 17.3 +11 12 38 8 Sc   15.2   0.50   0.5         42790  
I3699 COM 12 43 17.3 +19 00 02 0 *2                                    
I3701 VIR 12 43 30.9 +11 02 47 8 E?   16.6   0.40   0.3         42812  
I3702 VIR 12 43 28.4 +10 52 23 8 SBc  15.3   0.30   0.2  45     42810  
I3703 CVN 12 43 22.1 +37 58 27 0 *                                     
I3704 VIR 12 43 45.5 +10 46 09 8 Sb-c 14.8   1.20   0.3  43     42836  7899    
I3705 COM 12 43 41.6 +19 19 34 8 E    16.0   0.20   0.2                
I3706 VIR 12 43 48.0 +09 13 45 0 *2                                    
I3707 CVN 12 43 28.5 +37 58 55 0 *                                     
I3708 VIR 12 43 51.8 +13 08 10 5 GxyP        0.20   0.2                
I3709 VIR 12 44 04.1 +09 03 47 8 Sbc  15.0   0.70   0.5   0     42869  
I3710 VIR 12 44 09.6 +12 06 50 8 Irr  15.3   1.10   0.7 160     42881  7906    
I3711 VIR 12 44 09.3 +11 10 34 8 E?   15.6   0.70   0.5  60     42878  
I3713 CVN 12 44 03.1 +41 10 08 8 S0   15.5   0.80   0.7         42867  
I3714 VIR 12 44 23.1 +10 11 18 8 SBab 15.2   0.80   0.5 150     42899  
I3715 COM 12 44 21.3 +20 01 24 8 S    17.5   0.30   0.3                
I3716 VIR 12 44 45.1 +08 06 25 0 *                                     
I3717 CVN 12 44 23.0 +39 31 18 8 S?   16.3   0.70   0.2 160     42900  
I3718 VIR 12 44 45.3 +12 21 01 8 Sbc  13.7   2.70   1.0  72     42944  7920    
I3719 VIR 12 44 47.7 +08 06 22 8 S?   15.4   0.40   0.2  90     42947  
I3720 VIR 12 44 47.5 +12 03 51 8 E    15.0   1.70   1.0 125     42949  7919    
I3721 COM 12 44 53.1 +18 45 17 8 Irr  14.0   0.90   0.3 136     42956  7923    
I3722 VIR 12 44 50.9 +11 46 42 0 *2                                    
I3723 CVN 12 44 30.6 +40 44 12 8 S    15.9   0.30   0.2  95     42914  
I3724 VIR 12 44 53.8 +10 16 53 8 Sc   15.4   0.50   0.3  70     42960  
I3725 COM 12 44 53.1 +18 45 17 8 Irr  14.0   0.90   0.3 136     42956  7923    
I3726 CVN 12 44 42.6 +40 40 42 8 Sc   15.5   1.50   0.3 117     42938  7921    
I3727 VIR 12 45 05.7 +10 54 00 8 Sc   14.4   1.20   1.1         42969  7927    
I3728 COM 12 45 03.2 +20 58 24 8 E    16.2   0.20   0.2                
I3729 CVN 12 44 53.0 +39 21 04 8 S?   16.3   0.30   0.2  45     42958  
I3730 COM 12 45 06.5 +21 10 10 8 Scd  15.4   0.30   0.3         42971  
I3731 VIR 12 45 05.2 +12 26 47 8 C    16.5   0.5    0.4 110            
I3732 VIR 12 45 11.9 +10 19 25 8 E    16.3   0.30   0.2  45     42980  
I3733 VIR 12 45 17.3 +06 57 47 0 *                                     
I3734 COM 12 45 09.2 +23 02 18 8 E?   17.0   0.20   0.2                
I3735 COM 12 45 20.4 +13 41 33 8 E-S0 14.6   0.90   0.5 160     42991  
I3736 COM 12 45 18.8 +21 32 07 8 Sbc  15.7   0.50   0.3 170     42986  
I3737 COM 12 45 25.5 +21 57 38 0 *                                     
I3738 COM 12 45 25.3 +19 13 42 0 *                                     
I3740 COM 12 45 30.5 +20 48 57 8 S?   15.4   0.80   0.4   9     42995  
I3741 COM 12 45 33.2 +19 12 10 0 *                                     
I3742 COM 12 45 31.9 +13 19 53 8 SBc  13.8   1.70   0.9  45     43001  7932    
I3743 VIR 12 45 41.0 +11 06 00 0 *4                                    
I3744 COM 12 45 41.4 +19 30 01 8 E    17.0   0.40   0.3 160            
I3745 COM 12 45 44.8 +19 10 38 8 E    14.7   1.00   0.7         43009  
I3746 CVN 12 45 31.8 +37 49 24 8 C    15.8   0.20   0.2         43000  
I3747 CVN 12 45 34.5 +37 58 05 0 *                                     
I3748 COM 12 45 51.0 +19 25 44 0 *                                     
I3749 COM 12 45 51.4 +19 32 07 0 *                                     
I3750 COM 12 45 57.2 +19 05 55 0 *                                     
I3751 CVN 12 45 45.1 +37 49 23 8 E    16.5   0.20   0.2                
I3752 COM 12 46 02.4 +19 01 45 0 *                                     
I3753 COM 12 46 04.3 +19 07 15 0 *                                     
I3754 VIR 12 46 15.6 +08 20 55 8 SBab 14.5   1.20   0.6 128     43074  7937    
I3755 COM 12 46 09.4 +19 09 25 0 *2                                    
I3756 VIR 12 46 10.1 +11 54 53 8 S/P  16.0   0.50   0.3  20            
I3757 CVN 12 45 59.8 +38 30 48 0 *3                                    
I3758 CVN 12 45 59.6 +40 46 29 8 E    15.4   0.40   0.4         43046  
I3759 COM 12 46 17.7 +20 46 58 8 S    15.8   0.70   0.2 160            
I3760 VIR 12 46 18.2 +11 52 24 8      16.6   0.30   0.2 100     43076  
I3761 COM 12 46 27.2 +20 17 21 8 E    17.7   0.30   0.2  70            
I3762 COM 12 46 37.6 +22 14 47 8 E    17.5   0.20   0.1  40            
I3763 COM 12 46 45.9 +21 59 04 8 S?   17.0   0.40   0.4         86329  
I3764 VIR 12 46 56.7 +09 51 26 8 E-S0 14.9   0.60   0.5         43126  
I3765 CVN 12 46 35.0 +38 34 25 0 *                                     
I3766 COM 12 46 53.4 +19 06 38 8 C    17.4   0.20   0.2                
I3767 VIR 12 46 55.5 +10 10 53 8 E?   16.2   0.60   0.2  80     43119  
I3768 CVN 12 46 40.7 +40 35 49 0 *                                     
I3769 CVN 12 46 48.0 +40 28 11 0 *                                     
I3771 CVN 12 46 52.6 +39 10 23 8 E    16.7   0.30   0.2  70            
I3772 CVN 12 46 56.1 +36 31 50 8 SB?  15.6   0.70   0.4  75     43123  
I3773 VIR 12 47 15.2 +10 12 10 8 E    13.9   1.90   0.7  20     43146  7952    
I3774 CVN 12 47 01.0 +36 17 15 8 S?   16.5   0.90   0.4 110     43117  7947    
I3775 VIR 12 47 16.1 +11 45 35 8 Scd  16.4   0.90   0.3  54     43148  7953    
I3776 COM 12 47 12.1 +22 29 01 8 S?   16.8   0.50   0.3  30     86432  
I3777 VIR 12 47 25.3 +09 08 36 0 *                                     
I3778 CVN 12 47 01.9 +40 35 47 8 E    15.5   0.40   0.3  35     43131  
I3779 VIR 12 47 20.6 +12 09 56 8 E?   15.4   0.70   0.4 120     43154  
I3780 CVN 12 47 08.2 +40 14 09 0 *                                     
I3781 COM 12 47 24.6 +22 34 08 0 *2                                    
I3782 CVN 12 47 16.2 +40 22 40 0 *                                     
I3783 CVN 12 47 27.8 +40 33 57 8 S    15.5   0.70   0.6 100     43163  
I3784 COM 12 47 50.6 +19 23 03 8 S?   16.4   0.40   0.2  45     89739  
I3785 COM 12 47 52.2 +19 16 28 8 S    16.2   0.40   0.4                
I3786 CVN 12 47 36.8 +39 02 45 8 S    16.6   0.40   0.3 170            
I3787 CVN 12 47 42.6 +40 37 23 0 *                                     
I3788 COM 12 48 07.3 +18 52 03 8 S    17.5   0.50   0.5         43220  
I3789 COM 12 48 07.0 +20 11 37 8 S    15.8   0.50   0.4   0            
I3790 VIR 12 48 14.8 +11 06 25 0 *                                     
I3792 VIR 12 48 14.4 +11 05 12 0 *                                     
I3793 COM 12 48 11.8 +19 09 04 8 S    17.0   0.30   0.1  80            
I3794 COM 12 48 21.4 +19 10 08 0 *                                     
I3795 CVN 12 48 05.0 +40 43 06 8 S0   16.0   0.50   0.1  10     43221  
I3796 COM 12 48 27.2 +20 02 11 0 *                                     
I3798 VIR 12 48 43.1 +09 14 27 0 *                                     
I3799 CRV 12 48 59.5 -14 23 57 8 Scd  14.1   2.40   0.3  37     43313  
I3800 CVN 12 48 27.3 +36 34 28 8 E    16.5   0.40   0.4                
I3802 CVN 12 48 42.5 +38 14 47 0 *                                     
I3803 VIR 12 49 04.4 +10 37 54 0 *                                     
I3804 CVN 12 48 45.7 +35 19 56 8 SBb  14.3   1.30   0.8  40     43286  7973    
I3805 CVN 12 48 42.4 +38 15 09 0 *2                                    
I3806 COM 12 48 55.4 +14 54 24 8 Sa   14.7   1.40   0.5 177     43303  7974    
I3808 CVN 12 48 58.8 +40 35 43 8 Sbc  15.7   0.70   0.3 160     43312  
I3809 CVN 12 49 04.4 +36 29 20 8 E    16.6   0.50   0.3 170            
I3810 CVN 12 49 03.2 +40 38 45 0 *                                     
I3811 COM 12 49 25.6 +21 27 42 0 *                                     
I3812 VIR 12 49 53.8 -06 43 04 8 S?   14.4   0.90   0.2   7     43409  
I3813 HYA 12 50 02.3 -25 55 14 8 SB0  13.7   1.30   0.9   0     43418  
I3814 COM 12 49 32.2 +20 02 58 8 Sb   16.5   0.50   0.4 125            
I3815 COM 12 49 38.5 +19 16 27 8 S?   16.7   0.50   0.2 160     89740  
I3816 CVN 12 49 28.4 +37 13 49 8 C    16.1   0.50   0.5         43369  
I3817 COM 12 49 43.4 +22 49 52 8 P    17.0   0.30   0.2  40            
I3818 COM 12 49 46.8 +21 45 05 8 S    16.0   0.50   0.2 178            
I3819 CRV 12 50 16.3 -14 22 50 8 E    16.4   0.30   0.2  90            
I3820 CVN 12 49 39.0 +37 07 00 8 C    16.0   0.20   0.2                
I3821 COM 12 49 57.6 +20 58 07 0 *                                     
I3822 CRV 12 50 22.6 -14 19 23 8 S    15.8   1.20   0.1  40     43443  
I3823 CVN 12 49 43.9 +40 53 00 0 *                                     
I3824 CRV 12 50 30.5 -14 25 33 8 E    15.6   0.50   0.3   0     170210 
I3825 CRV 12 50 37.1 -14 31 13 8 S    16.0   0.30   0.2   5            
I3826 VIR 12 50 39.8 -09 01 53 8 S0   13.6   1.90   0.8   3     43473  
I3827 CRV 12 50 51.8 -14 29 32 8 Sc   14.1   0.80   0.7  71     43487  
I3828 CVN 12 50 20.6 +37 56 56 8 S    16.0   0.30   0.2  50            
I3829 HYA 12 52 13.3 -29 50 27 8 SB0  12.6   2.70   0.8   9     43642  
I3830 COM 12 50 51.3 +19 50 08 0 *                                     
I3831 CRV 12 51 18.5 -14 34 26 8 S0   13.8   1.40   0.9 130     43536  
I3832 CVN 12 50 49.0 +39 48 34 8 Sc   16.3   0.50   0.5         43482  
I3833 CRV 12 51 32.3 -13 19 50 8 S0-a 13.7   1.80   0.7  35     43560  
I3834 CRV 12 51 32.3 -14 13 17 8 Sb   14.5   0.80   0.4  85     43559  
I3835 CVN 12 50 55.8 +40 11 10 8 S    16.0   0.40   0.2 100            
I3836 CVN 12 51 03.6 +40 11 00 8 S    16.2   0.30   0.1  90            
I3837 COM 12 51 33.0 +19 43 21 8 S    17.2   0.30   0.1  80            
I3839 COM 12 51 46.2 +20 25 15 0 *                                     
I3841 COM 12 51 50.6 +22 20 37 0 *2                                    
I3842 CVN 12 51 35.8 +40 22 17 8 C    16.2   0.30   0.3                
I3843 CVN 12 51 39.0 +39 00 01 8 S    16.2   0.40   0.2   0            
I3844 CVN 12 52 06.4 +39 49 05 8 Sc   16.2   0.3    0.2  30     43622  
I3845 CVN 12 52 08.7 +38 37 05 0 *                                     
I3847 COM 12 52 33.7 +22 03 53 8 S?   17.9   0.30   0.2 130     86330  
I3848 COM 12 52 40.5 +21 24 51 8 S0   16.5   0.30   0.3                
I3849 CVN 12 52 37.0 +40 46 18 0 *                                     
I3850 CVN 12 52 39.6 +40 06 09 8 S    14.3   1.00   0.8         43702  
I3851 COM 12 53 04.7 +21 54 32 0 *                                     
I3852 CVN 12 53 03.2 +35 46 21 8 SBcd 15.0   1.20   0.6  60     43750  8019    
I3853 CVN 12 53 10.5 +38 49 44 8 E    17.0   0.40   0.3   0            
I3854 CVN 12 53 12.6 +40 50 54 8 S    16.8   0.50   0.2  10            
I3855 CVN 12 53 22.6 +36 47 09 8 S0   16.7   0.50   0.2 105            
I3856 COM 12 53 45.2 +20 05 34 8 S    15.8   0.80   0.2 125            
I3857 COM 12 53 56.1 +19 36 23 8 E    17.0   0.30   0.2 100            
I3858 COM 12 53 55.6 +20 47 18 0 *                                     
I3859 VIR 12 54 19.9 -09 07 04 8 S    14.3   1.00   0.3 165     170216 
I3861 CVN 12 53 50.8 +38 16 55 8 E    16.2   0.30   0.2 120            
I3862 CVN 12 53 53.2 +36 05 10 8 Sd   15.1   1.30   0.6 157     43844  8023    
I3863 CVN 12 53 53.9 +38 28 49 8 S0   16.0   0.60   0.2  85            
I3864 COM 12 54 12.3 +18 57 03 8 S    16.5   0.30   0.2 100            
I3865 COM 12 54 14.2 +18 52 05 8 E    16.0   0.40   0.4                
I3866 COM 12 54 15.5 +22 21 49 8 S    16.2   0.30   0.3                
I3867 COM 12 54 19.5 +18 56 30 8 S    16.4   0.50   0.3 100     87471  
I3868 COM 12 54 20.9 +18 59 24 8 S    16.5   0.30   0.2  60            
I3869 COM 12 54 21.2 +18 58 16 8 S    17.6   0.30   0.2  60     87472  
I3870 COM 12 54 21.6 +22 22 50 8 E    16.5   0.20   0.2                
I3871 COM 12 54 25.7 +18 55 42 8 E    15.8   0.40   0.4                
I3872 COM 12 54 30.5 +18 57 44 8 E    16.0   0.30   0.3                
I3873 COM 12 54 31.6 +18 52 55 8 S    16.5   0.40   0.3 120            
I3874 COM 12 54 34.4 +18 57 25 8 E    16.2   0.30   0.3         87473  
I3875 COM 12 54 37.2 +22 02 07 8 C    16.5   0.20   0.2                
I3876 COM 12 54 48.4 +19 00 53 8 S    17.5   0.20   0.2                
I3877 COM 12 54 48.5 +19 10 33 8 SBc  13.7   3.70   0.9  30     43961  8036    
I3878 CVN 12 54 29.5 +40 04 10 0 *                                     
I3879 CVN 12 54 32.0 +38 37 41 8 S    16.5   0.70   0.5   5     43911  
I3880 COM 12 54 47.9 +22 30 08 8 E    17.8   0.30   0.2 165            
I3881 COM 12 54 54.0 +19 07 02 8 C    16.0   0.20   0.2                
I3882 COM 12 54 53.7 +22 34 28 8 E    16.5   0.30   0.2 155            
I3883 VIR 12 55 13.5 -08 07 15 8 Sbc  14.0   0.90   0.4  10     44016  
I3884 COM 12 54 57.7 +19 40 52 8 E    17.3   0.40   0.4                
I3885 CVN 12 54 42.7 +37 09 14 8 S    16.0   0.30   0.3                
I3886 COM 12 55 00.8 +19 02 02 8 S    16.2   0.30   0.2   0            
I3887 CVN 12 54 43.8 +40 18 16 0 *                                     
I3888 CVN 12 54 46.3 +39 34 17 8 S0   15.3   1.00   0.2  50     43956  
I3889 CVN 12 54 50.8 +36 00 58 0 *                                     
I3890 CVN 12 54 50.1 +37 11 05 8 S    16.2   0.30   0.1  15            
I3891 CVN 12 54 58.3 +36 03 07 8 S    16.2   0.30   0.2 100            
I3892 CVN 12 55 06.0 +39 13 21 8 Sab  15.4   1.30   0.6 175     44001  8044    
I3893 CVN 12 55 07.6 +38 37 26 8 S    16.5   0.40   0.2  70            
I3894 COM 12 55 27.2 +19 04 04 0 *2                                    
I3895 CVN 12 55 09.3 +39 12 11 8 Sb   15.5   0.80   0.8         44010  
I3896 CEN 12 56 42.8 -50 20 52 8 E    12.3   2.50   1.8  10     44180  
I3897 CVN 12 55 19.0 +39 40 21 8 S    16.4   0.30   0.2  15            
I3898 CVN 12 55 23.8 +37 34 58 8 E    17.2   0.20   0.1 170            
I3899 COM 12 55 40.6 +20 38 11 8 S    17.5   0.40   0.2  45            
I3900 COM 12 55 41.2 +27 15 03 8 SB0  14.8   0.70   0.5   0     44068  
I3901 COM 12 55 59.3 +21 55 36 0 *                                     
I3902 CVN 12 55 38.7 +35 59 42 0 *                                     
I3903 CVN 12 55 38.6 +40 23 58 0 *                                     
I3904 CVN 12 55 45.5 +36 17 34 8 SBc  16.0   0.70   0.5  70     44075  
I3905 COM 12 56 08.7 +19 51 08 8 S    16.0   0.30   0.2 110            
I3906 CVN 12 55 46.0 +40 27 18 0 *                                     
I3907 COM 12 56 18.3 +18 47 01 8 S    17.0   0.20   0.1   0            
I3908 VIR 12 56 40.3 -07 33 40 8 Scd  14.5   1.80   0.7 170     44166  
I3909 CVN 12 56 02.7 +40 23 05 8 E    16.2   0.30   0.2  70            
I3910 CVN 12 56 04.8 +39 43 11 0 *2                                    
I3911 CVN 12 56 09.2 +35 38 11 8 E    16.3   0.30   0.3                
I3912 CVN 12 56 07.7 +39 54 36 0 *                                     
I3913 COM 12 56 28.8 +27 17 25 8 Sc   15.4   0.70   0.6         44147  
I3914 CVN 12 56 22.7 +36 21 36 8 E    16.7   0.20   0.2                
I3915 COM 12 56 37.6 +20 07 28 0 *                                     
I3916 CVN 12 56 31.2 +38 36 49 8 S?   15.4   0.90   0.6 135     44150  8063    
I3917 COM 12 56 51.6 +22 00 20 0 *                                     
I3918 COM 12 56 53.5 +22 22 22 8 Sc   15.6   0.60   0.3   0     44205  
I3920 CVN 12 56 50.0 +39 57 31 8 S0   15.7   0.60   0.2  10            
I3921 CVN 12 56 56.7 +38 38 22 8 S    16.2   0.50   0.2  80            
I3922 CVN 12 56 57.5 +38 28 41 8 S0   15.8   1.00   0.2  95     140039 
I3923 CVN 12 57 00.9 +37 57 21 0 *2                                    
I3924 COM 12 57 24.9 +18 46 52 8 E    17.5   0.10   0.1                
I3925 CVN 12 57 15.4 +36 25 18 0 *2                                    
I3926 COM 12 57 30.4 +22 48 42 0 *                                     
I3927 HYA 12 58 10.4 -22 52 36 8 E-S0 13.6   1.10   0.9         44419  
I3928 CVN 12 57 18.3 +40 26 28 8 E    16.5   0.30   0.2 160            
I3929 COM 12 57 41.0 +20 23 49 8 S    16.6   0.40   0.4                
I3930 CVN 12 57 22.4 +38 45 51 8 S    16.0   0.50   0.2  10            
I3931 COM 12 57 57.2 +19 37 00 8 E    15.8   0.30   0.2  10            
I3932 COM 12 58 05.3 +19 34 59 0 *                                     
I3933 CVN 12 57 57.1 +36 38 41 0 *                                     
I3934 COM 12 58 17.5 +18 49 28 8 S    16.0   0.40   0.4                
I3935 COM 12 58 12.7 +26 23 45 8 S0   14.1   1.90   1.4 175     44424  8086    
I3936 COM 12 58 20.2 +19 03 26 0 *2                                    
I3937 COM 12 58 24.7 +18 49 04 8 E    16.2   0.20   0.2                
I3938 COM 12 58 23.8 +18 44 36 0 *                                     
I3939 COM 12 58 28.0 +18 45 04 0 *                                     
I3940 CVN 12 58 16.4 +35 50 20 8 C    15.7   0.40   0.2 140     44429  
I3941 CVN 12 58 13.8 +39 46 22 8 E    16.7   0.30   0.3                
I3942 CVN 12 58 19.8 +36 06 33 0 *                                     
I3943 COM 12 58 36.5 +28 06 46 8 S0-a 15.6   0.60   0.2  50     44485  
I3944 COM 12 58 44.8 +23 46 50 8 S    16.2   0.40   0.2  60     140043 
I3945 CVN 12 58 29.6 +39 56 06 8 S0   16.0   0.60   0.2  15            
I3946 COM 12 58 49.1 +27 48 33 8 S0   15.2   0.70   0.4  80     44508  
I3947 COM 12 58 52.0 +27 47 06 8 S0   15.4   0.30   0.2  95     44515  
I3948 COM 12 58 58.1 +24 03 39 8 E    17.0   0.20   0.2                
I3949 COM 12 58 56.6 +27 49 57 8 S0   15.1   1.00   0.2  73     44524  8096    
I3950 COM 12 59 06.0 +18 44 08 8 S    16.9   0.40   0.3 155            
I3951 COM 12 59 10.1 +18 45 51 8 S    17.0   0.50   0.2 155            
I3952 CVN 12 58 52.1 +38 52 09 8 E    16.0   0.30   0.3                
I3953 COM 12 59 09.1 +23 05 12 8 E    16.5   0.20   0.2                
I3954 COM 12 59 12.7 +19 16 19 8 S    17.0   0.40   0.2  90            
I3955 COM 12 59 06.1 +27 59 44 8 SB0  15.4   0.40   0.2  30     44544  
I3956 CVN 12 58 56.4 +37 23 53 8 C    16.2   0.30   0.3                
I3957 COM 12 59 07.5 +27 45 58 8 E    15.6   0.40   0.4         44554  
I3958 COM 12 59 11.4 +24 01 18 8 E    16.5   0.20   0.2                
I3959 COM 12 59 08.3 +27 46 59 8 E    15.2   0.50   0.5         44553  
I3960 COM 12 59 08.0 +27 51 15 8 SB0  15.7   0.40   0.4         44551  
I3961 CVN 12 59 00.5 +34 50 41 8 SBm  14.1   3.30   1.9  15     44536  8098    
I3962 COM 12 59 15.1 +23 40 02 0 *                                     
I3963 COM 12 59 13.6 +27 46 24 8 S0   15.7   0.70   0.3  85     44567  
I3964 COM 12 59 13.6 +27 51 02 0 *                                     
I3965 COM 12 59 22.8 +18 50 33 8 E    17.0   0.20   0.1 160            
I3966 CVN 12 59 13.1 +35 51 13 8 Sc   15.9   0.70   0.5  35     44565  
I3967 CVN 12 59 12.8 +36 07 45 8 S?   15.7   0.40   0.2  40     44561  
I3968 COM 12 59 25.6 +27 58 19 8 S0   16.2   0.40   0.2  45     44598  
I3969 COM 12 59 31.6 +19 38 59 0 *                                     
I3970 CVN 12 59 12.7 +40 24 00 0 *                                     
I3971 COM 12 59 31.7 +22 50 41 8 S?   17.0   0.30   0.2  90     44617  
I3972 CVN 12 59 17.1 +37 16 43 0 *                                     
I3973 COM 12 59 30.7 +27 53 04 8 SB0  15.4   0.50   0.3 160     44612  
I3974 CEN 13 05 20.2 -35 20 15 8 SBab 12.7   2.40   1.2  10     45269  
I3975 CVN 12 59 15.6 +38 52 57 8 S0   15.5   0.70   0.4  10     44555  
I3976 COM 12 59 29.5 +27 50 58 8 E    15.7   0.50   0.2 160     44603  
I3977 CVN 12 59 19.6 +36 47 53 0 *                                     
I3978 COM 12 59 37.4 +19 37 17 8 E    17.5   0.10   0.1                
I3979 CVN 12 59 20.9 +36 19 26 0 *                                     
I3980 CVN 12 59 18.6 +39 09 02 8 S    16.3   0.30   0.2  70            
I3981 CVN 12 59 21.5 +37 13 39 0 *                                     
I3982 CVN 12 59 18.6 +40 04 48 0 *                                     
I3983 CVN 12 59 20.3 +39 14 46 0 *2                                    
I3984 COM 12 59 40.2 +19 37 19 8 S    17.0   0.30   0.1 105            
I3985 COM 12 59 43.1 +19 35 28 8 C+C  16.2   0.30   0.2  70            
I3986 CEN 13 01 32.2 -32 17 31 8 E    13.3   1.60   1.2 126     44905  
I3987 CVN 12 59 25.0 +38 44 00 8 E    15.6   0.40   0.4                
I3988 CVN 12 59 26.8 +37 14 39 0 *                                     
I3989 CVN 12 59 30.8 +36 46 20 0 *                                     
I3990 COM 12 59 39.3 +28 53 40 8 Sa   15.1   0.90   0.3  20     44633  
I3991 COM 12 59 39.8 +28 55 31 8 E-S0 15.5   0.70   0.3  70     44632  
I3992 CVN 12 59 33.4 +36 46 17 0 *                                     
I3993 CVN 12 59 30.4 +40 36 06 8 E    15.8   0.30   0.3                
I3994 COM 12 59 50.7 +22 42 56 8 S    17.5   0.20   0.2                
I3995 CVN 12 59 34.1 +38 53 13 0 *                                     
I3996 CVN 12 59 31.5 +40 28 00 0 *                                     
I3997 CVN 12 59 37.0 +36 41 40 8 E    16.5   0.30   0.2  10            
I3998 COM 12 59 46.9 +27 58 20 8 SB0  15.6   0.80   0.5  10     44664  
I3999 VIR 12 59 30.8 -14 07 57 8 SBc  14.4   1.10   0.8 120     44610  
I4000 CVN 12 59 36.6 +39 35 14 8 C    16.3   0.20   0.2                
I4001 CVN 12 59 37.8 +38 52 09 8 S    15.8   0.60   0.3  25            
I4002 CVN 12 59 40.7 +36 45 50 8 C    16.0   0.40   0.2  80     44648  
I4003 CVN 12 59 39.3 +38 48 56 8 S    15.2   0.80   0.8         44619  
I4004 CVN 12 59 42.8 +38 48 38 8 S    15.3   0.80   0.8         44618  
I4005 COM 13 00 02.6 +22 38 22 0 *2                                    
I4006 CVN 12 59 49.0 +37 00 36 0 *                                     
I4007 COM 13 00 07.0 +19 57 51 8 S    16.2   0.40   0.2 150            
I4008 COM 13 00 06.0 +22 21 00 0 *2                                    
I4009 CVN 12 59 52.7 +36 39 39 0 *                                     
I4010 CVN 12 59 53.9 +37 51 32 8 S    16.5   0.40   0.2  70            
I4011 COM 13 00 06.6 +28 00 09 8 E    16.2   0.50   0.5         44705  
I4012 COM 13 00 08.1 +28 04 40 8 E    16.0   0.30   0.2 135     44714  
I4013 CVN 12 59 57.9 +37 11 52 0 *                                     
I4014 COM 13 00 13.9 +22 29 55 8 E    16.0   0.20   0.2                
I4015 CVN 12 59 59.6 +37 11 36 8 S?   15.4   0.40   0.3   0     44690  8111    
I4016 CVN 12 59 59.9 +37 11 12 8 S?   15.8   0.40   0.2 170     44696  8111    
I4017 COM 13 00 15.8 +22 33 18 8 S    16.2   0.20   0.1 100            
I4018 CVN 12 59 57.4 +40 29 18 8 E    16.5   0.30   0.2   0            
I4019 COM 13 00 17.2 +23 43 08 0 *                                     
I4020 CVN 13 00 03.4 +38 36 33 8 S    16.0   0.80   0.1  85            
I4021 COM 13 00 14.9 +28 02 24 8 E    15.9   0.40   0.4         44726  
I4022 CVN 13 00 04.9 +38 28 43 0 *                                     
I4023 COM 13 00 26.5 +19 05 46 8 E    16.0   0.30   0.3                
I4024 CVN 13 00 03.9 +40 30 30 0 *                                     
I4025 COM 13 00 26.5 +19 05 48 8 E    16.5   0.30   0.3                
I4026 COM 13 00 22.3 +28 02 45 8 SB0  15.6   0.30   0.3         44749  
I4027 CVN 13 00 13.8 +37 08 25 8 SB0  16.0   0.30   0.1 135            
I4028 CVN 13 00 16.5 +36 15 09 8 SBc  15.2   1.00   1.0         44731  8115    
I4029 CVN 13 00 14.2 +38 45 33 8 S0   16.0   0.30   0.1 100            
I4030 COM 13 00 28.0 +27 57 16 8 S0   16.5   0.40   0.3  10     44763  
I4031 CVN 13 00 15.5 +39 08 40 8 E    16.5   0.20   0.2                
I4032 COM 13 00 25.8 +28 52 02 8 S0   15.5   0.40   0.3 160     44756  
I4033 COM 13 00 28.6 +27 58 18 8 S0   16.0   0.70   0.3  95     44771  
I4034 CVN 13 00 19.8 +37 02 43 8 E    16.0   0.20   0.2                
I4035 CVN 13 00 16.7 +40 17 56 8 S    16.2   0.40   0.2  40            
I4036 CVN 13 00 20.6 +36 54 32 0 *                                     
I4037 CVN 13 00 19.5 +39 00 06 8 C    16.5   0.30   0.2 100            
I4038 CVN 13 00 21.7 +37 02 21 8 S0   16.3   0.30   0.2 170            
I4039 COM 13 00 39.3 +21 41 30 8 C    16.3   0.20   0.2                
I4040 COM 13 00 38.1 +28 03 22 8 SBcd 15.3   0.70   0.3 160     44789  
I4041 COM 13 00 40.8 +27 59 47 8 E    15.4   0.40   0.2  30     44804  
I4042 COM 13 00 42.7 +27 58 16 8 SB0  15.3   0.50   0.5         44808  
I4043 CVN 13 00 34.9 +37 04 13 8 Sd   16.5   0.90   0.3 160     44814  8123    
I4044 COM 13 00 47.5 +27 55 16 8 S0-a 16.3   0.30   0.2  45     44821  
I4045 COM 13 00 48.8 +28 05 23 8 E    14.9   0.80   0.5 100     44818  
I4046 CVN 13 00 39.7 +36 41 05 0 *                                     
I4047 COM 13 00 57.6 +19 41 13 8 Sb   15.9   0.40   0.4         44816  
I4048 CVN 13 00 38.2 +39 49 48 8 S    16.0   0.40   0.2   0            
I4049 CVN 13 00 42.6 +36 20 43 8 S0   15.3   0.90   0.9         44806  8124    
I4050 CVN 13 00 43.5 +36 44 17 0 *2                                    
I4051 COM 13 00 54.4 +28 00 23 8 E    14.2   1.00   0.8 100     44832  8129    
I4052 CVN 13 00 41.8 +39 40 02 0 *                                     
I4053 COM 13 01 01.3 +22 55 25 0 *                                     
I4054 COM 13 01 01.3 +22 54 14 0 *                                     
I4056 CVN 13 00 44.3 +39 45 14 8 SBbc 15.7   0.80   0.6  90     44810  8126    
I4057 COM 13 01 05.4 +23 09 32 0 *2                                    
I4058 COM 13 01 09.3 +19 29 36 8 S    15.8   0.30   0.2 100            
I4059 COM 13 01 15.4 +19 16 21 8 E    16.0   0.30   0.3                
I4060 CVN 13 00 52.4 +40 35 02 8 S?   15.8   0.70   0.5 165     44823  
I4061 CVN 13 00 57.4 +39 34 58 8 C    16.0   0.30   0.2  90            
I4062 CVN 13 00 58.7 +39 51 29 8 SB   15.0   0.40   0.4         44836  
I4063 CVN 13 01 06.6 +39 14 40 8 C    16.5   0.20   0.2                
I4064 CVN 13 01 06.7 +39 50 28 8 S0   14.7   1.60   1.2  30     44867  8131    
I4065 CVN 13 01 10.9 +39 44 38 8 S    15.3   0.80   0.4 135     44868  
I4066 COM 13 01 40.1 +19 16 19 0 *                                     
I4067 CVN 13 01 20.2 +39 56 25 8 S0   16.0   0.30   0.3                
I4068 CVN 13 01 20.2 +39 53 54 8 S0   16.0   0.30   0.2  70     44889  
I4069 CVN 13 01 24.9 +36 06 43 8 S    16.5   0.30   0.1   5            
I4070 COM 13 01 43.2 +19 18 04 8 E    14.8   0.40   0.2  45            
I4071 VIR 13 02 04.0 -07 36 13 8 S    14.0   0.80   0.5   5     44956  
I4072 CVN 13 01 25.8 +37 21 14 0 *                                     
I4073 CVN 13 01 25.6 +39 54 51 8 S    15.4   0.70   0.2 145     44888  
I4074 COM 13 01 48.8 +19 00 29 8 S    17.0   0.30   0.3                
I4075 COM 13 01 48.6 +19 57 51 8 E    16.0   0.30   0.2 100            
I4076 COM 13 01 48.5 +23 23 21 8 E    17.2   0.30   0.3                
I4077 CVN 13 01 34.0 +37 23 10 8 C    16.1   0.30   0.2  60     44907  
I4078 CVN 13 01 35.4 +36 35 36 0 *2                                    
I4079 COM 13 01 56.8 +19 14 52 8 C    17.5   0.10   0.1                
I4080 COM 13 01 57.6 +19 15 09 8 S    17.0   0.20   0.2                
I4081 COM 13 01 55.2 +22 46 16 8 E    16.7   0.30   0.2 150            
I4082 CVN 13 01 39.3 +37 20 25 8 E    16.5   0.30   0.2 100            
I4083 CVN 13 01 38.7 +38 08 30 8 SB0  16.5   0.40   0.3  20            
I4084 CVN 13 01 41.2 +36 57 55 0 *2                                    
I4085 CVN 13 01 38.1 +39 42 10 8 E    16.0   0.30   0.2 140            
I4086 CVN 13 01 43.0 +36 38 50 8 Sc   15.5   0.90   0.8   0     44920  8141    
I4087 COM 13 02 00.4 +19 59 37 8 S    16.0   0.40   0.3   0            
I4088 COM 13 01 43.5 +29 02 37 8 Sa-b 14.7   1.50   0.5  89     44921  8140    
I4089 COM 13 02 01.7 +19 30 08 8 S    16.5   0.20   0.2                
I4090 CVN 13 01 46.4 +36 50 12 0 *                                     
I4091 COM 13 02 12.8 +19 53 32 8 S    16.2   0.30   0.1 135            
I4092 COM 13 02 13.8 +19 10 59 0 *                                     
I4094 CVN 13 01 58.5 +37 47 41 8 S    16.2   0.30   0.2 150            
I4095 COM 13 02 20.3 +19 05 59 8 S    16.6   0.50   0.2  25            
I4096 COM 13 02 16.9 +24 00 39 8 E    17.4   0.20   0.2         140053 
I4097 CVN 13 02 05.1 +36 36 16 0 *                                     
I4098 CVN 13 02 04.1 +37 58 46 8 P    16.0   0.40   0.2 105            
I4099 COM 13 02 23.2 +24 01 45 8 E    17.1   0.20   0.2                
I4100 CVN 13 02 04.8 +40 24 29 8 Sc   14.8   1.40   1.1 110     44963  8144    
I4101 CVN 13 02 13.8 +39 56 25 0 *                                     
I4102 CVN 13 02 18.0 +36 09 05 8 E    16.5   0.20   0.1  80            
I4103 CVN 13 02 19.1 +38 00 57 8 S    16.5   0.80   0.5  80     44989  
I4104 CVN 13 02 18.2 +38 35 30 8 E    16.0   0.30   0.2   0            
I4105 CVN 13 02 18.9 +38 16 14 8 E    16.0   0.30   0.3                
I4106 COM 13 02 38.5 +28 06 48 8 SB0- 15.5   0.90   0.7 160     45025  
I4107 COM 13 02 41.7 +21 59 50 8 dE   18.5   0.70   0.7         87149  
I4108 CVN 13 02 31.5 +38 28 42 8 S    15.4   0.50   0.3 135     45005  
I4109 COM 13 02 57.4 +18 59 46 8 C    16.5   0.20   0.2                
I4110 COM 13 02 58.3 +19 13 37 8 E    17.0   0.20   0.2                
I4111 COM 13 02 56.7 +28 04 12 8 S0   15.8   0.40   0.2 135     45051  
I4112 CVN 13 02 45.5 +37 12 40 0 *                                     
I4113 COM 13 03 03.4 +20 28 23 8 C    17.0   0.20   0.2                
I4114 CVN 13 02 42.0 +40 06 15 8 S    16.5   0.30   0.1  40            
I4115 CVN 13 02 49.0 +37 13 18 8 S?   14.5   0.40   0.4         45036  
I4116 COM 13 03 10.2 +19 04 57 0 *                                     
I4117 CVN 13 02 48.4 +40 31 30 0 *                                     
I4118 CVN 13 02 51.6 +38 17 35 8 S0   15.5   0.50   0.3 100     45040  
I4119 COM 13 03 15.1 +19 13 55 8 S    17.5   0.20   0.1  22            
I4120 CVN 13 03 01.7 +37 04 51 0 *                                     
I4121 COM 13 03 21.5 +19 16 52 0 *                                     
I4122 COM 13 03 24.4 +20 11 46 8 E    15.4   0.30   0.3         45092  
I4123 CVN 13 03 05.8 +38 18 52 8 S?   15.2   0.50   0.5         45059  
I4124 COM 13 03 31.1 +22 50 50 0 *2                                    
I4125 COM 13 03 34.9 +18 48 12 8 E    16.3   0.50   0.4  80            
I4126 COM 13 03 36.4 +19 19 22 0 *                                     
I4127 CVN 13 03 17.5 +38 02 44 8 S0   16.1   0.50   0.3  40     45089  
I4128 COM 13 03 41.2 +20 13 00 8 S    16.4   0.50   0.3  80            
I4129 COM 13 03 43.9 +18 52 34 8 E    16.2   0.30   0.2  30            
I4130 COM 13 03 46.6 +19 16 14 8 S0   17.5   1.00   0.9  80     45103  
I4131 CVN 13 03 25.5 +38 57 02 8 P    16.3   0.60   0.4 160            
I4132 CVN 13 03 33.8 +38 22 39 0 *                                     
I4133 COM 13 03 50.9 +27 59 13 8 E    15.4   0.30   0.3         45140  
I4134 VIR 13 02 04.2 -11 22 44 8 Irr  14.0   1.00   0.7 170     44958  
I4135 CVN 13 03 37.3 +40 14 53 8 S?   16.0   0.90   0.7  40     45108  8163    
I4136 VIR 13 04 19.0 -07 38 58 8 SBcd 13.2   1.60   1.3 140     45177  
I4137 COM 13 03 59.2 +22 44 24 8 C    16.7   0.30   0.3                
I4138 COM 13 04 02.0 +20 39 53 8 S    16.2   0.30   0.2 170            
I4139 COM 13 04 04.1 +19 17 42 8 E    16.8   0.30   0.3                
I4140 COM 13 04 06.0 +20 05 45 8 C    17.0   0.20   0.2                
I4141 COM 13 04 07.7 +19 12 36 8 S    17.0   0.70   0.6         45147  
I4142 CVN 13 03 47.4 +38 11 39 0 *                                     
I4143 CVN 13 03 45.6 +40 12 23 0 *                                     
I4144 CVN 13 03 50.2 +36 56 31 8 Sb   16.1   1.10   0.1   6     45145  8169    
I4145 CVN 13 03 49.8 +38 17 09 8 S    15.8   0.60   0.2 140            
I4146 COM 13 04 10.3 +19 16 39 8 E    16.2   0.20   0.2                
I4147 COM 13 04 09.5 +20 14 59 8 Sd   18.0   0.60   0.3 170            
I4148 COM 13 04 10.6 +19 15 31 8 E    16.5   0.20   0.1  70            
I4149 COM 13 04 10.8 +22 17 22 8 SB?  15.5   0.80   0.4  90     45159  
I4150 COM 13 04 13.1 +21 59 12 0 *                                     
I4151 CVN 13 03 59.2 +36 51 24 8 P    16.5   0.30   0.2  10            
I4152 CVN 13 03 58.5 +38 11 55 8 C    16.2   0.30   0.3                
I4153 COM 13 04 26.5 +19 02 38 0 *                                     
I4154 COM 13 04 28.3 +23 34 28 8 E    16.0   0.30   0.3                
I4155 CVN 13 04 14.7 +40 01 51 0 *                                     
I4156 VIR 13 04 55.8 -07 56 49 8 SBd  15.2   2.00   0.7 147     45224  
I4157 CVN 13 04 18.3 +38 39 47 0 *                                     
I4158 CVN 13 04 24.6 +36 28 48 8 S0   15.8   0.50   0.2 130            
I4159 COM 13 04 45.9 +22 14 28 8 P    16.5   0.20   0.2                
I4160 COM 13 04 48.0 +22 53 33 8 S    17.3   0.40   0.2  15            
I4161 CVN 13 04 35.2 +39 58 37 8 S0   16.0   0.50   0.1 105            
I4162 COM 13 05 03.0 +20 33 14 8 E    16.0   0.30   0.3                
I4163 COM 13 05 07.9 +20 46 14 8 P    16.6   0.40   0.3  20            
I4164 COM 13 05 14.5 +20 32 47 8 S    16.0   0.30   0.1 135            
I4165 CVN 13 04 57.1 +39 55 27 8 Sc   14.8   0.70   0.7         45223  
I4166 CVN 13 05 18.7 +31 26 29 8 SBab 15.1   0.90   0.5   0     45264  8180    
I4167 COM 13 05 30.7 +21 54 36 8 E    17.5   0.30   0.2 170            
I4168 CVN 13 05 10.8 +40 02 57 8 S    16.0   0.60   0.4  70     45244  
I4169 CVN 13 05 12.5 +38 46 23 8 C    16.0   0.20   0.2                
I4170 COM 13 05 35.0 +21 08 03 8 C    17.8   0.20   0.2  90     45290  
I4171 CVN 13 05 18.8 +36 06 07 8 Scd  14.5   0.90   0.5  85     45265  8182    
I4172 COM 13 05 32.2 +22 49 00 8 C    17.0   0.15   0.1                
I4173 VIR 13 03 54.5 -11 30 20 8 E    13.4   0.60   0.5  70     45142  
I4174 CVN 13 05 28.7 +36 23 42 0 *                                     
I4175 COM 13 05 47.4 +20 22 25 8 S    16.3   0.40   0.3 125            
I4176 VIR 13 03 56.7 -11 29 53 8 S0-a 13.0   2.00   1.1  45     45146  
I4177 VIR 13 06 29.0 -13 34 18 8 Sbc  15.8   0.90   0.4  85     45365  
I4178 CVN 13 05 41.6 +36 01 01 8 Irr  15.7   1.10   0.4 123     45306  8187    
I4179 CVN 13 05 46.2 +37 12 49 0 *                                     
I4180 HYA 13 06 56.5 -23 55 04 8 SB0- 13.6   1.30   1.0         45408  
I4181 COM 13 06 06.4 +21 29 36 8 S    16.2   0.40   0.4         140073 
I4182 CVN 13 05 49.3 +37 36 21 8 Sm   11.7   6.00   5.5         45314  8188    
I4183 COM 13 06 11.5 +21 30 15 8 E    17.2   0.30   0.3                
I4184 CVN 13 05 51.7 +38 50 14 8 S0   15.5   0.40   0.3 110            
I4185 COM 13 06 12.5 +21 46 09 8 S    16.5   0.60   0.2 140            
I4186 CVN 13 05 57.8 +36 59 05 0 *2                                    
I4187 CVN 13 05 59.7 +36 17 52 8 E-S0 15.0   0.40   0.4         45333  
I4188 CVN 13 06 02.5 +36 19 36 8 Sbc  15.5   0.60   0.3  50     45332  
I4189 CVN 13 06 03.7 +35 58 46 8 Sc   14.2   1.50   1.2         45336  8191    
I4190 CVN 13 06 06.2 +37 36 48 0 *                                     
I4191 MUS 13 08 47.5 -67 38 37 6 PN   12.0   0.08                      
I4193 CVN 13 06 06.2 +39 25 22 8 E    15.6   0.50   0.3  50     45342  
I4194 CVN 13 06 07.8 +38 52 22 0 *                                     
I4195 CVN 13 06 15.6 +37 02 15 0 *                                     
I4196 HYA 13 07 33.6 -24 00 34 8 S0   13.2   1.80   1.0 137     45466  
I4197 HYA 13 08 04.3 -23 47 51 8 E-S0 13.5   1.40   0.9 163     45514  
I4198 COM 13 07 42.8 +24 48 38 8 SB?  15.1   1.00   0.7 100     45484  8209    
I4199 CVN 13 07 32.6 +35 51 34 0 *                                     
I4200 CEN 13 09 34.8 -51 58 09 8 S0   13.9   1.50   1.0 152     45634  
I4201 CVN 13 07 51.3 +35 50 00 8 S    15.8   0.40   0.4         45490  
I4202 COM 13 08 31.6 +24 42 01 8 Sb-c 15.2   1.70   0.2 143     45549  8220    
I4203 CVN 13 08 18.9 +40 25 38 0 *                                     
I4204 CVN 13 08 21.6 +39 27 37 8 SBc  15.3   1.30   0.2  43     45534  8224    
I4206 CVN 13 09 21.7 +39 01 19 0 *                                     
I4207 CVN 13 09 27.0 +37 49 20 8 E    16.5   0.30   0.2   0            
I4208 CVN 13 09 38.2 +37 15 17 0 *                                     
I4209 VIR 13 10 22.4 -07 10 17 8 SBbc 14.5   1.40   0.5 105     45702  
I4210 COM 13 10 47.7 +29 42 31 8 SBab 15.3   0.80   0.5   0     45742  
I4211 CVN 13 10 56.4 +37 10 35 0 *2                                    
I4212 VIR 13 12 02.8 -06 59 39 8 SBc  14.3   3.10   2.4  60     45845  
I4213 CVN 13 12 11.3 +35 40 15 8 Sc   14.0   2.50   0.5 174     45848  8280    
I4214 CEN 13 17 42.7 -32 06 07 8 SBab 12.1   2.80   1.8 176     46304  
I4215 COM 13 16 16.6 +25 24 15 8 Sa-b 13.7   1.50   0.2  45     46186  8336    
I4216 VIR 13 17 01.8 -10 46 13 8 Sc   14.2   1.90   0.8  55     46252  
I4217 VIR 13 17 13.2 -13 09 22 8 Sbc  14.7   0.70   0.4  45     46275  
I4218 VIR 13 17 03.4 -02 15 45 8 S?   14.5   1.30   0.3 158     46254  8348    
I4219 CEN 13 18 29.8 -31 37 54 8 SBb  13.5   1.10   1.0         46363  
I4220 VIR 13 17 54.4 -13 36 22 8 S?   14.5   0.80   0.6 100     46316  
I4221 VIR 13 18 30.4 -14 36 36 8 SBc  13.5   1.30   0.8 165     46366  
I4222 HYA 13 19 40.3 -27 25 47 8 SBab 14.0   1.20   0.8 102     46479  
I4223 VIR 13 18 55.2 +07 47 41 8 S    15.1   0.60   0.3 160     46397  
I4224 VIR 13 19 04.7 -02 30 59 8 S?   14.6   0.90   0.6  95     46420  
I4225 CVN 13 20 00.9 +31 58 53 8 S0-a 15.2   1.00   0.3 133     46507  8378    
I4226 CVN 13 20 30.3 +32 00 14 8 S0   15.0   0.40   0.3 135     46555  
I4227 CVN 13 20 53.4 +32 11 26 8 S    15.6   0.40   0.2  85     46594  
I4228 COM 13 21 34.2 +25 30 54 8 Sc   15.4   0.70   0.4  70     46632  
I4229 VIR 13 22 26.2 -02 25 07 8 SBb  14.2   1.00   0.8 115     46717  8404    
I4230 COM 13 21 59.3 +26 44 00 8 Sa   15.3   1.00   0.2   1     46678  8402    
I4231 HYA 13 23 13.2 -26 18 03 8 Sbc  14.3   1.70   0.4  32     46768  
I4232 HYA 13 23 22.2 -26 06 35 8 Sbc  14.6   1.10   0.4   2     46779  
I4233 CEN 13 24 50.2 -30 18 31 8 E    13.1   2.20   0.7   9     46902  
I4234 COM 13 23 00.0 +27 06 58 8 SBab 14.9   0.70   0.7         46761  
I4235 VIR 13 23 52.9 -12 44 36 8 S    16.1   0.80   0.2  80     158867 
I4236 VIR 13 23 27.4 +06 23 32 8 SBc  14.4   0.80   0.7 100     46782  8413    
I4237 VIR 13 24 32.6 -21 08 15 8 SBR  13.3   2.10   1.3 140     46878  
I4238 CVN 13 23 59.9 +30 55 55 8 S0   15.8   0.80   0.2  25            
I4239 CVN 13 24 25.4 +30 57 31 8 SB0- 15.3   0.80   0.4 145     46872  
I4240 CVN 13 24 27.5 +30 58 38 8 S0   16.5   0.40   0.2  35            
I4241 COM 13 24 46.5 +26 44 17 8 E    15.5   0.50   0.5         46894  
I4242 CVN 13 24 41.1 +31 01 32 8 S0   16.0   0.50   0.3 125            
I4243 HYA 13 25 51.2 -27 37 38 8 E-S0 15.2   0.70   0.6         46984  
I4244 COM 13 24 56.2 +26 27 48 8 S0   15.3   0.30   0.2  90     46914  
I4245 HYA 13 25 59.0 -26 40 41 8      15.5   0.50   0.4         46998  
I4246 HYA 13 26 00.2 -26 40 42 8 S    15.5   0.70   0.4 140     47012  
I4247 CEN 13 26 44.4 -30 21 45 8 Sbc  14.4   1.30   0.5 158     47073  
I4248 HYA 13 26 47.1 -29 52 53 8 Sb   13.9   1.10   0.8 103     47078  
I4249 HYA 13 27 06.3 -27 57 26 8 Sab  14.5   1.40   0.4 107     47119  
I4250 COM 13 26 09.1 +26 28 36 8 S+C  15.3   0.40   0.3  85     47008  
I4251 HYA 13 27 24.1 -29 26 42 8 S0   15.0   0.80   0.6 151     47145  
I4252 HYA 13 27 28.0 -27 19 30 8 E-S0 14.1   1.30   0.7 135     47150  
I4253 HYA 13 27 32.2 -27 52 24 8 SBbc 14.8   1.40   0.6 133     47161  
I4254 HYA 13 27 45.3 -27 13 21 8 Sbc  15.6   0.60   0.5         47176  
I4255 HYA 13 28 00.1 -27 21 16 8 E    14.2   0.90   0.6  35     47209  
I4256 CVN 13 27 03.1 +30 58 33 8 Sb   15.5   0.40   0.2  45     47120  
I4257 CVN 13 27 14.5 +46 52 05 0 *                                     
I4258 CVN 13 27 53.3 +28 30 29 8 E    15.2   0.70   0.5  30     47200  
I4259 HYA 13 29 28.2 -30 08 05 8 S?   15.1   1.00   0.5 165     47356  
I4260 HYA 13 29 40.4 -28 16 00 8 Sab  15.6   1.30   0.2  94     47374  
I4261 HYA 13 29 47.6 -28 00 25 8 S0   14.5   1.00   0.7 140     47392  
I4262 HYA 13 30 23.1 -28 16 16 8 Sb   15.6   1.20   0.3  62     47457  
I4263 CVN 13 28 33.4 +46 55 35 8 SBcd 15.2   1.90   0.4 105     47270  8470    
I4264 HYA 13 30 17.5 -27 55 45 8 Scd  15.0   1.70   0.4 103     47452  
I4265 HYA 13 30 22.9 -25 45 58 8 S?   15.5   0.80   0.5 178     47456  
I4266 CVN 13 29 05.7 +37 36 40 8 S0   16.5   0.30   0.2  10            
I4267 HYA 13 30 36.0 -26 15 24 8 Sbc  15.2   1.30   0.5 137     47474  
I4268 CVN 13 29 12.2 +37 39 38 8 E    16.6   0.20   0.2                
I4269 CVN 13 29 20.9 +37 37 23 8 S0   15.5   0.40   0.4         47348  
I4270 HYA 13 30 49.1 -25 20 03 8 Sc   14.8   0.90   0.7         47500  
I4271 CVN 13 29 21.4 +37 24 47 8 S    15.8   0.60   0.4 135     47334  
I4272 HYA 13 31 16.4 -29 57 26 8 Sbc  15.6   1.00   0.2 121     47533  
I4273 HYA 13 31 29.8 -28 53 40 8 S0   15.2   0.80   0.6  30     47552  
I4274 MUS 13 33 32.9 -65 58 27 6 PN   10.3   2.60                      
I4275 HYA 13 31 51.1 -29 43 58 8 SBbc 14.2   0.90   0.5  22     47573  
I4276 HYA 13 32 06.1 -28 09 25 8 Sc   15.4   1.40   0.2  62     47594  
I4277 CVN 13 30 16.5 +47 18 50 8 S    16.5   0.90   0.1  95            
I4278 CVN 13 30 27.4 +47 14 47 8 I    16.0   0.50   0.3 170            
I4279 HYA 13 32 30.9 -27 07 41 8 Sbc  15.5   0.90   0.4  48     47642  
I4280 HYA 13 32 53.4 -24 12 27 8 Sbc  13.5   1.10   0.9         47688  
I4281 HYA 13 32 38.5 -27 10 11 8 S?   14.5   1.40   0.9  90     47653  
I4282 CVN 13 31 19.8 +47 11 00 8 dE?  18.0   0.30   0.3                
I4283 CVN 13 32 10.7 +28 23 18 8 SBb  15.4   0.50   0.3  70     47611  
I4284 CVN 13 31 31.9 +46 47 39 8 E    17.0   0.20   0.2                
I4285 CVN 13 31 45.5 +46 49 17 8 S    17.5   0.20   0.1  95            
I4286 HYA 13 33 35.7 -27 37 57 8 S?   15.9   0.40   0.4         47754  
I4287 COM 13 32 38.8 +25 26 27 8 S    15.3   0.60   0.3 160     47659  
I4288 HYA 13 34 30.3 -27 18 18 8 Sbc  14.8   1.20   0.6 117     47831  
I4289 HYA 13 34 47.8 -27 07 38 8 S0   14.3   1.00   0.8         47861  
I4290 HYA 13 35 19.6 -28 01 21 8 SBR  14.2   1.60   1.3  98     47905  
I4291 CEN 13 36 56.3 -62 05 35 3 II2p                                  
I4292 HYA 13 35 46.7 -27 40 32 8 S?   15.0   0.60   0.5         47956  
I4293 HYA 13 36 02.2 -25 52 58 8 E-S0 13.5   1.50   0.9 177     47987  
I4294 HYA 13 36 31.1 -28 46 55 8 Sb   15.6   0.80   0.4  26     48031  
I4295 HYA 13 36 34.4 -29 05 22 8 Sbc  15.1   1.00   0.4 114     48035  
I4296 CEN 13 36 38.8 -33 57 59 8 E    11.6   3.40   3.3         48040  
I4297 COM 13 35 19.2 +26 25 29 8 SBa  15.3   0.90   0.5  65     47906  8570    
I4298 HYA 13 36 34.7 -26 33 17 8 Sc   14.2   1.50   0.7 177     48036  
I4299 CEN 13 36 47.5 -34 03 59 8 SBa  13.7   1.80   0.6  58     48057  
I4300 CVN 13 35 25.1 +33 25 09 8 C    16.1   0.20   0.2         47912  
I4301 CVN 13 35 35.8 +33 22 26 8 Sbc  15.8   0.90   0.2 130     47936  8579    
I4302 CVN 13 35 35.9 +33 28 44 8 Sc   15.8   1.30   0.1 128     47935  8580    
I4303 HYA 13 37 18.2 -28 39 30 8 SBbc 15.3   1.00   0.5  65     48104  
I4304 CVN 13 35 57.9 +33 25 45 8 Sa-b 15.0   1.20   0.4  42     47980  8586    
I4305 CVN 13 35 58.3 +33 28 26 8 S0   15.0   0.70   0.6         47981  
I4306 CVN 13 36 19.6 +33 25 25 8 S?   15.8   0.50   0.2  87     48015  
I4307 BOO 13 36 36.1 +27 14 32 8 S0   15.1   0.70   0.7         48032  
I4309 HYA 13 38 50.0 -29 39 49 8 Sbc  15.5   0.70   0.5 127     48250  
I4310 HYA 13 38 57.0 -25 50 46 8 S0   13.3   2.20   0.8  73     48258  
I4311 CEN 13 40 08.0 -51 02 13 8 Sbc  14.1   1.40   1.0 170     48352  
I4312 CEN 13 40 30.8 -51 04 19 8 SB0  13.4   1.30   1.1         48384  
I4313 BOO 13 38 20.6 +26 45 35 8 C    15.6   0.40   0.4         48186  
I4314 BOO 13 38 25.0 +26 44 33 8 E    14.8   1.20   0.9         48197  
I4315 HYA 13 40 03.1 -25 28 32 8 SBc  15.0   1.60   0.3 135     48346  
I4316 HYA 13 40 18.5 -28 53 33 8 Irr  15.0   1.60   1.0  45     48368  
I4317 BOO 13 41 45.1 +27 00 16 8 SBb  15.0   0.80   0.5 175     48479  
I4318 HYA 13 43 22.7 -28 58 09 8 Sc   14.6   1.10   1.0         48613  
I4319 HYA 13 43 26.4 -29 48 14 8 Sbc  14.3   1.50   0.5  70     48617  
I4320 HYA 13 44 03.7 -27 13 56 8 S0   14.3   1.00   1.0         48655  
I4321 CEN 13 44 31.1 -30 08 25 8 Sb   15.1   0.80   0.6  26     48694  
I4322 BOO 13 43 44.1 +25 23 32 8 C    15.4   1.00   0.8         48635  
I4323 HYA 13 45 06.6 -28 39 08 8 S?   15.9   1.50   0.1  60     48748  
I4324 CEN 13 45 27.2 -30 13 40 8 Sbc  14.8   0.80   0.5 128     48776  
I4325 HYA 13 47 39.5 -29 26 06 8 SBbc 14.8   1.10   0.4 102     48908  
I4326 HYA 13 48 21.5 -29 37 37 8 S?   14.5   0.80   0.8         48966  
I4327 CEN 13 48 43.9 -30 13 07 8 SBc  14.5   1.00   0.5  57     48997  
I4328 HYA 13 49 02.8 -29 56 16 8 Sab  14.9   0.90   0.7 172     49023  
I4329 CEN 13 49 05.3 -30 17 48 8 E-S0 12.1   3.20   1.9  63     49025  
I4330 HYA 13 47 14.9 -28 19 57 8 SBc  14.8   1.20   0.6  94     48881  
I4331 BOO 13 49 24.7 +25 09 13 8 E    15.8   0.50   0.4  45            
I4332 BOO 13 49 52.4 +25 11 22 8 S    15.1   0.90   0.9         49081  
I4333 OCT 14 05 19.5 -84 16 25 8 S0   15.1   1.60   0.4  65     50242  
I4334 CVN 13 49 48.2 +29 41 36 8 S0   15.4   0.50   0.5         49072  
I4335 CVN 13 49 45.1 +33 40 22 0 *                                     
I4336 CVN 13 50 43.1 +39 42 23 8 SBb  14.7   1.40   0.4 158     49146  8761    
I4337 BOO 13 52 19.2 +14 16 19 8 S    15.5   0.50   0.2 100     49253  
I4338 VIR 13 52 54.5 -01 06 51 8 SBc  12.3   4.10   3.3  15     49308  8790    
I4339 CVN 13 53 34.3 +37 31 17 8 Sc   14.8   0.80   0.8         49366  
I4340 CVN 13 53 33.6 +37 23 10 8 S0   14.9   0.80   0.8         49364  
I4341 CVN 13 53 34.3 +37 31 17 8 Sc   14.8   0.80   0.8         49366  
I4342 BOO 13 54 22.0 +25 09 07 8 Sbc  15.4   0.80   0.3  50     49425  
I4343 BOO 13 54 55.7 +25 07 19 8 S    15.5   0.70   0.4 100     49470  
I4344 BOO 13 55 12.7 +25 01 15 8 S    15.4   0.80   0.4  70     49492  
I4345 BOO 13 55 13.5 +25 03 04 8 E    14.7   0.90   0.9         95536  
I4346 BOO 13 55 40.4 +25 09 08 8 S?   15.3   0.90   0.6   0            
I4347 CEN 13 57 25.7 -39 56 07 5 EN+*                                  
I4348 BOO 13 55 45.0 +25 12 11 8 E    15.8   0.50   0.5         49531  
I4349 BOO 13 55 46.2 +25 09 05 8 Sbc  15.3   0.90   0.4 125     49530  
I4350 HYA 13 57 13.9 -25 14 47 8 SB0- 13.7   1.60   0.9 136     49628  
I4351 HYA 13 57 53.8 -29 18 58 8 Sb   12.6   5.90   0.9  17     49676  
I4352 CEN 13 58 25.1 -34 31 05 8 Sab  13.6   1.80   0.7  88     49726  
I4353 CVN 13 56 56.9 +37 44 23 0 *                                     
I4354 VIR 13 58 30.8 -12 36 20 8 Sb   15.1   1.10   0.3 108     49731  
I4355 CVN 13 58 06.0 +28 25 18 8 Sa   15.1   0.40   0.4         49690  
I4356 CVN 13 58 45.0 +37 29 26 8 C    16.0   0.30   0.3         49759  
I4357 CVN 14 00 43.7 +31 53 37 8 Sbc  14.8   1.10   0.6  70     49879  8926    
I4358 VIR 14 03 34.1 -10 09 04 8 Sbc  15.0   1.30   0.3 115     50092  
I4359 CEN 14 05 23.3 -45 16 14 8 Sc   13.8   1.10   0.9  17     50248  
I4360 VIR 14 04 21.3 -11 25 30 8 SB/p 16.0   0.60   0.3  35     94256  
I4361 VIR 14 04 07.5 -09 46 06 8 S?   15.6   0.70   0.3 170     50131  
I4362 CEN 14 05 22.1 -41 49 11 8 SBc  13.4   1.70   0.7 146     50246  
I4363 VIR 14 04 12.3 -09 38 31 8 SBR  16.0   0.50   0.4  10     170328 
I4364 VIR 14 04 19.8 -09 59 36 8 S    15.5   0.70   0.6  56     50149  
I4365 BOO 14 03 47.3 +09 31 23 8 Sb   15.1   0.90   0.4   0     50113  
I4366 CEN 14 05 11.3 -33 45 41 8 SBR  13.3   1.60   1.3         50230  
I4367 CEN 14 05 36.4 -39 12 13 8 SBc  13.0   1.80   1.6         50266  
I4368 VIR 14 04 46.3 -09 57 44 8 E    15.1   0.80   0.4  35     170329 
I4369 CVN 14 04 05.8 +33 19 15 8 Sbc  16.2   0.40   0.3  20     50134  
I4370 CVN 14 04 09.9 +33 20 46 8 S?   15.8   0.30   0.2 110     50138  
I4371 CVN 14 04 10.9 +33 18 27 8 SB0- 15.1   0.90   0.6  50     50140  
I4372 VIR 14 05 46.0 -10 54 01 8 S    16.0   0.60   0.2  75     184370 
I4373 BOO 14 05 43.1 +25 13 53 8 E    15.6   0.40   0.4         50274  
I4374 HYA 14 07 29.8 -27 01 07 8 E-S0 13.6   1.60   1.2 120     50385  
I4375 CEN 14 08 02.9 -33 18 55 8 SBbc 12.7   3.40   1.0  22     50423  
I4376 CEN 14 10 50.5 -30 47 37 0 *3                                    
I4377 APS 14 16 58.6 -75 38 49 8 S0-a 13.6   2.70   0.9  94     51013  
I4378 CEN 14 12 09.5 -34 15 56 8 S0   14.5   1.40   0.6 154     50711  
I4379 CEN 14 12 10.1 -34 16 18 8 Sbc  15.5   1.20   0.2  90     50710  
I4380 BOO 14 10 02.1 +37 33 00 8 Scd  15.1   0.60   0.6         50565  
I4381 BOO 14 10 57.0 +25 29 45 8 SBc  14.1   2.40   1.4 135     50629  9073    
I4382 BOO 14 11 02.3 +25 31 07 8 Sb   15.6   0.60   0.1   3     50635  
I4383 BOO 14 12 12.6 +15 52 06 8 S?   15.3   0.70   0.4 100     50730  
I4384 BOO 14 11 55.9 +27 06 50 8 S0-a 15.0   0.90   0.8 170     50690  9082    
I4386 CEN 14 15 02.3 -43 57 43 8 SBd  12.7   2.90   1.8 147     50905  
I4387 CEN 14 15 01.5 -43 59 27 8 SBm  14.9   1.10   0.8  73     50904  
I4388 CEN 14 16 03.5 -31 45 14 8 Sbc  14.3   1.10   1.0         50964  
I4389 CEN 14 16 46.2 -40 33 13 8 Sc   15.1   0.90   0.7  93     51000  
I4390 CEN 14 16 59.3 -44 58 44 8 SBbc 13.8   1.80   0.6  11     51015  
I4391 CEN 14 16 27.0 -31 41 08 8 Sb   14.4   0.90   0.7  59     50988  
I4393 CEN 14 17 49.2 -31 20 56 8 Sc   14.6   2.40   0.3  77     51061  
I4395 BOO 14 17 20.8 +26 51 25 8 Sb   14.9   1.00   0.9         51033  9141    
I4396 BOO 14 17 30.3 +28 47 58 8 Sb   15.6   0.70   0.5  25     51050  
I4397 BOO 14 17 58.7 +26 24 44 8 Sbc  14.2   1.10   0.9 165     51073  9150    
I4398 BOO 14 18 03.3 +28 51 56 8 SBb  15.3   0.50   0.5         51082  
I4399 BOO 14 18 24.0 +26 23 08 8 Sb   15.3   1.10   0.7 140     51100  9157    
I4400 CEN 14 22 14.0 -60 34 11 0 *4                                    
I4401 VIR 14 19 25.1 -04 29 26 8 Sa   15.1   1.40   0.5  15     51173  
I4402 LUP 14 21 12.9 -46 17 56 8 Sb   12.1   4.20   0.9 127     51288  
I4403 BOO 14 18 16.9 +31 39 12 8 SBab 14.9   1.10   0.5 144     51091  9158    
I4404 UMI 14 10 49.4 +78 37 39 0 *                                     
I4405 BOO 14 19 16.4 +26 17 52 8 Sab  14.8   1.50   1.1  66     51167  
I4406 LUP 14 22 26.4 -44 09 04 6 PN   10.6   0.47                      
I4408 BOO 14 21 13.1 +29 59 36 8 Sb   15.0   1.00   0.4 131     51283  9191    
I4409 BOO 14 21 33.4 +31 35 06 8 Sbc  15.2   0.80   0.3  30     51306  
I4410 BOO 14 22 14.0 +17 23 50 8 Sb   15.5   0.70   0.3  55     51338  
I4412 BOO 14 23 10.2 +26 15 57 8 S    14.7   1.10   0.6 150     51391  
I4413 BOO 14 22 57.2 +37 31 39 8 C    15.6   0.30   0.3         51375  
I4414 BOO 14 23 42.6 +28 20 50 8 P    15.3   0.40   0.3   0     51414  
I4415 BOO 14 24 26.7 +16 38 22 8 S    15.9   0.40   0.2 135     84155  
I4416 BOO 14 24 17.4 +29 38 08 8 C    15.7   0.40   0.4         51452  
I4417 BOO 14 24 53.6 +17 02 16 8 E-S0 15.2   1.30   1.0         51480  
I4418 BOO 14 25 27.2 +25 31 35 8 E    15.1   0.60   0.4  90     51510  
I4419 BOO 14 25 54.6 +16 37 53 8 E    16.7   0.40   0.4         84167  
I4420 BOO 14 25 39.3 +25 22 42 8 SBc  15.4   0.70   0.5  10     51520  
I4421 CEN 14 28 31.2 -37 35 03 8 E    13.4   1.50   1.0 164     51704  
I4422 BOO 14 25 59.1 +30 28 24 8 E    15.2   0.80   0.7         51530  
I4423 BOO 14 26 17.6 +26 14 42 8 Sbc  15.3   1.10   0.6  73     51549  9247    
I4424 VIR 14 27 32.3 +04 49 15 8 S    14.6   0.90   0.3 120     51624  
I4425 BOO 14 26 44.3 +27 11 21 8 Sb   15.2   0.60   0.6         51575  
I4426 BOO 14 27 17.0 +16 49 52 8 E    15.3   0.50   0.5         51607  
I4427 BOO 14 26 59.6 +26 51 48 8 Sab  15.4   0.80   0.3 120     51591  
I4428 BOO 14 27 25.6 +16 11 25 8 S    16.0   0.50   0.3  45     84193  
I4429 BOO 14 27 37.3 +16 53 59 8 E    15.1   0.70   0.7         51637  
I4430 CEN 14 29 19.3 -33 27 20 8 SB0  13.0   2.30   1.3  15     51763  
I4431 BOO 14 27 09.5 +30 56 52 8 Sc   14.6   1.20   0.8 105     51600  9257    
I4432 CEN 14 28 49.7 -39 33 09 8 S?   16.4   1.10   0.2  50     51727  
I4433 BOO 14 27 53.3 +16 11 41 8 Sbc  16.1   0.30   0.2         84202  
I4434 BOO 14 27 54.7 +16 12 26 8 S0   15.4   1.00   0.7         51651  
I4435 BOO 14 27 24.1 +37 28 17 8 E-S0 15.2   0.50   0.5         51615  
I4436 BOO 14 27 58.2 +26 30 13 8 E    14.9   1.00   0.9         51654  
I4437 BOO 14 27 31.9 +41 30 07 0 *                                     
I4438 BOO 14 28 34.5 +17 20 01 8 Sbc  16.0   0.40   0.4         51709  
I4439 BOO 14 28 40.0 +17 01 27 8 Sbc  15.7   0.50   0.3  75     51720  
I4440 BOO 14 28 59.2 +17 19 13 8 S0   15.4   0.80   0.7         51734  
I4441 LUP 14 31 38.8 -43 25 08 8 SBbc 12.1   1.50   1.3  80     51905  
I4442 BOO 14 28 45.2 +28 57 51 8 SBa  15.4   1.00   0.6  25     51725  9287    
I4443 BOO 14 29 17.4 +16 10 51 8 Sbc  15.9   0.90   0.6  10     84220  
I4444 LUP 14 31 38.8 -43 25 08 8 SBbc 12.1   1.50   1.3  80     51905  
I4445 LUP 14 31 54.3 -46 02 09 8 Sc   15.0   1.20   0.4 154     51917  
I4446 BOO 14 29 01.4 +37 27 47 8 Sbc  15.8   0.90   0.4 100     51742  
I4447 BOO 14 29 17.9 +30 49 55 8 SB0- 14.6   1.20   0.8 175     51754  9306    
I4448 APS 14 40 27.5 -78 48 35 8 SBR  13.9   1.00   0.8 168     52426  
I4449 BOO 14 31 21.6 +15 14 24 8 S    16.5   0.50   0.3 100            
I4450 BOO 14 32 12.4 +28 33 24 8 Sbc  15.2   1.20   0.5  48     51939  9349    
I4451 CEN 14 34 37.0 -36 17 12 8 E    12.7   1.80   1.1  89     52094  
I4452 BOO 14 32 27.4 +27 25 36 8 Sa   15.0   0.40   0.4         51951  
I4453 HYA 14 34 28.6 -27 31 07 8 SB0  13.2   2.20   1.0 160     52084  
I4454 BOO 14 33 16.6 +17 42 42 8 S    17.4   0.50   0.3   0            
I4455 LIB 14 33 43.7 -14 37 12 8 Sa   15.0   0.80   0.3  30     52033  
I4456 BOO 14 34 09.1 +16 11 01 8 S    16.0   0.50   0.2 135            
I4457 BOO 14 34 28.9 +18 13 26 8 E    16.2   0.30   0.2  75            
I4458 CEN 14 38 05.0 -38 28 27 0 *3                                    
I4459 BOO 14 34 32.2 +30 58 24 8 Sb   15.5   0.50   0.2  10     52087  
I4460 BOO 14 34 36.5 +30 16 43 8 Sa   15.5   0.40   0.4         52089  
I4461 BOO 14 35 01.8 +26 32 37 8 Sb   15.2   1.30   0.7  45     52119  9384    
