N7805 000126.6 +312602 14.20 8   1.2   0.9   0    109 UGC 12908            
N7806 000130.2 +312633       8   1.1   0.8  20    112 UGC 12911            
N7807 000026.6 -185030 15.6  8                                             
N7808 000332.3 -104442 13.48 8   1.3   1.3   0    243 MCG -2- 1- 13        
N7809 000209.5 +025626       8   0.5   0.4  95    158 MCG  0- 1- 19        
N7810 000219.4 +125819       8   1.2   0.9  80    163 UGC 12919            
N7811 000226.7 +032108       8   0.4   0.4  15    168 MCG  0- 1- 20        
N7812 000254.5 -341406       8   1.1   0.7 125    195 ESO  349- 21         
N7813 000409.2 -115903 14.5  8                                             
N7814 000315.1 +160845 11.56 8   5.5   2.3 135    218 UGC     8            
N7815      		                                                  
N7816 000349.1 +072845       8   1.7   1.5   0    263 UGC    16            
N7817 000359.0 +204500       8   3.5   0.9  45    279 UGC    19            
N7818 000406.0 +072100       8   1.0   1.0   0    288 UGC    21            
N7819 000424.8 +312825 14.18 8   1.5   1.2   0    303 UGC    26            
N7820 000430.6 +051155       8   1.3   0.6 165    307 UGC    28            
N7821 000516.5 -162842       8   1.4   0.5 111    367 MCG -3- 1- 19        
N7822 000306.0 +672259       3                                             
N7823 000446.9 -620342       8   1.1   1.0   0    328 ESO  111- 12         
N7824 000506.1 +065515       8   1.6   1.2 145    354 UGC    34            
N7825 000527.0 +051034 15.5  8                                             
N7826      		                                                  
N7827 000524.0 +051300       8   1.2   0.9   0    378 UGC    38            
N7828 000627.0 -132454 14.40 8   0.9   0.5   0    483 MCG -2- 1- 25B       
N7829 000629.1 -132514 14.60 8   0.7   0.7   0    488 MCG -2- 1- 25A       
N7830      		                                                  
N7831 000719.4 +323635       8   1.7   0.4  38    569 UGC    60            
N7832 000628.5 -034258       8   1.9   1.0  20    485 MCG -1- 1- 33        
N7833      		                                                  
N7834 000636.0 +082100       8   1.1   0.8   0    504 UGC    49            
N7835 000646.6 +082536 15.5  8                                             
N7836 000801.5 +330412 14.40 8   0.9   0.5 133    608 UGC    65            
I   1                                                                      
I   2                                                                      
I   3 001206.1 -002454 15.1  1                                             
I   4 001327.3 +172906       8   1.0   0.9  10    897 UGC   123            
I   5 001734.9 -093235 14.   1                                             
I   6 001854.8 -031632 14.5  1                                             
I   7 001853.3 +103540 14.7  1                                             
I   8 001902.4 -031322 15.   1                                             
I   9 001944.0 -140718 15.   1                                             
I  10 002024.6 +591730 11.81 8   6.3   5.1   0   1305 UGC   192            
I  11 002022.9 +563518       1                                             
I  12 002015.1 -023907 16.   1                                             
I  13 002020.3 +074204       8   1.4   0.5 163   1301 UGC   195            
I  14                                                                      
I  15                                                                      
I  16                                                                      
I  17 002829.8 +023856 14.8  1                                             
I  18 002836.0 -113559 15.   1                                             
I  19 002839.5 -113826 15.0  1                                             
I  20 002839.7 -130037 14.   1                                             
I  21 002910.5 -000950 14.5  1                                             
I  22 002933.2 -090450 15.   1                                             
I  23 003050.8 -124312 14.   1                                             
I  24                                                                      
I  25 003112.1 -002425       8   0.7   0.6   0   1905 MCG  0- 2- 64        
I  26 003148.0 -131959 12.04 1                                             
I  27                                                                      
I  28                                                                      
I  29                                                                      
I  30 003414.8 -020503 15.   1                                             
I  31 003424.0 +121600       8   1.6   0.3  89   2062 UGC   340            
I  32 003501.7 -020830 15.   1                                             
I  33 003505.1 -020817 15.   1                                             
I  34 003536.2 +090722       8   2.8   1.0 156   2134 UGC   351            
I  35 003739.4 +102116       8   1.0   0.8   0   2246 UGC   374            
I  36                                                                      
I  37                                                                      
I  38 003836.9 -152526 14.   1                                             
I  39 003908.4 -141017 13.01 1                                             
I  40 003921.5 +022720 15.1  1                                             
I  41 003940.0 -141030 14.   1                                             
I  42 004105.4 -152545 15.   1                                             
I  43 004222.0 +293829 13.94 8   1.6   1.4   0   2536 UGC   448            
I  44 004215.9 +005043 14.5  1                                             
I  45 004222.6 +294150       8   0.9   0.2  51   2537 UGC   449            
I  46 004258.0 +271502       8   0.6   0.5   0   2575 CGCG 479- 63         
I  47                                                                      
I  48 004334.4 -081113 13.98 8   1.0   0.8   0   2603 MCG -1- 3-  1        
I  49 004356.1 +015053 14.20 8   1.5   1.3  95   2617 UGC   468            
I  50 004605.7 -093010 14.   1                                             
I  51 004624.3 -132634       8   1.3   1.2   0   2710 MCG -2- 3- 11        
I  52 004823.8 +040532       8   1.0   0.4  97   2834 UGC   494            
I  53 005042.0 +103600       8   1.1   1.1   0   2951 UGC   516            
I  54                                                                      
I  55                                                                      
I  56 005130.0 -125042       8   0.8   0.8   0   3014 MCG -2- 3- 30        
I  56 005151.3 -124604       8   0.4   0.3   0   3035                      
I  57 005448.0 +115000       8   1.0   1.0   0   3229 UGC   559            
I  58 005502.4 -134041 15.   1                                             
I  59 005742.4 +610459       1                                              Gamma Cas Nebula
I  60 005604.2 -132128 15.   1                                             
I  61 005707.2 +073024 15.3  1                                             
I  62 005844.0 +114828 15.0  1                                             
I  63 005901.4 +605317 13.33 1                                              Gamma Cas Nebula
I  64 005924.5 +270331 15.6  1                                             
I  65 010055.8 +474051 13.60 8   3.9   1.1 155   3635 UGC   625            
I  66 010032.7 +304749 14.94 8   1.0   0.5 125   3606 UGC   623            
I  67                                                                      
I  68                                                                      
I  69 010124.1 +310228       8   0.9   0.9   0   3666 MCG  5- 3- 41        
I  70 010106.0 +000300  8.31 0                                             
I  71 010118.0 -064900 14.5  1                                             
I  72 010130.0 -064600 12.38 0                                             
I  73 010452.9 +044600 15.4  1                                             
I  74 010556.0 +040524 11.40 1                                             
I  75 010712.0 +105100       8   1.3   1.0  30   3959 UGC   684            
I  76 010811.6 -043316 15.5  1                                             
I  77 010851.2 -152420 14.   1                                             
I  78 010847.8 -155042       8   1.7   0.7   0   4079 MCG -3- 4- 10        
I  79 010849.8 -155656       8   0.9   0.7   0   4082 MCG -3- 4- 11        
I  80 010842.0 -152000       8   0.3   0.3   0   4074 MCG -3- 4-  7        
I  81 010922.2 -014145 14.8  1                                             
I  82 010905.8 -160001 14.   1                                             
I  83 011029.6 +014121 15.2  1                                             
I  84 011125.6 +013824 15.0  1                                             
I  85                                                                      
I  86                                                                      
I  87 011412.0 +004400       8   0.5   0.4   0   4454 MCG  0- 4- 48        
I  88 011420.6 +005501 16.   1                                             
I  89 011603.8 +041740       8   2.0   1.6   0   4578 UGC   818            
I  90 011630.6 -075839       8   1.3   0.9   0   4606 MCG -1- 4- 23        
I  91 011842.0 +023259 13.02 0                                             
I  92 011948.5 +324601 15.1  1                                             
I  93 011902.3 -170336       8   1.3   0.5   0   4724 MCG -3- 4- 43        
I  94 012006.0 +324200 13.50 0                                             
I  95                                                                      
I  96                                                                      
I  97                                                                      
I  98                                                                      
I  99 012227.3 -125709 15.   1                                             
I 100 012254.0 -043836       8   1.1   0.8   0   5029 MCG -1- 4- 30        
I 101 012406.0 +095500       8   1.4   0.6 127   5147 UGC   949            
I 102 012424.0 +095300       8   0.9   0.3   0   5172 UGC   954            
I 103 012430.0 +020100       8   0.9   0.5 130   5192 UGC   963            
I 104 012436.0 -012659  8.79 1                                             
I 105 012446.5 +020432 11.50 1                                             
I 106 012441.8 -013515 14.0  1                                             
I 107 012513.2 +145220       8   1.1   0.9 100   5250 UGC   978            
I 108 012439.1 -123804 15.   1                                             
I 109 012506.0 +020300       8   1.1   0.9   0   5251 UGC   980            
I 110 012554.0 +333000 13.26 0                                             
I 111                                                                      
I 112 012603.1 +112639       8   0.8   0.4 128   5328 UGC  1008            
I 113 012624.0 +191159 10.92 0                                             
I 114 012618.0 +095500       8   1.7   0.7 150   5343 UGC  1015            
I 115 012654.4 +191251 15.20 8   0.7   0.7   0   5395 MCG  3- 4- 39        
I 116 012650.4 -045853 14.5  1                                             
I 117                                                                      
I 118                                                                      
I 119 012755.1 -020229       8   1.3   0.6  77   5465 UGC  1047            
I 120 012813.0 -015500       8   0.8   0.2 135   5484 CGCG 385-152         
I 121 012821.9 +023048       8   0.9   0.5 108   5492 UGC  1053            
I 122 012812.0 -144959 13.73 0                                             
I 123 012851.5 +022649       8   0.4   0.3   0   5524 MCG  0- 4-161        
I 124 012912.0 -015559 14.40 1                                             
I 125 012918.3 -131647 15.   1                                             
I 126 012942.0 -015800       8   1.4   1.2   0   5577 UGC  1071            
I 127 012947.5 -065848       8   1.8   0.5   0   5581 MCG -1- 4- 57        
I 128 013024.7 -115846 15.   1                                             
I 129 013131.4 -123918       8   1.3   0.9   0   5675 MCG -2- 5-  1        
I 130 013128.7 -153529 15.   1                                             
I 131 013315.0 +304509 12.52 1                                             
I 132 013315.8 +305644       1                                             
I 133 013315.9 +305302       1                                             
I 134 013324.0 +305259 14.07 1                                             
I 135 013312.0 +302800       1                                             
I 136 013312.0 +303000 11.04 1                                             
I 137 013336.0 +303100       1                                             
I 138 013254.0 -004100       8   1.1   0.8  30   5771 UGC  1106            
I 139 013342.0 +302800 13.10 1                                             
I 140                                                                      
I 141 013251.6 -144855       8   1.2   1.2   0   5765 MCG -3- 5-  4        
I 142 013355.1 +304521 11.30 1                                             
I 143 013406.0 +304659 11.40 1                                             
I 144 013740.8 -131852 15.   1                                             
I 145 013838.5 +004429 15.6  1                                             
I 146 013839.6 -174951 14.35 1                                             
I 147 013958.9 -145154 14.   1                                             
I 148 014227.1 +135836 13.9  1                                             
I 149                                                                      
I 150 014257.5 +041159       8   1.0   0.5 143   6316 UGC  1202            
I 151 014400.0 +131159       0                                             
I 152 014401.3 +130428 12.96 1                                             
I 153 014436.0 +123759       0                                             
I 154 014516.3 +103856       8   1.4   0.2  66   6439 UGC  1229            
I 155 014730.0 +594659 14.39 0                                             
I 156 014529.2 +103309       8   1.5   1.2   0   6448 UGC  1231            
I 157 014542.0 +125200 13.48 0                                             
I 158 014554.0 -065559 12.73 0                                             
I 159 014624.9 -083813       8   1.4   0.7   0   6505 MCG -2- 5- 42        
I 160 014629.2 -131454       8   1.2   0.8   0   6511 MCG -2- 5- 44        
I 161 014843.9 +103026 14.8  1                                             
I 162 014853.5 +103117       8   1.6   1.6   0   6643 UGC  1267            
I 163 014915.5 +204241       8   1.8   0.9  95   6675 UGC  1276            
I 164 014908.4 -035418       8   1.4   1.2   0   6666 MCG -1- 5- 37        
I 165 015014.0 +273845 13.2  1                                             
I 166 015230.0 +614959 13.0  1                                             
I 167 015108.3 +215450 13.60 8   2.9   1.9  95   6833 UGC  1313            
I 168 015027.5 -083123 15.   1                                             
I 169 015036.0 -124059 11.73 0                                             
I 170 015157.5 -083103 15.   1                                             
I 171 015510.4 +351650       8   2.5   2.2 105   7139 UGC  1388            
I 172 015454.2 +004842       8   0.4   0.3   0   7116 MCG  0- 5- 49        
I 173 015557.2 +011706 14.90 8   0.9   0.7 110   7217 UGC  1402            
I 174 015616.0 +034541       8   1.3   0.8  95   7249 UGC  1409            
I 175 015618.8 +011957 13.10 1                                             
I 176 015653.6 -020110       8   1.8   0.4  94   7306 UGC  1426            
I 177 015700.0 -000500       8   0.1   0.1   0   7326 CGCG 387-  7         
I 178 015855.0 +364032 14.06 8   1.3   0.9 170   7488 UGC  1456            
I 179 020011.6 +380115 13.56 8   1.8   1.5 110   7581 UGC  1475            
I 180 020000.4 +233615 12.90 1                                             
I 181 020002.3 +233931 15.7  1                                             
I 182 015951.8 +072442       8   0.8   0.6   0   7556 UGC  1473            
I 183 015936.0 -052100       8   1.3   0.4   0   7538 MCG -1- 6- 15        
I 184 015951.2 -065028 14.66 8   1.0   0.5   0   7554 MCG -1- 6- 21        
I 185 020006.1 -013142 16.   1                                             
I 186 020024.0 -013310 15.3  1                                             
I 187 020130.7 +262855       8   2.0   0.7  70   7683 UGC  1507            
I 188 020160.0 +270159 12.68 0                                             
I 189 020152.8 +233314       8   0.8   0.8   0   7716 MCG  4- 5- 39        
I 190 020207.3 +233259       8   0.1   0.1   0   7731 MCG  4- 5- 40        
I 191 020229.4 +182222 14.0  1                                             
I 192 020232.3 +160050       8   0.9   0.7   0   7768 UGC  1530            
I 193 020230.6 +110512       8   1.7   1.5   0   7765 UGC  1529            
I 194 020305.4 +023648       8   1.4   0.2  13   7812 UGC  1542            
I 195 020344.6 +144231       8   1.5   0.8 135   7846 UGC  1555            
I 196 020350.1 +144422       8   2.8   1.4   5   7856 UGC  1556            
I 197 020405.2 +024712       8   1.0   0.5  55   7875 UGC  1564            
I 198 020603.1 +091742       8   1.1   0.6  55   8011 UGC  1592            
I 199 020619.4 +091337       8   1.4   0.8  25   8026 UGC  1594            
I 200 020649.5 +310927       8   0.1   0.1   0   8064 CGCG 504- 12         
I 201                                                                      
I 202 020728.6 +091004       8   1.4   0.2 132   8101 UGC  1610            
I 203                                                                      
I 204                                                                      
I 205 020724.0 -020500       8   1.0   0.9   0   8098 UGC  1613            
I 206 020930.6 -065805 14.64 1                                             
I 207 020939.5 -065524       8   1.9   0.5   0   8251 MCG -1- 6- 54        
I 208 020827.7 +062341       8   1.8   1.8   0   8167 UGC  1635            
I 209 020858.7 -070335       8   1.7   1.3   0   8200 MCG -1- 6- 51        
I 210 020928.4 -094049       8   2.3   0.6   0   8232 MCG -2- 6- 32        
I 211 021108.5 +035109       8   2.3   1.8  45   8360 UGC  1678            
I 212 021338.1 +163550       8   0.9   0.6   0   8527 CGCG 461- 62         
I 213 021404.2 +162720       8   1.9   1.5 150   8556 UGC  1719            
I 214 021405.8 +051032 14.70 8   0.8   0.6   0   8562 UGC  1720            
I 215 021409.5 -064824 15.   1                                             
I 216 021558.0 -020042       1                                             
I 217 021610.7 -115534       8   2.2   0.4   0   8673 MCG -2- 6- 46        
I 218 021707.3 +011656 15.7  1                                             
I 219 021839.0 -065416       8   1.2   0.9   0   8813 MCG -1- 6- 88        
I 220 021911.9 -124650 14.   1                                             
I 221 022240.8 +281523       8   1.7   1.2   0   9035 UGC  1835            
I 222 022248.1 +113814 14.5  1                                             
I 223 022201.1 -204421       8   1.2   0.7 152   8998 ESO  545-  8         
I 224 022445.2 -123350 14.   1                                             
I 225 022628.4 +010939       8   0.7   0.6   0   9283 UGC  1907            
I 226 022745.6 +281235       8   2.1   1.6   0   9373 UGC  1922            
I 227 022803.7 +281030 15.5  1                                             
I 228                                                                      
I 229                                                                      
I 230                                                                      
I 231 022954.0 +011000       8   1.0   0.8 160   9514 UGC  1978            
I 232 023111.4 +011557       8   1.7   1.2 155   9588 UGC  1994            
I 233 023136.0 +024900       8   0.1   0.1   0   9610 CGCG 388- 33         
I 234 023137.9 -000821       8   0.6   0.2   0   9613 CGCG 388- 34         
I 235 023250.6 +203838 14.90 8   0.4   0.3   0   9698 UGC  2016            
I 236                                                                      
I 237                                                                      
I 238 023522.8 +125019       8   1.7   0.9  30   9835 UGC  2070            
I 239 023627.9 +385812 11.80 8   4.6   4.2   0   9899 UGC  2080            
I 240 023847.6 +414013 14.5  1                                             
I 241 023754.2 +021938       8   1.1   0.7 150   9969 UGC  2115            
I 242 023832.2 -065407 15.   1                                             
I 243 023832.3 -065410       8   1.2   0.8   0  10009 MCG -1- 7- 26        
I 244 023924.7 +024342 15.3  1                                             
I 245 023854.1 -141826 14.   1                                             
I 246 024028.6 +022843 15.5  1                                             
I 247 024008.8 -114404       8   1.3   1.1   0  10100 MCG -2- 7- 52        
I 248 024125.6 +174841       8   1.0   0.6 145  10197 UGC  2170            
I 249 024103.8 -065554 13.   1                                             
I 250 024054.2 -131851 15.   1                                             
I 251 024113.8 -145728 15.   1                                             
I 252                                                                      
I 253                                                                      
I 254 024206.3 -150529 14.   1                                             
I 255 024703.3 +161717 15.7  1                                             
I 256                                                                      
I 257 024945.9 +465837 13.80 8   2.2   1.6 155  10729 UGC  2298            
I 258 024940.9 +410319       8   0.7   0.6   0  10721 CGCG 539-106         
I 259 024946.0 +410308       8   1.4   1.2   0  10730 UGC  2306            
I 260 025101.0 +465716       8   1.4   0.9 175  10812 UGC  2325            
I 261 024912.0 -142659 14.   1                                             
I 262 025143.2 +424943       8   1.6   1.4  50  10850 UGC  2335            
I 263                                                                      
I 264                                                                      
I 265                                                                      
I 266 025504.8 +421545 15.7  1                                             
I 267 025350.2 +125054 13.87 8   2.0   1.6  15  10932 UGC  2368            
I 268 025526.8 -140610 15.   1                                             
I 269 025526.5 -140400 15.   1                                             
I 270 025544.1 -141229       8   1.3   1.2   0  11061 MCG -2- 8- 28        
I 271 025559.3 -120024 15.   1                                             
I 272 025606.4 -141112 15.   1                                             
I 273 025710.8 +024632       8   1.5   0.5  31  11156 UGC  2425            
I 274                                                                      
I 275                                                                      
I 276 025841.1 -154212       8   1.9   0.5   0  11264 MCG -3- 8- 54        
I 277 025950.1 +024617 13.87 8   1.2   0.9  90  11336 UGC  2460            
I 278 030130.4 +374557       8   1.7   1.7   0  11414 UGC  2481            
I 279 030112.2 +161233 15.2  1                                             
I 280                                                                      
I 281                                                                      
I 282                                                                      
I 283                                                                      
I 284 030609.8 +422219 12.47 8   4.1   2.1  13  11643 UGC  2531            
I 285 030400.0 -120100       8   1.1   0.2   0  11557 MCG -2- 8- 44        
I 286                                                                      
I 287                                                                      
I 288 030732.8 +422314       8   1.0   0.3  42  11702 UGC  2544            
I 289 031019.2 +611900 16.8  1                                             
I 290 030942.8 +405828       8   1.1   0.2 131  11817 UGC  2561            
I 291 030726.7 -123515       8   1.0   0.6   0  11699 MCG -2- 9-  1        
I 292 031013.4 +404559 14.21 8   1.2   0.6  75  11846 UGC  2567            
I 293                                                                      
I 294 031103.1 +403720       8   1.4   1.0   0  11878 UGC  2574            
I 295                                                                      
I 296                                                                      
I 297                                                                      
I 298 031112.0 +011900       8   0.4   0.3   0  11890 MCG  0- 9- 15        
I 298 031119.6 +011846       8   0.7   0.5   5  11893 MCG  0- 9- 16        
I 299                                                                      
I 300                                                                      
I 301 031447.8 +421321       8   1.7   1.6   0  12074 UGC  2606            
I 302 031251.7 +044218 13.59 8   1.9   1.5   0  11972 UGC  2595            
I 303                                                                      
I 304 031501.3 +375252       8   1.1   0.7  25  12080 UGC  2609            
I 305 031503.8 +375135 15.7  1                                             
I 306 031301.7 -114250 15.   1                                             
I 307 031345.3 -001430       8   1.7   0.8  73  12017 UGC  2600            
I 308                                                                      
I 309 031606.2 +404817       8   0.8   0.8   0  12141 MCG  7- 7- 43        
I 310 031643.0 +411927 13.89 8   1.3   1.3   0  12171 UGC  2624            
I 311 031646.8 +400013       8   1.1   1.1 113  12177 UGC  2625            
I 312 031808.4 +414516       8   1.0   0.5 125  12279 UGC  2644            
I 313 032057.9 +415336       8   0.9   0.8   0  12558 UGC  2682            
I 314 031850.0 -015824 13.8  1                                             
I 315 031909.3 +040218 15.1  1                                             
I 316 032119.9 +415554 15.0  1                                             
I 317 031855.5 -124424 14.   1                                             
I 318 032043.9 -143408 14.   1                                             
I 319                                                                      
I 320 032559.3 +404721       8   1.2   1.1   0  12819 UGC  2732            
I 321 032429.6 -145907 15.   1                                             
I 322 032600.1 +034045       8   0.9   0.8   0  12820 CGCG 390- 89         
I 323                                                                      
I 324                                                                      
I 325                                                                      
I 326 033036.7 -142536       8   1.2   0.9   0  13030 MCG -3- 9- 49        
I 327 033110.0 -144131 15.   1                                             
I 328 033110.8 -143818 14.   1                                             
I 329 033200.0 +001500       8   0.5   0.3   0  13109 MCG  0-10-  1        
I 330 033206.0 +002100       8   0.9   0.3  78  13117 UGC  2779            
I 331 033212.0 +001500       8   0.7   0.7   0  13119 MCG  0-10-  3        
I 332 033237.6 +012256       8   1.2   0.6  55  13137 MCG  0-10-  4        
I 333                                                                      
I 334 034517.1 +763813 12.45 8   2.5   1.9   0  13759 UGC  2824            
I 335 033530.8 -342648       8   2.6   0.7  84  13277 ESO  358- 26         
I 336 034300.0 +224159       1                                             
I 337                                                                      
I 338 033737.9 +030701       8   0.9   0.9   0  13373 MCG  0-10-  7        
I 339                                                                      
I 340 033929.1 -130657       8   1.5   0.6   0  13464 MCG -2-10-  5        
I 341 034150.7 +214917       0                                             
I 342 034649.7 +680545  9.10 8  21.4  20.9   0  13826 UGC  2847            
I 343 034007.5 -182640 14.10 8   1.6   0.8 118  13495 ESO  548- 66         
I 344 034129.5 -043957 15.   1                                             
I 345 034109.1 -181850 14.64 1                                             
I 346 034144.6 -181603 13.62 8   2.0   1.3  78  13575 ESO  548- 78         
I 347 034232.5 -041757       8   1.3   1.0   0  13622 MCG -1-10- 24        
I 348 034430.0 +321659  8.03 1                                             
I 349 034621.3 +235627       1                                             
I 350 034438.5 -114757 14.   1                                             
I 351 034732.9 +350248 15.   1                                             
I 352                                                                      
I 353                                                                      
I 354 035255.6 +231757       1                                             
I 355 035349.2 +195845 15.4  1                                             
I 356 040747.1 +694847 11.39 8   5.2   3.9  90  14508 UGC  2953            
I 357 040344.5 +220940       8   1.2   1.0 175  14384 UGC  2941            
I 358 040342.0 +195300       8   1.0   0.4  64  14382 UGC  2940            
I 359 041224.0 +274200       8   1.1   1.1   0  14653 UGC  2980            
I 360 041300.0 +253600       1                                             
I 361 041860.0 +581759 12.92 1                                             
I 362 041642.6 -121202       8   1.7   1.1   0  14782 MCG -2-11- 31        
I 363 041855.4 +030159 15.4  1                                             
I 364 041906.7 +031120 15.2  1                                             
I 365 041914.2 +032053       8   1.0   0.6  30  14860 MCG  1-11- 17        
I 366 041941.5 +022135 15.6  1                                             
I 367 042040.9 -144658       8   1.5   0.7   0  14917 MCG -2-12-  1        
I 368 042242.7 -123654 14.   1                                             
I 369 042328.2 -114724 15.   1                                             
I 370 042401.9 -092345       8   1.3   1.1   0  15029 MCG -2-12- 11        
I 371                                                                      
I 372                                                                      
I 373 043042.8 -045218       8   1.3   0.9   0  15335 MCG -1-12- 13        
I 374 043232.8 +163803 15.7  1                                             
I 375                                                                      
I 376                                                                      
I 377                                                                      
I 378                                                                      
I 379                                                                      
I 380 043141.3 -125536 15.   1                                             
I 381 044429.0 +753826 13.08 8   2.4   1.3   0  15917 UGC  3130            
I 382 043755.7 -093109       8   2.3   1.4   0  15691 MCG -2-12- 49        
I 383                                                                      
I 384                                                                      
I 385 043931.5 -070553       8   1.2   0.5   0  15746                      
I 386 043958.6 -092722 15.51 1                                             
I 387 044144.2 -070513 13.70 8   1.6   1.2   0  15831 MCG -1-12- 44        
I 388 044154.3 -071823       1                                             
I 389 044159.7 -071843       8   1.4   1.0   0  15840 MCG -1-12- 45        
I 390 044203.9 -071225       8   1.1   0.4   0  15844 MCG -1-12- 46        
I 391 045723.1 +781121 13.00 8   1.1   1.1   0  16402 UGC  3190            
I 392 044624.0 +033000 13.30 8   1.6   1.2 170  15973 UGC  3158            
I 393 044751.8 -153130 15.   1                                             
I 394                                                                      
I 395 044933.8 +001514 13.90 8   1.1   0.9 130  16095 UGC  3178            
I 396 045758.7 +681917       8   2.1   1.4  85  16423 UGC  3203            
I 397                                                                      
I 398 045812.6 -074653       8   1.3   0.4   0  16433 MCG -1-13- 40        
I 399 050144.0 -041720       8   0.6   0.3   0  16582                      
I 400                                                                      
I 401 050419.8 -100434       8   1.6   0.6   0  16672 MCG -2-13- 40        
I 402 050614.8 -090628       8   2.3   1.5   0  16742 MCG -2-13- 43        
I 403                                                                      
I 404                                                                      
I 405 051724.0 +342259       1                                              Flaming Star Nebula
I 406                                                                      
I 407 051742.6 -153123       8   1.4   0.3   0  17056 MCG -3-14- 13        
I 408                                                                      
I 409                                                                      
I 410 052160.0 +332859       1                                             
I 411 052017.6 -251927       8   1.2   0.9 141  17130 ESO  486- 56         
I 412 052156.4 +032909       8   1.0   0.7   0  17180 UGC  3298            
I 413 052158.7 +032856       8   0.9   0.7   0  17181 UGC  3299            
I 414 052155.2 +032030 14.9  1                                             
I 415                                                                      
I 416 052356.5 -171539       8   1.4   0.7   0  17229 MCG -3-14- 14        
I 417 052736.0 +342500       1                                             
I 418 052728.2 -124150  9.78 1                                             
I 419 053100.1 +300840       1                                             
I 420                                                                      
I 421 053208.5 -075504       8   3.2   2.8   0  17407 MCG -1-15-  1        
I 422 053218.3 -171327 14.   1                                             
I 423 053321.0 -003759       1                                             
I 424 053338.0 -002447       1                                             
I 425 053731.7 +322544       1                                             
I 426 053628.0 -001636       1                                             
I 427                                                                      
I 428                                                                      
I 429 053818.0 -070259       1                                             
I 430 053818.1 -070226       1                                             
I 431 054100.0 -013600       1                                             
I 432 054200.0 -013600       1                                             
I 433 054031.3 -113953 14.   1                                             
I 434 054100.0 -023000       0                                              Horsehead Nebula
I 435 054300.5 -021845       1                                             
I 436                                                                      
I 437                                                                      
I 438 055300.3 -175237       8   2.8   2.1  55  18047 ESO  555-  9         
I 439 055637.0 +320158       1                                             
I 440 061911.9 +800411       8   1.7   0.9   0  18807 UGC  3427            
I 441 060242.8 -123001       8   1.4   1.1   0  18315 MCG -2-16-  1        
I 442 063613.7 +825803       8   1.1   1.1   0  19306 UGC  3470            
I 443 061802.7 +223936       1                                             
I 444 061834.0 +231847  7.03 1                                             
I 445 063721.0 +675134       8   1.2   0.9  25  19328 UGC  3497            
I 446                                                                      
I 447                                                                      
I 448                                                                      
I 449 064542.4 +712037       8   1.7   1.3   0  19554 UGC  3515            
I 450 065211.9 +742535 15.00 8   0.8   0.5 130  19756 UGC  3547            
I 451 065252.0 +742853       8   1.3   1.1 155  19775 UGC  3550            
I 452 064839.1 -165405 13.   1                                             
I 453                                                                      
I 454 065106.6 +125519       8   1.7   0.9 140  19725 UGC  3570            
I 455 073459.6 +853210       8   1.1   0.7  82  21334 UGC  3815            
I 456 070018.3 -300947       8   2.1   1.3 110  19993 ESO  427- 24         
I 457 070924.0 +500759 15.7  1                                             
I 458 071033.7 +500709       8   0.9   0.4 170  20306 UGC  3713            
I 459 071038.7 +501038 15.5  1                                             
I 460 071044.3 +501206 15.4  1                                             
I 461 071045.0 +500451 15.7  1                                             
I 462 071053.8 +501107 15.   1                                             
I 463                                                                      
I 464 071104.9 +500811       8   0.8   0.4   0  20334 CGCG 234- 87         
I 465 071133.6 +501453       8   0.9   0.7   0  20357 MCG  8-13- 98        
I 466 070837.0 -041847       1                                             
I 467 073019.7 +795222 13.21 8   3.2   1.3  80  21164 UGC  3834            
I 468 071760.0 -130559       1                                             
I 469 075556.4 +850933       8   2.2   1.0  90  22213 UGC  3994            
I 470 072330.0 +460459       0                                             
I 471 074336.6 +494000       8   0.6   0.6   0  21659 UGC  3982            
I 472 074350.0 +493649       8   1.6   1.0 167  21665 UGC  3985            
I 473                                                                      
I 474                                                                      
I 475 074710.1 +302921       8   0.5   0.3   0  21795 MCG  5-19-  5        
I 476 074716.4 +265702 15.5  1                                             
I 477 075205.2 +232850 15.5  1                                             
I 478 075341.6 +262932 15.2  1                                             
I 479 075422.2 +270029 15.0  1                                             
I 480 075522.9 +264435       8   1.7   0.3 168  22188 UGC  4096            
I 481 075902.9 +240937 15.1  1                                             
I 482 075947.3 +252125 15.0  1                                             
I 483                                                                      
I 484                                                                      
I 485 080019.9 +264210       8   1.2   0.3 153  22443 UGC  4156            
I 486 080020.4 +263657       8   0.9   0.7 145  22445 UGC  4155            
I 487 075907.0 -003817 14.2  1                                             
I 488                                                                      
I 489                                                                      
I 490                                                                      
I 491 080355.7 +263114 15.3  1                                             
I 492 080538.9 +261003       8   1.1   1.0   0  22724 UGC  4212            
I 493 080727.8 +250759 14.8  1                                             
I 494 080624.4 +010210       8   1.3   0.6  50  22755 UGC  4224            
I 495 080819.4 +090050 15.4  1                                             
I 496 080944.1 +255253 14.7  1                                             
I 497 081006.0 +245500       8   0.8   0.3   0  22918 MCG  4-20-  1        
I 498 080930.3 +051650 14.6  1                                             
I 499 084521.7 +854427       8   2.1   1.3  80  24602 UGC  4463            
I 500 081239.7 -160310 15.   1                                             
I 501 081842.0 +243100       8   0.1   0.1   0  23305 CGCG 119- 42         
I 502 082203.6 +084509 15.4  1                                             
I 503 082210.4 +031605       8   1.1   1.0   0  23474 UGC  4366            
I 504 082240.8 +041548       8   1.2   0.8 140  23495 UGC  4372            
I 505 082321.7 +042221 14.8  1                                             
I 506 082330.2 +041801 14.7  1                                             
I 507                                                                      
I 508 082822.5 +250729       8   0.7   0.6   0  23762 MCG  4-20- 63        
I 509 083203.6 +240028 13.57 8   1.8   1.6   0  23936 UGC  4456            
I 510 083210.9 -020946       8   1.1   0.7 150  23940 UGC  4460            
I 511 084048.7 +732913       8   1.6   0.6 143  24397 UGC  4510            
I 512 090351.3 +853005       8   2.9   2.3 175  25451 UGC  4646            
I 513 083305.3 -122119       8   1.1   0.7   0  23983 MCG -2-22- 19        
I 514 083521.8 -020248 15.3  1                                             
I 515 083531.3 -015404 15.6  1                                             
I 516 083550.7 -015217 15.7  1                                             
I 517 083622.1 -020319 15.4  1                                             
I 518                                                                      
I 519                                                                      
I 520 085341.2 +732926 12.55 8   1.9   1.5   0  24970 UGC  4630            
I 521 084643.9 +023217 14.8  1                                             
I 522 085435.8 +571007       8   1.0   0.8 165  25009 UGC  4654            
I 523 085311.3 +090850       8   1.6   1.3   0  24948 UGC  4652            
I 524 085812.8 -191130 15.39 1                                             
I 525 090122.5 -015112 14.9  1                                             
I 526 090240.8 +105029 14.7  1                                             
I 527 090941.9 +373605       8   1.7   1.5   0  25821 UGC  4810            
I 528 090922.6 +154746 15.00 8   1.5   0.8 163  25783 UGC  4811            
I 529 091832.2 +734531 12.62 8   3.6   1.7 145  26295 UGC  4888            
I 530 091517.2 +115308       8   1.8   0.6  90  26101 UGC  4880            
I 531 091751.2 -001645       8   1.7   0.5  60  26258 UGC  4923            
I 532                                                                      
I 533                                                                      
I 534 092115.6 +030909       8   1.7   0.2 148  26471 UGC  4968            
I 535 092216.2 -010225 15.6  1                                             
I 536 092440.1 +250648       8   1.2   0.2  23  26669 UGC  5006            
I 537 092522.7 -122332       8   1.2   1.1   0  26717 MCG -2-24- 20        
I 538 092718.3 +230112 16.0  1                                             
I 539 092908.5 -023254       8   1.0   0.9   0  26909 UGC  5054            
I 540 093010.3 +075407 14.8  1                                             
I 541                                                                      
I 542 093106.2 -131054       8   1.2   0.4   0  27012 MCG -2-24- 31        
I 543 093052.9 -144408 13.   1                                             
I 544 093552.9 +245336 15.3  1                                             
I 545 093605.6 +245655       8   0.4   0.4   0  27307 MCG  4-23- 13        
I 546 093450.3 -162306       8   1.1   0.7   0  27234 MCG -3-25-  7        
I 547 093612.0 -122500 13.   1                                             
I 548 093819.4 +092644 15.3  1                                             
I 549 094043.2 +035734 14.8  1                                             
I 550 094028.6 -065644 14.5  1                                             
I 551 094100.1 +065610       8   0.8   0.7   0  27645 UGC  5168            
I 552 094116.8 +103843       8   1.0   0.6 175  27665 UGC  5171            
I 553 094045.3 -052608       8   1.1   0.9   0  27625 MCG -1-25- 16        
I 554                                                                      
I 555 094157.1 +121743       8   1.3   0.5  18  27716 UGC  5178            
I 556 094340.5 +110337 14.3  1                                             
I 557 094402.5 +105912 14.7  1                                             
I 558 094500.0 +292700       8   1.0   1.0   0  27931 MCG  5-23- 33        
I 559 094443.9 +093655 15.0  1                                             
I 560 094553.5 -001608       8   1.3   0.6  15  27998 UGC  5223            
I 561 094558.8 +030842 15.0  1                                             
I 562 094604.1 -035822       8   1.4   0.4   0  28011 MCG -1-25- 36        
I 563 094620.4 +030241       8   0.9   0.5   0  28032 MCG  1-25- 22        
I 564 094621.4 +030415       8   1.7   0.4  68  28033 UGC  5230            
I 565 094750.8 +155110       8   1.6   0.2  50  28159 UGC  5248            
I 566 094956.4 -001353 15.5  1                                             
I 567                                                                      
I 568 095108.5 +154348       8   1.4   0.9   0  28368 UGC  5285            
I 569 095128.1 +105511 15.1  1                                             
I 570 095151.0 +154520 15.6  1                                             
I 571 095231.6 +154631 15.3  1                                             
I 572 095232.8 +154936 14.8  1                                             
I 573 095335.9 -122858 13.83 1                                             
I 574 095427.0 -065713       8   1.4   1.1   0  28569 MCG -1-25- 56        
I 575 095433.0 -065128       8   1.7   1.2   0  28575 MCG -1-25- 58        
I 576 095507.0 +110221 16.0  1                                             
I 577 095603.8 +102954       8   0.5   0.5   0  28662 UGC  5334            
I 578 095612.0 +102900       8   1.0   0.4  72  28674 UGC  5337            
I 579 095639.5 -134630       8   1.2   0.4   0  28702 MCG -2-26-  5        
I 580 095756.7 +102556 15.0  1                                             
I 581 095812.0 +155500       8   1.0   0.4 130  28800 UGC  5352            
I 582 095900.3 +174900 14.7  1                                             
I 583 095905.2 +174916 15.2  1                                             
I 584 095905.2 +102138       8   0.3   0.3   0  28839 MCG  2-26- 10        
I 585 095948.0 +125800       8   0.9   0.9   0  28897 UGC  5371            
I 586 095950.3 -065522 15.   1                                             
I 587 100304.8 -022359       8   1.3   0.6 107  29127 UGC  5411            
I 588 100206.6 +030324       8   0.9   0.7   0  29057 UGC  5399            
I 589                                                                      
I 590                                                                      
I 591 100727.6 +121634       8   1.0   0.7 170  29435 UGC  5458            
I 592 100759.0 -022951       8   0.8   0.7   0  29465 UGC  5465            
I 593 100818.5 -023133       8   0.7   0.5   0  29482 UGC  5469            
I 594 100834.8 -003923       8   1.0   0.5 127  29496 UGC  5472            
I 595 100938.1 +110000 15.1  1                                             
I 596 101030.9 +100235 15.0  1                                             
I 597                                                                      
I 598 101248.5 +430847       8   1.4   0.5   8  29745 UGC  5502            
I 599 101312.5 -053742 14.5  1                                             
I 600 101711.0 -032955       8   2.3   1.2   0  30041 MCG  0-26- 34        
I 601 101812.0 +070100       8   0.7   0.2 141  30086 MCG  1-26- 33        
I 602 101819.7 +070259       8   0.8   0.5 177  30090 UGC  5561            
I 603 101925.1 -053924       8   1.2   0.9   0  30166 MCG -1-26- 41        
I 604                                                                      
I 605 102224.3 +011158       8   0.6   0.5   0  30363 UGC  5606            
I 606 102332.7 +105735       8   0.4   0.4   0  30448 MCG  2-27-  6        
I 607 102415.4 +164437       8   1.8   1.4 105  30496 UGC  5628            
I 608 102421.1 -060222 15.   1                                             
I 609 102535.5 -021253       8   1.5   0.7  10  30600 UGC  5641            
I 610 102630.0 +201300       8   1.9   0.3  29  30670 UGC  5653            
I 611 102628.4 +201342 14.8  1                                             
I 612 102705.8 +110316 15.3  1                                             
I 613 102707.7 +110037 15.1  1                                             
I 614 102651.9 -032751 14.8  1                                             
I 615 102722.0 +110448 15.1  1                                             
I 616 103242.0 +155100       8   1.1   1.1   0  31159 UGC  5730            
I 617                                                                      
I 618                                                                      
I 619                                                                      
I 620                                                                      
I 621 103321.7 +024048 15.3  1                                             
I 622 103442.9 +111148 14.10 1                                             
I 623 103521.1 +033329 15.0  1                                             
I 624 103615.3 -082005       8   2.7   0.8   0  31426 MCG -1-27- 26        
I 625 103926.5 -234515       1                                             
I 626 103657.2 -070128       8   1.4   1.4   0  31501 MCG -1-27- 28        
I 627 103719.8 -032125 14.1  1                                             
I 628 103736.0 +053500       8   0.9   0.7 115  31567 UGC  5780            
I 629 103702.6 -273354 12.73 1                                             
I 630 103833.8 -071015       8   2.0   1.6   0  31636 MCG -1-27- 29        
I 631                                                                      
I 632 103911.7 -002438       8   0.9   0.6  30  31673 UGC  5792            
I 633 103924.4 -002316       8   0.6   0.3 102  31691 UGC  5796            
I 634 104055.0 +055929 15.1  1                                             
I 635 104142.0 +153800       8   1.6   0.3   5  31858 UGC  5821            
I 636 104150.7 +041950 14.9  1                                             
I 637 104221.9 +152134 15.3  1                                             
I 638 104348.1 +155329       8   0.1   0.1   0  31988 CGCG  94-117         
I 639 104551.5 +165553 14.8  1                                             
I 640                                                                      
I 641                                                                      
I 642 104808.5 +181124       8   1.4   1.3   0  32278 UGC  5905            
I 643 104927.2 +121202 15.3  1                                             
I 644 105131.8 +552325       8   1.0   0.3  78  32564 UGC  5954            
I 645                                                                      
I 646                                                                      
I 647                                                                      
I 648                                                                      
I 649 105052.0 +010953 14.9  1                                             
I 650                                                                      
I 651 105058.7 -020857       8   0.8   0.8   0  32517 UGC  5956            
I 652 105057.6 -122654 14.   1                                             
I 653 105206.6 -003339       8   1.9   0.9  55  32611 UGC  5985            
I 654 105350.5 -114334       8   1.2   0.6   0  32716 MCG -2-28- 18        
I 655 105422.3 -002152 15.3  1                                             
I 656                                                                      
I 657 105753.6 -045418       8   1.2   0.5   0  32966 MCG -1-28-  9        
I 658 105818.0 +081400       8   0.1   0.1   0  33004 MCG  2-28- 33        
I 659 105803.9 -061538       8   1.4   1.0   0  32979 MCG -1-28- 10        
I 660 105826.7 +012257 15.7  1                                             
I 661 105851.5 +013902 15.7  1                                             
I 662 105918.0 +013500       8   0.1   0.1   0  33091 CGCG  10- 56         
I 663 110037.1 +102612 15.6  1                                             
I 664 110042.0 +103200       8   1.3   1.3   0  33191 MCG  2-28- 42        
I 665                                                                      
I 666                                                                      
I 667 110636.5 +150518 15.5  1                                             
I 668 110639.4 +150227 15.4  1                                             
I 669 110716.4 +061809       8   1.2   0.7 165  33662 UGC  6174            
I 670 110724.0 +064200       8   1.0   0.8   0  33680 UGC  6178            
I 671 110731.7 +004700       8   1.3   1.2  22  33689 UGC  6180            
I 672 110803.2 -122903 15.   1                                             
I 673 110925.0 -000553       8   1.7   0.7 165  33817 UGC  6200            
I 674 111106.4 +433802       8   1.7   0.7 120  33982 UGC  6221            
I 675                                                                      
I 676 111239.8 +090325       8   2.5   1.8  10  34107 UGC  6245            
I 677 111356.7 +121804       8   1.5   0.6  45  34211 UGC  6262            
I 678 111400.0 +063400       8   0.1   0.1   0  34222 MCG  1-29- 21        
I 679                                                                      
I 680 111754.4 -015654       8   0.7   0.4   0  34520 MCG  0-29- 12        
I 681 111831.5 -120821 14.   1                                             
I 682                                                                      
I 683 112124.0 +024400       8   0.7   0.5   0  34807 CGCG  39-138         
I 684 112132.9 +024837 15.2  1                                             
I 685                                                                      
I 686                                                                      
I 687 112417.3 +475051 15.0  1                                             
I 688                                                                      
I 689                                                                      
I 690 112420.6 -082031       1                                             
I 691 112643.7 +590917 14.50 8   0.6   0.4 150  35206 UGC  6447            
I 692 112553.6 +095913       8   0.7   0.5 125  35151 UGC  6438            
I 693 112648.5 -050015 15.   1                                             
I 694 112831.3 +583328       8   1.2   1.0   0  35326 UGC  6471            
I 695                                                                      
I 696 112839.9 +090555       8   1.0   0.9   0  35332 UGC  6477            
I 697 112834.5 -013750       8   0.1   0.1   0  35327 CGCG  11-106         
I 698 112904.1 +090648       8   1.0   0.5 147  35364 UGC  6482            
I 699 112900.0 +085900       8   1.2   0.3  12  35365 UGC  6485            
I 700 112915.2 +203501 14.02 8   1.0   0.5   0  35382 UGC  6487            
I 701 113100.5 +202814 15.10 8   1.0   0.6  47  35494 UGC  6503            
I 702                                                                      
I 703                                                                      
I 704                                                                      
I 705                                                                      
I 706 113306.0 -132100       8   1.3   0.2   0  35658 MCG -2-30-  4        
I 707 113344.6 +212250 14.30 8   0.5   0.4   0  35708 UGC  6543            
I 708 113359.8 +490340       8   1.4   0.9  95  35720 UGC  6549             Papillon Galaxy
I 709 113414.5 +490234       8   0.1   0.1   0  35736 MCG  8-21- 57        
I 710 113427.4 +255235 15.7  1                                             
I 711 113446.6 +485723       8   0.1   0.1   0  35780 MCG  8-21- 62        
I 712 113449.4 +490440       8   1.1   0.7   0  35785 MCG  8-21- 63        
I 713                                                                      
I 714                                                                      
I 715                                                                      
I 716 113903.2 -001218       8   1.6   0.3 132  36102 UGC  6612            
I 717 113851.3 -103500 14.   1                                             
I 718 113948.0 +085200       8   1.2   0.5 178  36174 UGC  6626            
I 719 114018.6 +090033       8   1.3   0.4  52  36205 UGC  6633            
I 720 114212.0 +084600       8   1.1   0.6   0  36333 MCG  2-30- 16        
I 721 114228.9 -082027       8   1.2   0.3 106  36354 MCG -1-30- 26        
I 722 114236.0 +085800       8   1.1   0.7   0  36365 MCG  2-30- 19        
I 723 114257.6 -081956 15.5  1                                             
I 724 114334.7 +085631       8   2.3   0.9  60  36450 UGC  6695            
I 725 114329.7 -014003       8   0.1   0.1   0  36444 CGCG  12- 65         
I 726                                                                      
I 727 114424.0 +104600       8   1.6   0.2 161  36536 UGC  6715            
I 728 114450.6 -013603       8   1.2   0.6  65  36580 UGC  6720            
I 729 114518.4 +332009 15.5  1                                             
I 730 114535.1 +031350       8   0.8   0.5   0  36658 MCG  1-30- 13        
I 731 114517.9 +493414 15.6  1                                             
I 732 114559.5 +202623       8   0.1   0.1   0  36688 MCG  4-28- 50        
I 733                                                                      
I 734                                                                      
I 735                                                                      
I 736 114827.5 +124339 14.82 8   0.1   0.1   0  36861 MCG  2-30- 39        
I 737 114830.8 +124347 16.15 8   0.7   0.4   0  36867 MCG  2-30- 40        
I 738 114854.0 -044059       1                                             
I 739 115124.0 +235200       8   1.1   0.8 150  37097 UGC  6830            
I 740 115038.9 +552114 14.2  1                                             
I 741 115031.9 -045009 15.   1                                             
I 742 115059.0 +204819 14.74 8   1.1   1.0   0  37056 UGC  6822            
I 743 115321.9 -131541       8   1.1   0.4 147  37267 MCG -2-30- 37        
I 744 115404.8 +231131 15.7  1                                             
I 745 115412.3 +000811       8   0.7   0.6   0  37339 UGC  6877            
I 746 115534.6 +255319       8   1.1   0.3 169  37440 UGC  6898            
I 747 115704.9 -081732       1                                             
I 748 115726.7 +072738 15.2  1                                             
I 749 115833.6 +424410 12.92 8   2.3   1.9 150  37692 UGC  6962            
I 750 115851.8 +424320 12.94 8   2.6   1.2  43  37719 UGC  6973            
I 751 115852.4 +423415       8   1.2   0.3  30  37721 UGC  6972            
I 752 115915.2 +423401 15.2  1                                             
I 753 115912.6 -003131       8   0.4   0.3  30  37745 UGC  6979            
I 754 115923.6 -013909       8   1.1   1.0  40  37757 UGC  6984            
I 755 120110.2 +140623       8   2.4   0.3 145  37912 UGC  7001            
I 756 120254.0 +045000       8   1.8   0.7 102  38054 UGC  7026            
I 757                                                                      
I 758 120413.2 +623018       8   1.9   1.9   0  38173 UGC  7056            
I 759                                                                      
I 760 120553.6 -291736       8   1.7   0.5 148  38345 ESO  440- 52         
I 761 120553.7 -124023 15.   1                                             
I 762 120811.6 +254512       8   0.6   0.4   0  38532 MCG  4-29- 34        
I 763 120806.0 +254800       8   0.9   0.3   0  38525 MCG  4-29- 35        
I 764 121014.3 -294411       8   4.8   1.6 177  38711 ESO  441- 13         
I 765                                                                      
I 766 121053.6 -123918       8   1.3   0.3 170  38775 MCG -2-31- 20        
I 767 121102.8 +120616       8   0.7   0.5   0  38792 MCG  2-31- 42        
I 768 121147.5 +120825       8   1.4   0.7 115  38848 UGC  7192            
I 769 121231.6 +120725 13.38 8   2.6   1.7  43  38916 UGC  7209            
I 770 121302.3 -043312       1                                             
I 771 121513.0 +131114       8   0.8   0.7   0  39176 MCG  2-31- 67        
I 772                                                                      
I 773 121808.1 +060825       8   1.1   0.9   0  39493 MCG  1-31- 44        
I 774 121851.3 -064559       1                                             
I 775 121853.6 +125452 14.30 8   1.2   0.9  10  39587 UGC  7350            
I 776 121903.0 +085127 14.30 8   1.8   1.1  98  39613 UGC  7352            
I 777 121923.7 +281832       8   1.2   0.7 140  39663 UGC  7363            
I 778                                                                      
I 779 121936.0 +295300       8   1.0   1.0   0  39690 UGC  7369            
I 780 121958.6 +254615       8   1.6   1.2   7  39745 UGC  7381            
I 781 122002.8 +145738 14.8  1                                             
I 782 122137.0 +054556 15.1  1                                             
I 783 122138.9 +154446       8   1.3   1.2   0  39965 UGC  7415            
I 783 122220.0 +154358       8   0.6   0.5   0  40068 MCG  3-32- 13        
I 784 122230.1 -043911       8   1.9   0.7 109  40092 MCG -1-32-  6        
I 785 122300.0 -131300 13.96 8   0.9   0.3   0  40167 MCG -2-32-  7        
I 786 122306.0 -131200 13.36 8   1.3   1.2   0  40189 MCG -2-32-  8        
I 787 122525.8 +160724       8   1.1   0.4   0  40517 MCG  3-32- 31        
I 788 122607.2 +161049 12.9  1                                             
I 789 122620.2 +072742       8   1.0   0.5 140  40673 UGC  7533            
I 790 122635.0 +090212       8   0.6   0.3   0  40713 MCG  2-32- 51        
I 791 122659.8 +223827       8   1.1   1.1   0  40783 UGC  7555            
I 792 122708.8 +161942       8   1.6   0.6  59  40800 UGC  7558            
I 793                                                                      
I 794 122808.7 +120536 14.07 8   1.3   1.0 110  40964 UGC  7585            
I 795 122831.3 +231817 15.3  1                                             
I 796 122926.1 +162416       8   1.3   0.6 145  41160 UGC  7623            
I 797 123154.3 +150727 13.55 8   1.3   0.9 108  41504 UGC  7676            
I 798 123233.4 +152455 15.3  1                                             
I 799 123349.9 -072232 13.91 1                                             
I 800 123356.9 +152119       8   1.5   1.1 148  41763 UGC  7716            
I 801 123342.0 +521500       8   1.2   1.0  55  41739 UGC  7717            
I 802                                                                      
I 803                                                                      
I 804                                                                      
I 805                                                                      
I 806 124208.5 -172058       8   1.2   0.9   0  42642 MCG -3-32- 19        
I 807 124212.5 -172412 15.   1                                             
I 808                                                                      
I 809                                                                      
I 810 124208.9 +123552       8   1.6   0.5 166  42643 UGC  7864            
I 811 124447.1 -101152 14.   1                                             
I 812 124450.0 -042605 14.84 1                                             
I 813 124511.8 +230212       8   1.0   0.8   0  42981 UGC  7928            
I 814                                                                      
I 815                                                                      
I 816 124646.5 +095120       8   0.9   0.6  35  43111 UGC  7944            
I 817                                                                      
I 818 124644.5 +294407       8   0.9   0.2   0  43113 MCG  5-30- 78        
I 819 124610.2 +304353 14.1  1                                             
I 820 124611.3 +304320 14.1  1                                             
I 821 124726.8 +294714 14.56 8   1.1   1.1   0  43161 UGC  7957            
I 822 124745.6 +300437 16.   1                                             
I 823 124755.4 +271318 14.0  1                                             
I 824 124942.0 -043400 15.   1                                             
I 825                                                                      
I 826 125120.0 +310325       8   0.7   0.7   0  43538 MCG  5-30-106        
I 827 125154.0 +161600       8   0.9   0.4 104  43607 UGC  8008            
I 828                                                                      
I 829                                                                      
I 830 125117.3 +534148       8   0.8   0.4 165  43533 UGC  8003            
I 831 125244.0 +262812 15.5  1                                             
I 832 125359.0 +262638       8   0.1   0.1   0  43848 MCG  5-30-119        
I 833                                                                      
I 834                                                                      
I 835 125652.0 +262908       8   0.6   0.6   0  44200 MCG  5-31- 21        
I 836 125607.0 +633700       1                                             
I 837 125731.5 +263043       8   0.9   0.2   0  44322 MCG  5-31- 28        
I 838 125813.4 +262538 14.9  1                                             
I 839 125821.5 +280857 16.   1                                             
I 840 125842.0 +103600       8   1.1   1.0   0  44495 UGC  8090            
I 841 125947.3 +214848 15.4  1                                             
I 842 130039.3 +290110 14.72 8   1.2   0.6  57  44795 UGC  8118            
I 843 130136.0 +290700       8   1.1   0.6 137  44908 UGC  8137            
I 844 130318.3 -303112       8   1.6   0.4 100  45086 ESO  443- 40         
I 845                                                                      
I 846 130518.0 +230500       8   0.1   0.1   0  45267 CGCG 130-  7         
I 847 130530.0 +534059 15.1  1                                             
I 848 130701.6 +160025 15.4  1                                             
I 849 130739.0 -005634       8   1.5   1.2 140  45480 UGC  8202            
I 850 130750.3 -005208       8   0.8   0.2 110  45491 MCG  0-34-  3        
I 851 130834.5 +210258       8   1.0   0.4 150  45552 UGC  8219            
I 852 130736.0 +600900       8   1.1   0.9  20  45472 UGC  8213            
I 853 130836.0 +524600 14.50 8   1.0   1.0   0  45560 UGC  8230            
I 854 130950.2 +243439       8   0.8   0.7   0  45664 MCG  4-31- 11        
I 855 131036.0 -042900 14.66 1                                             
I 856 131041.7 +203212       8   0.1   0.1   0  45733 CGCG 130- 15         
I 857 131350.2 +170421       8   0.9   0.7 125  45983 UGC  8310            
I 858 131448.0 +171300       8   2.0   1.5 100  46069 UGC  8321            
I 859 131457.3 +171330 15.2  1                                             
I 860 131503.5 +243708       8   0.5   0.3   0  46086 MCG  4-31- 15        
I 861 131507.4 +341946       8   0.8   0.5  80  46092 UGC  8326            
I 862 131615.5 +200252 15.2  1                                             
I 863 131712.1 -171521       8   1.8   1.2   0  46270 MCG -3-34- 43        
I 864                                                                      
I 865                                                                      
I 866 131716.7 +204129 15.6  1                                             
I 867 131720.2 +203839       8   1.4   1.0  30  46283 UGC  8353            
I 868 131728.5 +203643 15.4  1                                             
I 869                                                                      
I 870                                                                      
I 871 131800.0 +042300       8   1.7   0.8  70  46321 UGC  8358            
I 872 131818.6 +062008 15.1  1                                             
I 873 131816.3 +042751 15.3  1                                             
I 874 131900.3 -273739       8   1.2   1.0  17  46410 ESO  508- 42         
I 875 131708.0 +573213       8   1.2   1.1 150  46263 UGC  8355            
I 876 131834.6 +042911 14.8  1                                             
I 877 131860.0 +060459       0                                             
I 878 131860.0 +060700       0                                             
I 879 131940.3 -272544       8   1.2   0.8 102  46479 ESO  508- 47         
I 880 131906.0 +060700       0                                             
I 881 131954.0 +155100       8   1.6   0.4  11  46498 UGC  8375            
I 882 132000.0 +155300       8   0.9   0.9   0  46508 MCG  3-34- 17        
I 883 132035.3 +340822       8   1.5   1.1   0  46560 UGC  8387            
I 884                                                                      
I 885                                                                      
I 886                                                                      
I 887                                                                      
I 888                                                                      
I 889                                                                      
I 890                                                                      
I 891                                                                      
I 892 133145.9 -024250       8   1.5   1.0  15  47564 UGC  8512            
I 893 133146.9 -023643       8   1.1   0.3  52  47566 UGC  8513            
I 894 133204.8 +170255 14.9  1                                             
I 895                                                                      
I 896 133406.0 +045100       8   1.2   0.8  35  47794 UGC  8545            
I 897 133354.0 +174200       8   0.9   0.2  77  47777 UGC  8544            
I 898 133410.2 +130946 15.6  1                                             
I 899 133500.0 -080400       0                                             
I 900 133443.0 +092015 13.60 8   1.6   1.0  27  47855 UGC  8555            
I 901 133542.4 +131950 15.2  1                                             
I 902 133601.3 +495736       8   2.2   0.4 162  47985 UGC  8593            
I 903 133826.2 -001344       8   1.9   0.8 178  48207 UGC  8625            
I 904 133832.4 +003221       8   1.1   0.7 135  48217 UGC  8628            
I 905 134002.9 +230834 15.0  1                                             
I 906 134010.0 +232027 15.7  1                                             
I 907 133918.0 +510300 15.30 8   1.3   0.2  20  48286 UGC  8643            
I 908 134119.0 -042039 15.   1                                             
I 909 134051.1 +242823 14.9  1                                             
I 910 134100.0 +231600       8   0.5   0.4   0  48424 MCG  4-32- 25        
I 911 134125.4 +231450 15.6  1                                             
I 912 134128.9 +231441 15.6  1                                             
I 913 134130.0 +231000       8   0.8   0.6   0  48458 UGC  8664            
I 914 134140.7 +231118 15.2  1                                             
I 915                                                                      
I 916                                                                      
I 917                                                                      
I 918                                                                      
I 919                                                                      
I 920                                                                      
I 921                                                                      
I 922                                                                      
I 923                                                                      
I 924                                                                      
I 925                                                                      
I 926                                                                      
I 927                                                                      
I 928                                                                      
I 929                                                                      
I 930                                                                      
I 931                                                                      
I 932                                                                      
I 933 134512.0 +231300       8   1.2   0.9 155  48760 UGC  8697            
I 934                                                                      
I 935                                                                      
I 936                                                                      
I 937                                                                      
I 938                                                                      
I 939                                                                      
I 940 134757.7 +032700 15.3  1                                             
I 941 134835.7 +240054 15.2  1                                             
I 942 134741.1 +563717 15.3  1                                             
I 943 135032.2 +031136 14.8  1                                             
I 944 135133.0 +140639       8   1.6   0.5 108  49204 UGC  8766            
I 945 134748.6 +720259 15.7  1                                             
I 946 135207.9 +140701       8   0.9   0.7 110  49244 UGC  8772            
I 947 135235.9 +004906       8   1.7   1.1  60  49287 UGC  8784            
I 948 135226.0 +140531       8   1.3   0.7 152  49281 UGC  8779            
I 949 135216.3 +223114       8   1.1   0.4 140  49265 UGC  8777            
I 950 135226.6 +142929 15.2  1                                             
I 951 135147.1 +505845       8   1.2   1.2   0  49215 UGC  8775            
I 952 135336.0 +032200       8   1.3   0.4  93  49373 UGC  8808            
I 953                                                                      
I 954 134956.4 +710953       8   1.1   0.6  70  49083 UGC  8765            
I 955                                                                      
I 956                                                                      
I 957                                                                      
I 958                                                                      
I 959 135603.7 +133016       8   1.7   1.0   0  49540 UGC  8848            
I 960 135559.0 +172957 14.8  1                                             
I 961 135546.7 +255018 15.5  1                                             
I 962 135713.4 +120120       8   0.8   0.8   0  49626 UGC  8868            
I 963 135725.0 +172428 15.2  1                                             
I 964 135741.3 +173031 15.3  1                                             
I 965 135747.5 +173037 15.2  1                                             
