I3448 123123.1 +171222 16.1  8   0.8   0.5  92  41439 VCC 1358              
I3449 123122.9 +255452 17.1  8   0.2   0.1 135  89615 NPM1G +26.0281        
I3450 123124.9 +264747 16.5  8   0.4   0.2 170  89616 KUG 1228+270          
I3451 123124.0 +285120 15.4  8   0.5   0.4   0  41437 MCG 5-30-11           
I3452 123132.6 +113730 13.4  8   1.9   0.8  65  41457 NGC 4497              
I3453 123137.8 +145134 15.4  8   1.0   0.2 166  41466 UGC 7666              
I3454 123138.7 +272947 15.7  8   1.2   0.2  26  41468 UGC 7670              
I3455 123144.6 +254707 17.0  8   0.2   0.1   0                              
I3456 123143.7 +282126       0   0.0   0.0   0                              
I3457 123151.4 +123926 14.7  8   1.2   0.8 135  41494 UGC 7672              
I3458 123144.0 +280850 16.0  8   0.3   0.3   0        Reiz 2469             
I3459 123155.9 +121029 14.8  8   1.1   0.8 155  41505 UGC 7674              
I3460 123150.4 +272314 16.1  8   0.9   0.3 120  41492 KUG 1229+276          
I3461 123202.8 +115323 15.1  8   0.7   0.6   0  41529 MCG 2-32-116          
I3462 123209.6 +151804 16.1  8   0.6   0.3  45  41544 VCC 1417              
I3463 123205.0 +121912       1   0.0   0.0   0                              
I3464 123200.3 +260016       1   0.0   0.0   0                              
I3465 123212.3 +120341 16.5  8   0.5   0.3  90  41548 VCC 1420              
I3466 123205.6 +114903 15.7  8   0.6   0.4  80  41536 MCG 2-32-117          
I3467 123224.5 +114715 15.6  8   1.1   0.2  72  41572 UGC 7686              
I3468 123214.1 +101507 13.8  8   1.2   1.1 167  41552 UGC 7681              
I3469 123211.1 +254810 17.5  8   0.1   0.1   0                              
I3470 123223.3 +111548 14.4  8   0.6   0.6   0  41573 MCG 2-32-122          
I3471 123222.7 +160106 15.5  8   0.8   0.4   0  41567 MCG 3-32-63           
I3472 123218.8 +244342 17.5  8   0.3   0.3   0  86418 Reiz 2482             
I3473 123219.0 +181440 15.0  8   1.2   0.8  35  41558 UGC 7684              
I3474 123236.8 +023945 14.8  8   2.2   0.3  36  41599 UGC 7687              
I3475 123240.6 +124610 14.1  8   1.7   1.6  86  41606 UGC 7692              
I3476 123241.8 +140300 13.1  8   2.0   1.4  30  41608 UGC 7695              
I3477 123238.3 +260217       1   0.0   0.0   0                              
I3478 123244.2 +141146 14.4  8   1.1   1.0 105  41614 UGC 7696              
I3479 123241.0 +252422 17.0  8   0.2   0.2   0  89618 Reiz 2494             
I3480 123241.1 +264944       1   0.0   0.0   0                              
I3481 123252.2 +112417 15.0  8   0.8   0.6  45  41634 MCG 2-32-127          Zwicky's Triplet
I3481A123256.7 +112326 14.4  8   0.2   0.2   0  41646 MCG 2-32-128          
I3482 123301.0 +274950 16.0  8   0.3   0.1  45                              
I3483 123310.0 +112049 15.5  8   0.5   0.4   0  41670 MCG 2-32-129          Zwicky's Triplet
I3484 123305.3 +172411 15.2  8   0.6   0.5   0  41655 MCG 3-32-66           
I3485 123311.2 +091305       1   0.0   0.0   0                              
I3486 123314.0 +125126 15.3  8   0.8   0.5  45  41682 MCG 2-32-131          
I3487 123313.4 +092349 15.3  8   0.8   0.4  84  41680 MCG 2-32-133          
I3488 123308.4 +262059 16.0  8   0.8   0.7   0  41671 MCG 5-30-19           
I3489 123313.7 +121449 15.2  8   0.6   0.6   0  41683 MCG 2-32-130          
I3490 123313.9 +105542 16.5  8   0.6   0.3  50  41681 ZWG 70.162            
I3491 123309.0 +270541 16.0  8   0.9   0.3  12  86322 Reiz 2509             
I3492 123319.7 +125114 14.8  8   0.7   0.4  55  41698 MCG 2-32-132          
I3493 123318.8 +092334       1   0.0   0.0   0                              
I3494 123313.6 +273505 17.6  8   0.2   0.2   0        Reiz 2516             
I3495 123316.5 +264832       1   0.0   0.0   0                              
I3496 123318.8 +264530       1   0.0   0.0   0                              
I3497 123328.7 +252822       1   0.0   0.0   0                              
I3498 123329.1 +264419 15.7  8   0.6   0.2  50  86323 KUG 1230+270          
I3499 123345.0 +105944 14.2  8   1.4   0.5 125  41738 UGC 7712              
I3500 123349.5 +135746 15.1  8   0.6   0.4  95  41751 ZWG 70.171            
I3501 123351.5 +131921 14.7  8   0.7   0.7   0  41754 MCG 2-32-139          
I3502 123342.5 +263704 17.5  8   0.2   0.1   5        Reiz 2528             
I3503 123348.4 +374723       1   0.0   0.0   0                              
I3504 123408.0 +065312       1   0.0   0.0   0                              
I3505 123410.3 +155807 15.2  8   0.9   0.4 175  41792 MCG 3-32-70           
I3506 123406.7 +124430 15.6  8   0.6   0.5  83  41782 VCC 1539              
I3507 123404.4 +252148 17.7  8   0.2   0.2   0        Reiz 2534             
I3508 123406.9 +264017 15.2  8   0.9   0.9   0  41774 MCG 5-30-21           
I3509 123411.5 +120258 14.9  8   0.9   0.6  80  41797 ZWG 70.174            
I3510 123415.0 +110418 14.8  8   0.9   0.6   0  41803 UGC 7728              
I3511 123409.6 +272055       1   0.0   0.0   0                              
I3512 123409.7 +272143       1   0.0   0.0   0                              
I3513 123411.6 +271949       1   0.0   0.0   0                              
I3514 123415.8 +264201       1   0.0   0.0   0                              
I3515 123416.0 +275143 15.8  8   0.6   0.2  50        Reiz 2547             
I3516 123417.3 +272710 15.5  8   1.4   0.2  72  41808 UGC 7724              
I3517 123430.9 +090918 14.6  8   1.1   0.7  15  41829 UGC 7733              
I3518 123431.3 +093726 14.7  8   1.2   0.7  45  41828 UGC 7734              
I3519 123438.4 +153609 15.8  8   0.6   0.4  15  41845 VCC 1577              
I3520 123431.7 +133012 15.0  8   1.0   0.7  60  41830 ZWG 70.178            
I3521 123439.5 +070935 14.1  8   1.4   0.9  27  41847 UGC 7736              
I3522 123445.8 +151316 15.2  8   1.5   0.7  95  41865 UGC 7737              
I3523 123439.3 +140058 17.3  8   0.5   0.5   0 169559                       
I3524 123443.2 +141440       1   0.0   0.0   0                              
I3525 123446.4 +101032 17.0  8   0.4   0.4   0                              
I3526 123440.7 +254104       1   0.0   0.0   0                              
I3527 123442.2 +260915       1   0.0   0.0   0                              
I3528 123455.8 +153358 15.4  8   0.4   0.4   0  41882 MCG 3-32-74A          
I3529 123449.7 +254154       1   0.0   0.0   0                              
I3530 123449.4 +174849 14.9  8   1.4   1.1 162  41853 MCG 3-32-73           
I3531 123456.6 +263736 16.2  8   0.3   0.3   0                              
I3532 123457.6 +255249       1   0.0   0.0   0                              
I3533 123501.2 +254649 15.8  8   0.3   0.2  40  41891 MK 774                
I3534 123452.1 +145842 16.1  8   0.4   0.4   0 165235                       
I3535 123510.9 +254353       1   0.0   0.0   0                              
I3536 123512.4 +263200 16.5  8   0.9   0.3 156  41912 MCG 5-30-24           
I3537 123522.6 +073902       1   0.0   0.0   0                              
I3538 123515.6 +261410       1   0.0   0.0   0                              
I3539 123520.1 +235859       1   0.0   0.0   0                              
I3540 123527.2 +124503 14.9  8   0.7   0.6  66  41936 MCG 2-32-146          
I3541 123523.2 +235822       1   0.0   0.0   0                              
I3542 123541.2 +114000 15.6  8   0.4   0.3 170  41970 ZWG 70.181            
I3543 123541.3 +261712 16.5  8   0.9   0.1 142  41974 NGC 4565C             
I3544 123547.6 +141805       1   0.0   0.0   0                              
I3545 123541.0 +263126 13.4  8   1.9   1.4 125  41975 NGC 4555              
I3546 123541.6 +261321 15.3  8   0.8   0.4 135  41976 NGC 4565B             
I3547 123548.8 +261946       1   0.0   0.0   0                              
I3548 123556.5 +105609 16.0  8   0.6   0.4 105  42001 VCC 1647              
I3549 123550.9 +262344       1   0.0   0.0   0                              
I3550 123551.8 +275557       8   0.0   0.0   0        NGC 4559C             
I3551 123553.8 +275750       8   0.0   0.0   0                              
I3552 123554.0 +275936       8   0.0   0.0   0                              
I3553 123555.9 +261136       1   0.0   0.0   0                              
I3554 123555.2 +275539       1   0.0   0.0   0                              
I3555 123556.0 +275924       8   0.0   0.0   0                              
I3556 123558.5 +265756 15.6  8   0.7   0.3 170  42005 MCG 5-30-29           
I3557 123608.1 +163830 15.5  8   0.8   0.8   0  42015 MCG 3-32-77           
I3558 123602.8 +115058 16.5  8   0.4   0.2  90 165253                       
I3558 123602.9 +115108 17.0  8   0.2   0.2   0                              
I3559 123603.4 +265916 15.6  8   0.6   0.2  67  42012 MCG 5-30-31           
I3560 123603.8 +270444 17.1  8   0.5   0.3  70        Reiz 2593             
I3561 123604.7 +265400 16.0  8   0.7   0.2  80  42013 MCG 5-30-32           
I3562 123610.7 +095522 15.3  8   0.8   0.3  40  42021 ZWG 70.185            
I3563 123607.1 +275536       8   0.0   0.0   0                              
I3564 123607.8 +275528       1   0.0   0.0   0                              
I3565 123612.3 +264522 16.5  8   0.3   0.3   0                              
I3566 123622.0 +110909       0   0.0   0.0   0                              
I3567 123622.6 +133611 15.0  8   0.8   0.7   0  42044 ZWG 70.187            
I3568 123306.9 +823351 11.6  6   0.2   0.0   0  41662 PK 123+34.1           
I3569 123608.1 +191918 13.1  8   1.5   1.3  30  42020 NGC 4561              
I3570 123618.2 +240442       1   0.0   0.0   0                              
I3571 123619.9 +260503 17.5  4   0.3   0.3   0        Reiz 2601             
I3572 123628.1 +113708       1   0.0   0.0   0                              
I3573 123627.1 +114535 16.7  8   0.4   0.3 140 165255 NPM1G +12.0327        
I3574 123627.7 +122420 15.3  8   0.6   0.4 115  42052 VCC 1665              
I3575 123632.4 +134450 17.3  8   0.6   0.4   0  42062 VCC 1674              
I3576 123637.8 +063717 13.8  8   2.3   2.1  30  42074 UGC 7781              
I3577 123638.8 +115406       1   0.0   0.0   0                              
I3578 123639.5 +110605 15.1  8   0.9   0.3 135  42079 UGC 7782              
I3579 123632.8 +260615       1   0.0   0.0   0                              
I3580 123629.2 +181759 17.0  8   0.2   0.2   0                              
I3581 123638.1 +242544 15.5  8   0.9   0.4  51  42076 MCG 4-30-9            
I3582 123630.3 +261202 14.5  8   0.4   0.2  39  42060 UGC 7778              
I3583 123643.8 +131533 13.9  8   2.2   1.1   0  42081 UGC 7784              
I3584 123645.0 +121358       1   0.0   0.0   0                              
I3585 123639.8 +264950 14.8  8   1.1   0.9 126  42067 UGC 7783              
I3586 123654.9 +123113 14.6  8   1.1   1.0  90  42099 MCG 2-32-157          
I3587 123648.3 +273259 16.2  8   1.4   0.2 122  42083 UGC 7787              
I3588 123656.4 +141303 11.9  8   3.6   1.2  55  42100 NGC 4571              
I3589 123701.3 +065613       1   0.0   0.0   0                              
I3590 123650.7 +271641 15.5  8   1.0   0.2 130        Reiz 2612             
I3591 123702.8 +065534 14.1  8   1.2   0.6  48  42108 UGC 7790              
I3592 123653.2 +275145 15.2  8   1.0   0.5 126  42097 NGC 4559A             
I3593 123653.8 +274455 15.4  8   0.5   0.3   5  42098 NGC 4559B             
I3594 123656.5 +260657       1   0.0   0.0   0                              
I3595 123706.3 +234713 16.5  8   0.4   0.2  95                              
I3595 123706.1 +234649 16.5  8   0.5   0.1  30                              
I3596 123718.9 +263115       0   0.0   0.0   0                              
I3597 123724.6 +235149 15.9  8   0.4   0.4   0  86325 KUG 1234+241          
I3598 123721.0 +281232 14.8  8   1.4   0.4 140  42137 UGC 7791              
I3599 123741.1 +264229 15.7  8   0.3   0.2 140  42154 ZWG 159.34            
I3600 123741.0 +270746 15.9  8   0.5   0.4   0  42161 MCG 5-30-41           
I3601 123753.7 +151329 15.8  8   0.6   0.4 155 165275                       
I3602 123806.8 +100455 15.3  8   0.9   0.3 135  42205 ZWG 70.198            
I3603 123816.1 +153413 16.4  8   0.4   0.3 170        NPM1G +15.0375        
I3604 123820.7 +114350 16.2  8   0.3   0.2 170                              
I3605 123820.9 +193228 16.2  8   0.4   0.2  10  86642 KUG 1235+198          
I3606 123825.1 +123637 16.0  8   0.3   0.3   0                              
I3607 123832.1 +102234 16.4  8   0.5   0.2 136  42248 VCC 1762              
I3608 123837.4 +102833 14.6  8   3.1   0.4  95  42264 UGC 7808              
I3609 123834.7 +142111 15.4  8   0.4   0.4   0  42251 ZWG 99.101            
I3610 123847.1 +265222 17.0  8   0.2   0.2   0        Reiz 2644             
I3611 123904.1 +132151 14.0  8   1.4   0.8 137  42307 UGC 7817              
I3612 123904.6 +144354 14.9  8   1.0   0.5  50  42309 IC 3616               
I3613 123904.8 +134531 17.4  8   0.5   0.2 165 165284                       
I3614 123901.1 +261813 17.0  8   0.2   0.2   0 169886 Reiz 2651             
I3615 123901.6 +181203 15.5  8   1.1   0.3  11  42306 UGC 7815              
I3616 123904.6 +144354 14.9  8   1.0   0.5  50  42309 IC 3612               
I3617 123925.0 +075759 14.4  8   1.4   0.7  65  42348 UGC 7822              
I3618 123917.1 +264042 15.9  8   0.3   0.3   0  42315 ZWG 159.41            
I3619 123918.9 +240835       1   0.0   0.0   0                              
I3620 123917.9 +275430 15.6  8   0.6   0.1 170  42330 ZWG 159.44            
I3621 123933.5 +153011 16.4  8   0.4   0.4   0        NPM1G +15.0377        
I3622 123932.4 +152556 16.0  8   0.6   0.6   0                              
I3623 123927.6 +270610 15.0  8   1.1   0.9  45  42353 MCG 5-30-50           
I3624 123934.5 +115855 16.2  8   0.3   0.3   0                              
I3625 123933.1 +105806 15.4  8   0.2   0.2   0  42364 ZWG 70.203            
I3625A123933.3 +105802 15.3  8   0.3   0.3   0  42361 MCG 2-32-165          
I3625B123937.7 +105834 16.8  8   0.4   0.4   0  42372 MCG 2-32-166          
I3626 123931.6 +254036 15.7  8   0.3   0.2  10  42355 ZWG 129.14            
I3627 123931.9 +272952 16.8  8   0.4   0.2  80 139990 NPM1G +27.0373        
I3628 123938.8 +261425       1   0.0   0.0   0                              
I3629 123946.8 +133159 15.3  8   0.7   0.3  75  42387 ZWG 70.205            
I3629A123949.2 +133255 16.4  8   0.7   0.3   0  42390 MCG 2-32-167          
I3629B123942.9 +133623 16.8  8   0.4   0.4   0  42381 MCG 2-32-168          
I3630 123946.7 +252559       1   0.0   0.0   0                              
I3631 123947.9 +125828 14.1  8   0.8   0.5  90  42389 UGC 7825              
I3632 123959.9 +264056 17.5  8   0.3   0.2  90 169888 Reiz 2672             
I3633 124011.2 +095348 15.4  8   0.5   0.3 125  42426 ZWG 70.208            
I3634 124011.4 +095050 15.8  8   0.6   0.5   0  42425 VCC 1825              
I3635 124013.3 +125231 15.2  8   0.9   0.7 168  42430 UGC 7830              
I3636 124015.4 +220431       1   0.0   0.0   0                              
I3637 124019.4 +144254 14.8  8   2.2   1.0  18  42443 ZWG 99.107            
I3638 124016.6 +103107 15.1  8   0.9   0.7 120  42435 MCG 2-32-172          
I3639 124052.9 -364521 13.0  8   1.2   1.2   0  42504 ESO 381-8             
I3640 124025.1 +263128 15.5  8   0.4   0.2  40  42478                       
I3641 124026.8 +263118 17.5  8   0.2   0.1 170                              
I3642 124025.9 +264354 15.8  8   0.3   0.3   0        Reiz 2682             
I3643 124040.9 +122424 16.2  8   0.5   0.4  90                              
I3644 124036.1 +263017 15.7  8   0.9   0.2  15  42479 MCG 5-30-52           
I3645 124037.6 +263229       1   0.0   0.0   0                              
I3646 124038.6 +263132 15.4  8   0.7   0.3  90 169892 MCG 5-38-53           
I3647 124053.0 +102835 14.4  8   1.6   0.9 140  42503 UGC 7834              
I3648 124052.2 +125904       1   0.0   0.0   0                              
I3649 124049.7 +210616 16.5  8   0.2   0.2   0                              
I3650 124048.7 +262825       1   0.0   0.0   0                              
I3651 124052.8 +264343 14.3  8   1.0   1.0   0  42500 UGC 7835              
I3652 124058.7 +111103 14.4  8   0.8   0.8   0  42521 UGC 7838              
I3653 124115.7 +112316 14.8  8   0.5   0.5   0  42550 MCG 2-32-178          
I3654 124112.4 +223524 16.3  8   0.3   0.3   0  86326 NPM1G +22.0387        
I3655 124114.4 +204000 17.1  8   0.2   0.2   0        NPM1G +20.0332        
I3656 124113.8 +223541 15.9  8   0.5   0.2  90  86327 KUG 1238+228B         
I3657 124119.0 +214019       1   0.0   0.0   0                              
I3658 124120.6 +144204 14.9  8   1.3   0.7  81  42558 ZWG 99.110            
I3659 124127.6 +225551 16.2  8   0.4   0.2  80  86328 KUG 1238+232          
I3660 124136.8 +210535       1   0.0   0.0   0                              
I3661 124135.6 +222942 16.6  8   0.6   0.1 105                              
I3662 124136.2 +232531 15.1  8   0.7   0.7   0  42583 MCG 4-30-14           
I3663 124139.3 +121451 15.3  8   0.8   0.5 178  42586 ZWG 70.217            
I3664 124142.0 +195702       1   0.0   0.0   0                              
I3665 124146.6 +112917 14.9  8   0.9   0.6  72  42598 UGC 7855              
I3666 124153.4 +075039       1   0.0   0.0   0                              
I3667 124133.0 +410904 11.2  8   4.2   3.4  25  42575 NGC 4618              
I3668 124132.7 +410733       8   0.0   0.0   0                              
I3669 124135.8 +410820       8   0.0   0.0   0                              
I3670 124155.0 +114624 16.0  8   0.5   0.4   5                              
I3671 124151.3 +233037 15.5  8   0.5   0.5   0  42599 MCG 4-30-15           
I3672 124208.7 +114515 14.2  8   1.0   1.0   0  42638 IC 809                
I3673 124204.3 +210818       1   0.0   0.0   0                              
I3674 124205.4 +223039       1   0.0   0.0   0                              
I3675 124152.5 +411625 12.9  8   1.6   1.4 132  42607 NGC 4625              
I3676 124212.2 +133335       1   0.0   0.0   0                              
I3677 124211.8 +205308 17.0  8   0.2   0.2   0        NPM1G +21.0332        
I3678 124212.6 +205249 16.7  8   0.2   0.2   0                              
I3679 124211.4 +224906       1   0.0   0.0   0                              
I3680 124201.7 +390502       1   0.0   0.0   0                              
I3681 124201.2 +390503       1   0.0   0.0   0                              
I3682 124219.6 +205154       1   0.0   0.0   0                              
I3683 124220.6 +205219 17.1  8   0.3   0.2  60        NPM1G +21.0333        
I3684 124226.5 +114422 16.0  8   1.1   0.4  14  42679 VCC 1921              
I3685 124232.1 +065215       1   0.0   0.0   0                              
I3686 124236.0 +103354 15.0  8   1.0   0.4 171  42698 MCG 2-32-186          
I3687 124215.1 +383013 13.7  8   2.5   1.5   9  42656 UGC 7866              
I3688 124237.1 +142125 13.9  8   2.0   0.9  33  42699 NGC 4633              
I3689 124237.0 +205101 16.0  8   0.2   0.2   0                              
I3690 124249.2 +102128 15.1  8   1.1   0.3   6  42732 UGC 7879              
I3691 124249.3 +224622 17.0  4   0.6   0.6   0                              
I3692 124253.9 +205922 14.7  8   0.9   0.7  97  42743 UGC 7885              
I3693 124258.0 +104053 15.2  8   0.6   0.4  85  42754 ZWG 71.5              
I3694 124307.3 +111241 14.9  8   0.6   0.4  30  42766 MCG 2-32-192          
I3695 124307.0 +224431       1   0.0   0.0   0                              
I3696 124309.7 +195541 17.0  8   0.2   0.2   0                              
I3697 124258.8 +395046 16.1  8   0.8   0.7   0  42756 MCG 7-26-41           
I3698 124317.3 +111240 15.2  8   0.5   0.5   0  42790 MCG 2-32-193          
I3699 124317.3 +190004       1   0.0   0.0   0                              
I3700 124319.8 +191553       0   0.0   0.0   0                              
I3701 124330.9 +110249 16.6  8   0.4   0.3   0  42812 VCC 1971              
I3701 124331.4 +110258 17.0  8   0.2   0.2   0        VCC 1971              
I3702 124328.4 +105225 15.3  8   0.3   0.2  45  42810 ZWG 71.14             
I3703 124322.1 +375829       1   0.0   0.0   0                              
I3704 124345.5 +104611 14.8  8   1.2   0.3  43  42836 UGC 7899              
I3705 124341.6 +191936 16.0  8   0.2   0.2   0                              
I3705 124341.6 +191923 16.5  8   0.2   0.2   0                              
I3706 124348.0 +091347       1   0.0   0.0   0                              
I3707 124328.5 +375857       1   0.0   0.0   0                              
I3708 124351.8 +130812       8   0.2   0.2   0                              
I3709 124404.1 +090349 15.0  8   0.7   0.5   0  42869 ZWG 71.20             
I3710 124409.6 +120652 15.3  8   1.1   0.7 160  42881 UGC 7906              
I3711 124409.3 +111036 15.6  8   0.7   0.5  60  42878 VCC 1991              
I3712 124416.6 +102229       0   0.0   0.0   0                              
I3713 124403.1 +411010 15.7  8   0.8   0.7 132  42867 MCG 7-26-46           
I3714 124423.1 +101120 15.2  8   0.8   0.5 150  42899 MCG 2-33-5            
I3715 124421.3 +200126 17.5  8   0.3   0.3   0                              
I3716 124445.1 +080627       1   0.0   0.0   0                              
I3717 124423.0 +393120 16.3  8   0.7   0.2 160  42900 MCG 7-26-47           
I3718 124445.3 +122103 13.7  8   2.7   1.0  72  42944 UGC 7920              
I3719 124447.7 +080624 15.4  8   0.4   0.2  90  42947 ZWG 43.16             
I3720 124447.5 +120353 15.0  8   1.3   0.7 125  42949 UGC 7919              
I3721 124453.1 +184519 14.0  8   0.9   0.3 136  42956 IC 3725               
I3722 124450.9 +114644       1   0.0   0.0   0                              
I3723 124430.6 +404414 15.9  8   0.3   0.2  95  42914 MCG 7-26-48           
I3724 124453.8 +101655 15.4  8   0.5   0.3  70  42960 ZWG 71.27             
I3725 124453.1 +184519 14.0  8   0.9   0.3 136  42956 IC 3721               
I3726 124442.6 +404044 15.5  8   1.5   0.3 111  42938 UGC 7921              
I3727 124505.7 +105402 14.4  8   1.0   0.8 162  42969 UGC 7927              
I3727 124504.9 +105400 16.0  8   0.2   0.2   0        UGC 7927              
I3728 124503.2 +205826 16.2  8   0.2   0.2   0                              
I3729 124453.0 +392106 16.3  8   0.3   0.2  45  42958 MCG 7-26-50           
I3730 124506.5 +211012 15.4  8   0.3   0.3   0  42971 MCG 4-30-18           
I3731 124505.2 +122649 16.5  8   0.5   0.4 110        NPM1G +12.0333        
I3732 124511.9 +101927 16.3  8   0.3   0.2  45  42980 VCC 2015              
I3733 124517.3 +065749       1   0.0   0.0   0                              
I3734 124509.2 +230220 17.0  8   0.2   0.2   0                              
I3735 124520.4 +134135 14.8  8   0.9   0.5 162  42991 MCG 2-33-10           
I3736 124518.8 +213209 16.0  8   0.5   0.3 165  42986 MCG 4-30-20           
I3737 124520.3 +215732       1   0.0   0.0   0                              
I3738 124525.3 +191344       1   0.0   0.0   0                              
I3739 124532.2 +125951       0   0.0   0.0   0                              
I3740 124530.5 +204859 15.4  8   0.8   0.4   9  42995 ZWG 129.24            
I3741 124533.2 +191212       1   0.0   0.0   0                              
I3742 124531.9 +131955 13.8  8   1.7   0.9  45  43001 UGC 7932              
I3743 124541.0 +110602       1   0.0   0.0   0                              
I3744 124541.4 +193003 17.0  8   0.4   0.3 160        NPM1G +19.0327        
I3745 124544.8 +191040 14.7  8   0.7   0.7   0  43009 MCG 3-33-3            
I3746 124531.8 +374926 15.8  8   0.2   0.2   0  43000 ZWG 188.19            
I3747 124534.5 +375807       1   0.0   0.0   0                              
I3748 124551.0 +192546       1   0.0   0.0   0                              
I3749 124551.4 +193209       1   0.0   0.0   0                              
I3750 124557.2 +190557       1   0.0   0.0   0                              
I3751 124545.1 +374925 16.5  8   0.2   0.2   0        NPM1G +38.0266        
I3752 124604.1 +190039       1   0.0   0.0   0                              
I3753 124604.3 +190717       1   0.0   0.0   0                              
I3754 124615.6 +082057 14.5  8   1.2   0.6 128  43074 UGC 7937              
I3755 124609.4 +190927       1   0.0   0.0   0                              
I3756 124610.1 +115455 16.0  8   0.5   0.3  20                              
I3757 124559.8 +383050       1   0.0   0.0   0                              
I3758 124559.6 +404631 15.4  8   0.4   0.4   0  43046 ZWG 216.26            
I3759 124617.7 +204700 15.8  8   0.7   0.2 160                              
I3760 124618.2 +115226 15.5  8   0.3   0.2 100  43076 MCG 2-33-14           
I3761 124627.2 +201723 17.7  8   0.3   0.2  70        NPM1G +20.0333        
I3762 124637.6 +221449 17.5  8   0.2   0.1  40                              
I3763 124645.9 +215906 17.0  8   0.4   0.4   0  86329 KUG 1244+222          
I3764 124656.7 +095128 14.9  8   0.6   0.5   0  43126 IC 817                
I3765 124635.0 +383427       1   0.0   0.0   0                              
I3766 124653.4 +190640 17.4  8   0.2   0.2   0        NPM1G +19.0329        
I3767 124655.5 +101055 16.2  8   0.6   0.2  80  43119 VCC 2045              
I3768 124640.7 +403551       1   0.0   0.0   0                              
I3769 124648.0 +402813       1   0.0   0.0   0                              
I3770 124715.4 +091211       0   0.0   0.0   0                              
I3771 124652.6 +391025 16.7  8   0.3   0.2  70        NPM1G +39.0300        
I3772 124656.1 +363152 15.6  8   0.7   0.4  75  43123 MCG 6-28-28           
I3773 124715.2 +101212 13.9  8   1.9   0.7  20  43146 UGC 7952              
I3774 124701.0 +361717 16.5  8   0.9   0.4 110  43117 UGC 7947              
I3775 124716.1 +114537 16.4  8   0.9   0.3  54  43148 UGC 7953              
I3776 124712.1 +222903 16.8  8   0.5   0.3  30  86432 KUG 1244+227          
I3777 124725.3 +090838       1   0.0   0.0   0                              
I3778 124701.9 +403549 15.5  8   0.4   0.3  35  43131 ZWG 216.28            
I3779 124720.6 +120958 15.4  8   0.7   0.4 120  43154 ZWG 71.41             
I3780 124708.2 +401411       1   0.0   0.0   0                              
I3781 124724.6 +223410       1   0.0   0.0   0                              
I3782 124716.2 +402242       1   0.0   0.0   0                              
I3783 124727.8 +403359 15.5  8   0.7   0.6 120  43163 MCG 7-26-52           
I3784 124750.6 +192305 16.4  8   0.4   0.2  45  89739 NPM1G +19.0330        
I3785 124752.2 +191630 16.2  8   0.4   0.4   0                              
I3786 124736.8 +390247 16.6  8   0.4   0.3 170        NPM1G +39.0301        
I3787 124742.6 +403725       1   0.0   0.0   0                              
I3788 124807.3 +185205 17.5  8   0.5   0.5   0  43220 MCG 3-33-5            
I3789 124807.0 +201139 15.8  8   0.5   0.4   0                              
I3790 124814.8 +110627       1   0.0   0.0   0                              
I3791 124732.0 +542228 14.3  8   1.1   0.7  80  43173 NGC 4695              
I3792 124814.4 +110514       1   0.0   0.0   0                              
I3793 124811.8 +190906 17.0  8   0.3   0.1  80                              
I3794 124821.4 +191010       1   0.0   0.0   0                              
I3795 124805.0 +404308 16.0  8   0.5   0.1  10  43221 MCG 7-26-53           
I3796 124827.2 +200213       1   0.0   0.0   0                              
I3797 124834.9 +113652       0   0.0   0.0   0                              
I3798 124843.1 +091429       1   0.0   0.0   0                              
I3799 124859.5 -142355 14.4  8   2.4   0.3  30  43313 MCG -2-33-11          
I3800 124827.3 +363430 16.5  8   0.4   0.4   0                              
I3801 124900.0 +105700       0   0.0   0.0   0                              
I3802 124842.5 +381449       1   0.0   0.0   0                              
I3803 124904.4 +103756       1   0.0   0.0   0                              
I3804 124845.7 +351958 14.3  8   1.3   0.8  40  43286 NGC 4711              
I3805 124844.4 +381515       1   0.0   0.0   0                              
I3806 124855.4 +145426 14.7  8   1.4   0.5 177  43303 UGC 7974              
I3807 124930.0 -042400       0   0.0   0.0   0                              
I3808 124858.8 +403545 15.7  8   0.7   0.3 160  43312 MCG 7-26-55           
I3809 124904.4 +362922 16.6  8   0.5   0.3 170        NPM1G +36.0289        
I3810 124903.2 +403847       1   0.0   0.0   0                              
I3811 124925.6 +212744       1   0.0   0.0   0                              
I3812 124953.8 -064302 15.0  8   1.1   0.5   3  43409 MCG -1-33-19          
I3813 125002.3 -255512 13.7  8   1.3   0.9 171  43418 ESO 507-19            
I3814 124932.2 +200300 16.5  8   0.5   0.4 125                              
I3815 124938.5 +191629 16.7  8   0.5   0.2 160  89740 Reiz 2868             
I3816 124928.4 +371351 16.1  8   0.5   0.5   0  43369 MCG 6-28-34           
I3817 124943.4 +224954 17.0  8   0.3   0.2  40                              
I3818 124946.8 +214507 16.0  8   0.5   0.2 178                              
I3819 125016.3 -142248 16.4  8   0.3   0.2  90        NPM1G -14.0474        
I3820 124939.0 +370702 16.0  8   0.2   0.2   0                              
I3821 124957.6 +205809       1   0.0   0.0   0                              
I3822 125022.6 -141921 15.8  8   1.2   0.1  33  43443 MCG -2-33-19          
I3823 124944.3 +405305       1   0.0   0.0   0                              
I3824 125030.5 -142531 15.6  8   0.5   0.3   0 170210 NPM1G -14.0475        
I3825 125037.1 -143111 16.0  8   0.3   0.2   5                              
I3826 125039.8 -090151 14.2  8   1.9   0.8 177  43473 MCG -1-33-25          
I3827 125051.8 -142930 14.1  8   0.8   0.7  60  43487 MCG -2-33-21          
I3828 125020.6 +375658 16.0  8   0.3   0.2  50        NPM1G +38.0267        
I3829 125213.3 -295025 12.6  8   2.7   0.8   9  43642 ESO 442-26            
I3830 125051.3 +195010       1   0.0   0.0   0                              
I3831 125118.5 -143424 13.8  8   1.4   0.9 151  43536 MCG -2-33-27          
I3832 125049.0 +394836 16.3  8   0.5   0.5   0  43482 MCG 7-26-57           
I3833 125132.3 -131948 13.7  8   1.8   0.7  35  43560 NGC 4722              
I3834 125132.3 -141315 14.5  8   0.8   0.4  85  43559 NGC 4740              
I3835 125055.8 +401112 16.0  8   0.4   0.2 100                              
I3836 125103.6 +401102 16.2  8   0.3   0.1  90                              
I3837 125133.0 +194323 17.2  8   0.3   0.1  80                              
I3838 125151.4 -142922       0   0.0   0.0   0                              
I3839 125146.2 +202517       1   0.0   0.0   0                              
I3840 125146.7 +214410       0   0.0   0.0   0                              
I3841 125150.6 +222039       1   0.0   0.0   0                              
I3842 125135.8 +402219 16.2  8   0.3   0.3   0        NPM1G +40.0299        
I3843 125139.0 +390003 16.2  8   0.4   0.2   0                              
I3844 125206.4 +394907 16.2  8   0.3   0.2  30  43622 MCG 7-26-59           
I3845 125208.7 +383707       1   0.0   0.0   0                              
I3846 125239.0 +133850       0   0.0   0.0   0                              
I3847 125233.7 +220355 17.9  8   0.3   0.2 130  86330 NPM1G +22.0391        
I3848 125240.5 +212453 16.5  8   0.3   0.3   0                              
I3848 125240.0 +212500 17.5  8   0.2   0.1  95                              
I3849 125237.0 +404620       1   0.0   0.0   0                              
I3850 125239.6 +400611 15.6  8   1.0   0.8  45  43702 MCG 7-27-1            
I3851 125304.7 +215434       1   0.0   0.0   0                              
I3852 125303.2 +354623 15.0  8   1.2   0.6  60  43750 UGC 8019              
I3853 125310.5 +384946 17.0  8   0.4   0.3   0                              
I3854 125312.6 +405056 16.8  8   0.5   0.2  10        NPM1G +41.0311        
I3854 125314.5 +405055 16.5  8   0.3   0.3   0        NPM1G +41.0312        
I3855 125322.6 +364711 16.7  8   0.5   0.2 105        NPM1G +37.0374        
I3856 125345.2 +200536 15.8  8   0.8   0.2 125                              
I3857 125356.1 +193625 17.0  8   0.3   0.2 100                              
I3858 125355.6 +204720       1   0.0   0.0   0                              
I3859 125419.9 -090702 14.3  8   1.0   0.3 165 170216 Reiz 2969             
I3860 125407.2 +191758       0   0.0   0.0   0                              
I3861 125350.8 +381657 16.2  8   0.3   0.2 120                              
I3862 125353.2 +360512 15.1  8   1.3   0.6 157  43844 UGC 8023              
I3863 125353.9 +382851 16.0  8   0.6   0.2  85                              
I3864 125412.3 +185705 16.5  8   0.3   0.2 100        Reiz 2971             
I3865 125414.2 +185207 16.0  8   0.4   0.4   0        Reiz 2973             
I3866 125415.5 +222151 16.2  8   0.3   0.3   0                              
I3866 125415.0 +222135 17.0  8   0.5   0.2 130                              
I3867 125419.5 +185632 16.4  8   0.5   0.3 100  87471 Reiz 2979             
I3868 125420.9 +185926 16.5  8   0.3   0.2  60        Reiz 1981             
I3869 125421.2 +185818 17.6  8   0.3   0.2  60  87472 Reiz 2980             
I3870 125421.6 +222252 16.5  8   0.2   0.2   0                              
I3871 125425.7 +185544 15.8  8   0.4   0.4   0        Reiz 2982             
I3872 125430.5 +185746 16.0  8   0.3   0.3   0        Reiz 2983             
I3873 125431.6 +185257 16.5  8   0.4   0.3 120        Reiz 2985             
I3874 125434.4 +185727 16.2  8   0.3   0.3   0  87473 Reiz 2986             
I3875 125437.2 +220209 16.5  8   0.2   0.2   0        Reiz 2990             
I3876 125448.4 +190055 17.5  8   0.2   0.2   0                              
I3877 125448.5 +191035 13.7  8   3.7   0.9  30  43961 UGC 8036              
I3878 125429.5 +400412       1   0.0   0.0   0                              
I3879 125432.0 +383743 16.5  8   0.7   0.5   5  43911 MCG 7-27-2            
I3880 125447.9 +223010 17.8  8   0.3   0.2 165        NPM1G +22.0393        
I3881 125454.0 +190704 16.0  8   0.2   0.2   0                              
I3882 125453.7 +223430 16.5  8   0.3   0.2 155                              
I3883 125513.5 -080713 14.2  8   0.9   0.4  12  44016 MCG -1-33-49          
I3884 125457.7 +194054 17.3  8   0.4   0.4   0        NPM1G +19.0334        
I3885 125442.7 +370916 16.0  8   0.3   0.3   0                              
I3886 125500.8 +190204 16.2  8   0.3   0.2   0                              
I3887 125443.8 +401818       1   0.0   0.0   0                              
I3888 125446.3 +393419 15.3  8   1.0   0.2  50  43956 MCG 7-27-3            
I3889 125450.8 +360100       1   0.0   0.0   0                              
I3890 125450.1 +371107 16.2  8   0.3   0.1  15                              
I3891 125458.3 +360309 16.2  8   0.3   0.2 100                              
I3892 125506.0 +391323 15.4  8   1.3   0.6 175  44001 UGC 8044              
I3893 125507.6 +383728 16.5  8   0.4   0.2  70                              
I3894 125527.2 +190406       1   0.0   0.0   0                              
I3895 125509.3 +391213 15.5  8   0.8   0.8   0  44010 MCG 7-27-6            
I3896 125642.8 -502050 12.3  8   2.5   1.8  10  44180 ESO 219-12            
I3896A125530.8 -500416 13.5  8   2.3   1.8  27  44040 ESO 219-8             
I3897 125519.0 +394023 16.4  8   0.3   0.2  15        NPM1G +39.0305        
I3898 125523.8 +373500 17.2  8   0.2   0.1 170        NPM1G +37.0376        
I3899 125540.6 +203813 17.5  8   0.4   0.2  45        NPM1G +20.0336        
I3900 125541.2 +271505 15.0  8   0.7   0.5 177  44068 MCG 5-31-9            
I3901 125550.9 +215617       1   0.0   0.0   0                              
I3902 125538.7 +355944       1   0.0   0.0   0                              
I3903 125538.6 +402400       1   0.0   0.0   0                              
I3904 125545.5 +361736 16.0  8   0.7   0.5  72  44075 MCG 6-28-43           
I3905 125608.7 +195110 16.0  8   0.3   0.2 110                              
I3906 125546.0 +402720       1   0.0   0.0   0                              
I3907 125618.3 +184703 17.0  8   0.2   0.1   0                              
I3908 125640.3 -073338 14.5  8   1.8   0.7 171  44166 MCG -1-33-56          
I3909 125602.7 +402307 16.2  8   0.3   0.2  70                              
I3910 125604.8 +394313       1   0.0   0.0   0                              
I3911 125609.2 +353813 16.3  8   0.3   0.3   0                              
I3911 125609.6 +353820 17.0  8   0.2   0.2   0                              
I3912 125607.7 +395438       1   0.0   0.0   0                              
I3913 125628.8 +271727 15.4  8   0.7   0.6   0  44147 MCG 5-31-12           
I3914 125622.7 +362138 16.7  8   0.2   0.2   0                              
I3915 125637.6 +200730       1   0.0   0.0   0                              
I3916 125631.2 +383651 15.4  8   0.9   0.6 135  44150 UGC 8063              
I3917 125651.6 +220022       1   0.0   0.0   0                              
I3918 125653.5 +222224 15.6  8   0.6   0.3   0  44205 ZWG 130.2             
I3919 125654.0 +383200       0   0.0   0.0   0                              
I3920 125650.0 +395733 15.7  8   0.6   0.2  10        NPM1G +40.0303        
I3921 125656.7 +383824 16.2  8   0.5   0.2  80                              
I3922 125657.5 +382843 15.8  8   1.0   0.2  95 140039 IRAS12546+3844        
I3923 125700.9 +375723       1   0.0   0.0   0                              
I3924 125724.9 +184654 17.5  8   0.1   0.1   0                              
I3925 125715.4 +362520       1   0.0   0.0   0                              
I3926 125730.4 +224844       1   0.0   0.0   0                              
I3927 125810.4 -225234 13.6  8   1.1   0.9 162  44419 ESO 507-58            
I3928 125718.3 +402630 16.5  8   0.3   0.2 160                              
I3929 125741.0 +202351 16.6  8   0.4   0.4   0        NPM1G +20.0337        
I3930 125722.4 +384553 16.0  8   0.5   0.2  10                              
I3931 125757.2 +193702 15.8  8   0.3   0.2  10        Reiz 3070             
I3932 125805.6 +193505       1   0.0   0.0   0                              
I3933 125757.1 +363843       1   0.0   0.0   0                              
I3934 125817.5 +184930 16.0  8   0.4   0.4   0                              
I3935 125812.7 +262347 14.1  8   1.9   1.4 175  44424 NGC 4849              
I3936 125820.2 +190328       1   0.0   0.0   0                              
I3937 125824.7 +184906 16.2  8   0.2   0.2   0                              
I3938 125825.7 +184509       1   0.0   0.0   0                              
I3939 125828.0 +184506       1   0.0   0.0   0                              
I3940 125816.4 +355022 15.7  8   0.4   0.2 140  44429 NPM1G +36.0291        
I3941 125813.8 +394624 16.7  8   0.3   0.3   0        NPM1G +40.0304        
I3942 125819.8 +360632       1   0.0   0.0   0                              
I3943 125836.5 +280648 15.6  8   0.6   0.2  50  44485 ZWG 160.69            
I3944 125844.8 +234652 16.2  8   0.4   0.2  60 140043                       
I3945 125829.6 +395608 16.0  8   0.6   0.2  15                              
I3946 125849.1 +274835 15.2  8   0.7   0.4  80  44508 MCG 5-31-50           
I3947 125852.0 +274708 15.4  8   0.3   0.2  95  44515 ZWG 160.211           
I3948 125858.1 +240341 17.0  8   0.2   0.2   0                              
I3949 125856.6 +274959 15.1  8   1.0   0.2  73  44524 UGC 8096              
I3950 125906.0 +184410 16.9  8   0.4   0.3 155        NPM1G +19.0336        
I3951 125910.1 +184553 17.0  8   0.5   0.2 155        NPM1G +19.0337        
I3952 125852.1 +385211 16.0  8   0.3   0.3   0                              
I3953 125909.1 +230514 16.5  8   0.2   0.2   0                              
I3954 125912.7 +191621 17.0  8   0.4   0.2  90                              
I3955 125906.1 +275946 15.4  8   0.4   0.2  30  44544 ZWG 160.216           
I3956 125856.4 +372355 16.2  8   0.3   0.3   0        NPM1G +37.0377        
I3957 125907.5 +274600 15.6  8   0.4   0.4   0  44554 MCG 5-31-60           
I3958 125911.4 +240120 16.5  8   0.2   0.2   0                              
I3959 125908.3 +274701 15.2  8   0.5   0.5   0  44553 MCG 5-31-59           
I3960 125908.0 +275117 15.7  8   0.4   0.4   0  44551 MCG 5-31-55           
I3960A125909.8 +275201 17.0  8   0.3   0.2  80  44552 MCG 5-31-56           
I3961 125901.8 +345143 14.1  8   4.2   1.6  15  44536 NGC 4861              
I3962 125915.1 +234004       1   0.0   0.0   0                              
I3963 125913.6 +274626 15.7  8   0.7   0.3  85  44567 MCG 5-31-61           
I3964 125913.6 +275104       1   0.0   0.0   0                              
I3965 125922.8 +185035 17.0  8   0.2   0.1 160                              
I3966 125913.1 +355115 15.9  8   0.7   0.5   3  44565 MCG 6-29-7            
I3967 125912.8 +360747 16.1  8   0.4   0.2  36  44561 MCG 6-29-5            
I3968 125925.6 +275821 16.2  8   0.4   0.2  45  44598 RB 14                 
I3969 125931.6 +193901       1   0.0   0.0   0                              
I3970 125912.7 +402402       1   0.0   0.0   0                              
I3971 125931.7 +225043 17.0  8   0.3   0.2  90  44617 NPM1G +23.0307        
I3972 125917.1 +371645       1   0.0   0.0   0                              
I3973 125930.7 +275306 15.4  8   0.5   0.3 160  44612 ZWG 160.228           
I3974 130520.2 -352013 12.7  8   2.4   1.2  10  45269 NGC 4947              
I3975 125915.6 +385259 15.5  8   0.7   0.4  30  44555 MCG 7-27-9            
I3976 125929.5 +275100 15.7  8   0.5   0.2 160  44603 ZWG 160.226           
I3977 125919.6 +364755       1   0.0   0.0   0                              
I3978 125937.4 +193719 17.5  8   0.1   0.1   0                              
I3979 125921.1 +361936       1   0.0   0.0   0                              
I3980 125918.6 +390904 16.3  8   0.3   0.2  70                              
I3981 125921.5 +371341       1   0.0   0.0   0                              
I3982 125918.6 +400454       1   0.0   0.0   0                              
I3983 125920.3 +391453       1   0.0   0.0   0                              
I3984 125942.1 +193736       1   0.0   0.0   0                              
I3985 125943.1 +193530 16.2  8   0.3   0.2  70        NPM1G +19.0338        
I3986 130132.2 -321729 13.3  8   1.6   1.2 132  44905 ESO 443-32            
I3987 125925.0 +384402 15.6  8   0.4   0.4   0        NPM1G +39.0306        
I3988 125926.8 +371441       1   0.0   0.0   0                              
I3989 125930.8 +364622       1   0.0   0.0   0                              
I3990 125939.3 +285342 15.3  8   1.2   0.4  27  44633 MCG 5-31-71           
I3991 125939.8 +285533 15.5  8   0.7   0.3  70  44632 MCG 5-31-72           
I3992 125933.4 +364619       1   0.0   0.0   0                              
I3993 125930.4 +403608 15.8  8   0.3   0.3   0        NPM1G +40.0305        
I3994 125950.7 +224258 17.5  8   0.2   0.2   0                              
I3995 125933.1 +390226       1   0.0   0.0   0                              
I3996 125931.5 +402802       1   0.0   0.0   0                              
I3997 125937.0 +364142 16.5  8   0.3   0.2  10                              
I3998 125946.9 +275822 15.6  8   0.8   0.5  10  44664 ZWG 160.236           
I3999 125930.8 -140755 14.9  8   1.1   0.8 153  44610 NGC 4862              
I4000 125936.6 +393516 16.3  8   0.2   0.2   0                              
I4001 125937.8 +385211 15.8  8   0.6   0.3  25                              
I4002 125940.7 +364552 16.0  8   0.4   0.2  80  44648 NPM1G +37.0378        
I4003 125939.3 +384858 15.2  8   0.7   0.7   0  44619 MCG 7-27-10           
I4004 125942.8 +384840 15.3  8   0.8   0.8   0  44618 MCG 7-27-11           
I4005 130002.6 +223824       1   0.0   0.0   0                              
I4006 125949.0 +370038       1   0.0   0.0   0                              
I4007 130007.0 +195753 16.2  8   0.4   0.2 150                              
I4007 130006.7 +195746 17.5  8   0.2   0.1  40                              
I4008 130006.0 +222102       1   0.0   0.0   0                              
I4009 125952.5 +363942       1   0.0   0.0   0                              
I4010 125953.9 +375134 16.5  8   0.4   0.2  70        NPM1G +38.0270        
I4011 130006.6 +280011 16.2  8   0.5   0.5   0  44705 ZWG 160.242           
I4012 130008.1 +280442 16.0  8   0.3   0.2 135  44714 ZWG 160.244           
I4013 125957.9 +371154       1   0.0   0.0   0                              
I4014 130013.9 +222957 16.0  8   0.2   0.2   0                              
I4015 125959.6 +371138 15.4  8   0.4   0.3   0  44690 NGC 4893              
I4016 125959.9 +371114 15.8  8   0.4   0.2 170  44696 NGC 4893A             
I4017 130015.8 +223320 16.2  8   0.2   0.1 100                              
I4018 125957.4 +402920 16.5  8   0.3   0.2   0                              
I4019 130017.2 +234310       1   0.0   0.0   0                              
I4020 130003.4 +383635 16.0  8   0.8   0.1  85                              
I4021 130014.9 +280226 15.9  8   0.4   0.4   0  44726 MCG 5-31-80           
I4022 130005.2 +382847       1   0.0   0.0   0                              
I4023 130026.5 +190548 16.0  8   0.3   0.3   0                              
I4024 130003.9 +403032       1   0.0   0.0   0                              
I4025 130026.5 +190550 16.5  8   0.3   0.3   0                              
I4026 130022.3 +280247 15.6  8   0.3   0.3   0  44749 ZWG 160.250           
I4027 130013.8 +370827 16.0  8   0.3   0.1 135                              
I4028 130016.5 +361511 15.2  8   0.7   0.6 144  44731 UGC 8115              
I4029 130014.2 +384535 16.0  8   0.3   0.1 100                              
I4030 130028.0 +275718 16.5  8   0.4   0.3  10  44763 RB 99                 
I4031 130015.5 +390842 16.5  8   0.2   0.2   0                              
I4032 130025.8 +285204 15.5  8   0.4   0.3 160  44756 MCG 5-31-83           
I4033 130028.6 +275820 16.0  8   0.7   0.3  95  44771 RB 100                
I4034 130019.8 +370245 16.0  8   0.2   0.2   0                              
I4035 130016.7 +401758 16.2  8   0.4   0.2  40                              
I4036 130020.6 +365434       1   0.0   0.0   0                              
I4037 130019.5 +390008 16.5  8   0.3   0.2 100                              
I4038 130021.7 +370223 16.3  8   0.3   0.2 170        NPM1G +37.0380        
I4039 130039.3 +214132 16.3  8   0.2   0.2   0        NPM1G +21.0338        
I4040 130038.1 +280324 15.5  8   1.0   0.3 153  44789 MCG 5-31-85           
I4041 130040.8 +275949 15.4  8   0.4   0.2  30  44804 MCG 5-31-86           
I4042 130042.7 +275818 15.3  8   0.5   0.5   0  44808 ZWG 160.255           
I4042A130042.8 +275748 16.0  8   0.4   0.4   0  44809 RB 113                
I4043 130034.9 +370415 16.5  8   0.9   0.3 160  44814 UGC 8123              
I4044 130047.5 +275518 16.3  8   0.3   0.2  45  44821 RB 119                
I4045 130048.8 +280525 14.9  8   0.8   0.5 115  44818 MCG 5-31-88           
I4046 130039.7 +364107       1   0.0   0.0   0                              
I4047 130057.6 +194115 15.9  8   0.4   0.4   0  44816 MCG 3-33-21           
I4048 130038.2 +394950 16.0  8   0.4   0.2   0                              
I4049 130042.6 +362045 15.3  8   0.8   0.8   0  44806 UGC 8124              
I4050 130043.5 +364419       1   0.0   0.0   0                              
I4051 130054.4 +280025 14.2  8   1.0   0.8 105  44832 UGC 8129              
I4052 130041.5 +394005       1   0.0   0.0   0                              
I4053 130101.3 +225527       1   0.0   0.0   0                              
I4054 130101.3 +225416       1   0.0   0.0   0                              
I4055 130102.6 +225431       0   0.0   0.0   0                              
I4056 130044.3 +394516 15.7  8   0.8   0.6  90  44810 UGC 8126              
I4057 130105.4 +230934       1   0.0   0.0   0                              
I4058 130109.3 +192938 15.8  8   0.3   0.2 100        Reiz 3135             
I4059 130115.4 +191623 16.0  8   0.3   0.3   0                              
I4060 130052.4 +403504 15.8  8   0.7   0.5 141  44823 MCG 7-27-13           
I4061 130057.4 +393500 16.0  8   0.3   0.2  90                              
I4061 130058.1 +393501 16.5  8   0.2   0.2   0                              
I4062 130058.7 +395131 15.0  8   0.4   0.4   0  44836 MCG 7-27-14           
I4063 130106.6 +391442 16.5  8   0.2   0.2   0                              
I4064 130106.7 +395030 14.7  8   1.6   1.2  27  44867 UGC 8131              
I4065 130110.9 +394440 15.4  8   0.8   0.4 177  44868 MCG 7-27-16           
I4066 130140.1 +191621       1   0.0   0.0   0                              
I4067 130120.2 +395627 16.0  8   0.3   0.3   0                              
I4068 130120.2 +395356 16.0  8   0.3   0.2  70  44889 MCG 7-27-17           
I4069 130124.9 +360645 16.5  8   0.3   0.1   5                              
I4070 130143.2 +191806 14.8  8   0.4   0.2  45                              
I4071 130204.0 -073611 14.6  8   0.8   0.5   6  44956 MCG -1-33-73          
I4072 130125.8 +372116       1   0.0   0.0   0                              
I4073 130125.6 +395453 15.4  8   0.7   0.2 145  44888 MCG 7-27-18           
I4074 130148.8 +190031 17.0  8   0.3   0.3   0                              
I4075 130148.6 +195753 16.0  8   0.3   0.2 100                              
I4076 130148.5 +232323 17.2  8   0.3   0.3   0        NPM1G +23.0308        
I4077 130134.0 +372312 16.1  8   0.3   0.2  60  44907 NPM1G +37.0381        
I4078 130135.8 +363539       1   0.0   0.0   0                              
I4079 130156.8 +191454 17.5  8   0.1   0.1   0                              
I4080 130157.6 +191511 17.0  8   0.2   0.2   0                              
I4080 130158.2 +191521 17.5  8   0.1   0.1   0                              
I4081 130155.2 +224618 16.7  8   0.3   0.2 150        NPM1G +23.0309        
I4082 130139.3 +372027 16.5  8   0.3   0.2 100                              
I4083 130138.7 +380832 16.5  8   0.4   0.3  20                              
I4084 130141.2 +365757       1   0.0   0.0   0                              
I4085 130138.1 +394212 16.0  8   0.3   0.2 140        NPM1G +39.0308        
I4086 130143.0 +363852 15.5  8   0.9   0.8  12  44920 UGC 8141              
I4087 130200.4 +195939 16.0  8   0.4   0.3   0                              
I4088 130143.5 +290239 14.7  8   1.5   0.5  89  44921 UGC 8140              
I4089 130201.7 +193010 16.5  8   0.2   0.2   0                              
I4090 130146.4 +365014       1   0.0   0.0   0                              
I4091 130212.8 +195334 16.2  8   0.3   0.1 135                              
I4092 130213.8 +191101       1   0.0   0.0   0                              
I4093 130206.0 +290000       0   0.0   0.0   0                              
I4094 130158.5 +374743 16.2  8   0.3   0.2 150        NPM1G +38.0271        
I4094 130159.0 +374720 17.5  8   0.2   0.1 170                              
I4095 130220.3 +190601 16.6  8   0.5   0.2  25        NPM1G +19.0340        
I4096 130216.9 +240041 17.4  8   0.2   0.2   0 140053 NPM1G +24.0304        
I4097 130205.1 +363618       1   0.0   0.0   0                              
I4098 130204.1 +375848 16.0  8   0.4   0.2 105                              
I4099 130223.2 +240147 17.1  8   0.2   0.2   0        NPM1G +24.0305        
I4100 130204.8 +402431 14.8  8   1.4   1.1 110  44963 UGC 8144              
I4101 130213.8 +395627       1   0.0   0.0   0                              
I4102 130218.0 +360907 16.5  8   0.2   0.1  80                              
I4103 130219.1 +380059 16.5  8   0.8   0.5  75  44989 MCG 6-29-19           
I4104 130218.2 +383532 16.0  8   0.3   0.2   0                              
I4105 130218.9 +381616 16.0  8   0.3   0.3   0                              
I4106 130238.5 +280650 15.5  8   0.9   0.7 160  45025 MCG 5-31-109          
I4107 130241.7 +215952 18.5  8   0.7   0.7   0  87149                       
I4108 130231.5 +382844 15.6  8   0.8   0.4 129  45005 MCG 7-27-20           
I4109 130257.4 +185948 16.5  8   0.2   0.2   0                              
I4110 130258.3 +191339 17.0  8   0.2   0.2   0                              
I4111 130256.7 +280414 15.8  8   0.4   0.2 135  45051 MCG 5-31-113          
I4112 130245.5 +371242       1   0.0   0.0   0                              
I4113 130303.4 +202825 17.0  8   0.2   0.2   0                              
I4114 130242.0 +400617 16.5  8   0.3   0.1  40                              
I4115 130249.0 +371320 14.5  8   0.4   0.4   0  45036 MCG 6-29-20           
I4116 130310.2 +190459       1   0.0   0.0   0                              
I4117 130248.4 +403132       1   0.0   0.0   0                              
I4118 130251.6 +381737 15.8  8   0.5   0.3 114  45040 MCG 7-27-21           
I4119 130315.1 +191357 17.5  8   0.2   0.1  22                              
I4120 130301.7 +370453       1   0.0   0.0   0                              
I4121 130321.5 +191654       1   0.0   0.0   0                              
I4122 130324.4 +201148 15.4  8   0.3   0.3   0  45092 ZWG 100.24            
I4123 130305.8 +381854 15.9  8   0.5   0.5   0  45059 MCG 7-27-23           
I4124 130331.1 +225052       1   0.0   0.0   0                              
I4125 130334.9 +184814 16.3  8   0.5   0.4  80        NPM1G +19.0342        
I4126 130336.4 +191924       1   0.0   0.0   0                              
I4127 130317.5 +380246 16.3  8   0.5   0.3  51  45089 MCG 6-29-22           
I4128 130341.2 +201302 16.4  8   0.5   0.3  80        NPM1G +20.0338        
I4128 130340.8 +201315 17.0  8   0.2   0.1 175                              
I4129 130343.9 +185236 16.2  8   0.3   0.2  30                              
I4130 130346.6 +191616 17.5  8   1.0   0.6  69  45103 MCG 3-33-24           
I4131 130325.5 +385704 16.3  8   0.6   0.4 160                              
I4132 130333.8 +382241       1   0.0   0.0   0                              
I4133 130350.9 +275915 15.4  8   0.3   0.3   0  45140 MCG 5-31-117          
I4134 130204.2 -112242 14.1  8   1.0   0.7 170  44958 NGC 4920              
I4135 130337.3 +401455 16.0  8   0.9   0.7  40  45108 UGC 8163              
I4136 130419.0 -073856 13.7  8   1.6   1.3 145  45177 NGC 4942              
I4137 130359.2 +224426 16.7  8   0.3   0.3   0        Reiz 3196             
I4138 130402.0 +203955 16.2  8   0.3   0.2 170                              
I4139 130404.1 +191744 16.8  8   0.3   0.3   0        NPM1G +19.0343        
I4140 130406.0 +200547 17.0  8   0.2   0.2   0                              
I4141 130407.7 +191238 17.0  8   0.7   0.6   0  45147 MCG 3-33-27           
I4142 130347.4 +381141       1   0.0   0.0   0                              
I4143 130345.6 +401225       1   0.0   0.0   0                              
I4144 130350.2 +365633 16.1  8   1.1   0.1   6  45145 UGC 8169              
I4145 130349.8 +381711 15.8  8   0.6   0.2 140        Reiz 3199             
I4146 130410.3 +191641 16.2  8   0.2   0.2   0                              
I4147 130409.5 +201501 18.0  8   0.6   0.3 170                              
I4148 130410.6 +191533 16.5  8   0.2   0.1  70                              
I4149 130410.8 +221724 15.5  8   0.8   0.4  90  45159 MCG 4-31-4            
I4150 130413.1 +215914       1   0.0   0.0   0                              
I4151 130359.2 +365126 16.5  8   0.3   0.2  10                              
I4152 130358.5 +381157 16.2  8   0.3   0.3   0                              
I4153 130426.5 +190240       1   0.0   0.0   0                              
I4154 130428.3 +233430 16.0  8   0.3   0.3   0        Reiz 3206             
I4155 130408.9 +400054       1   0.0   0.0   0                              
I4156 130455.8 -075647 15.2  8   2.0   0.7 145  45224 NGC 4948              
I4157 130418.4 +383956       1   0.0   0.0   0                              
I4158 130424.6 +362850 15.8  8   0.5   0.2 130        NPM1G +36.0296        
I4159 130445.9 +221430 16.5  8   0.2   0.2   0                              
I4160 130448.0 +225335 17.3  8   0.4   0.2  15        NPM1G +23.0312        
I4161 130435.2 +395839 16.0  8   0.5   0.1 105                              
I4162 130503.0 +203316 16.0  8   0.3   0.3   0                              
I4163 130507.9 +204616 16.6  8   0.4   0.3  20        NPM1G +21.0340        
I4164 130514.5 +203249 16.0  8   0.3   0.1 135                              
I4165 130457.1 +395529 15.5  8   0.7   0.7   0  45223 MCG 7-27-25           
I4166 130518.7 +312631 15.1  8   0.9   0.5   0  45264 UGC 8180              
I4167 130530.7 +215438 17.5  8   0.3   0.2 170        NPM1G +22.0396        
I4168 130510.8 +400259 16.0  8   0.6   0.4  70  45244 MCG 7-27-29           
I4169 130512.5 +384625 16.0  8   0.2   0.2   0                              
I4170 130535.0 +210805 17.8  8   0.2   0.2   0  45290 8ZW 234               
I4170 130534.9 +210809 18.6  8   0.1   0.1   0  45287 8ZW 234               
I4171 130518.8 +360609 14.5  8   0.9   0.5  85  45265 UGC 8182              
I4172 130633.2 +225102 16.5  8   0.4   0.3  60  45379 KUG 1304+231          
I4173 130354.5 -113018 15.2  8   0.6   0.5  69  45142 NGC 4933B             
I4174 130528.7 +362344       1   0.0   0.0   0                              
I4175 130547.4 +202227 16.3  8   0.4   0.3 125                              
I4176 130356.7 -112951 13.0  8   2.0   1.1  54  45146 NGC 4933              
I4177 130629.0 -133416 15.8  8   0.9   0.4  85  45365 MCG -2-33-107         
I4178 130541.6 +360103 15.7  8   1.1   0.4 123  45306 UGC 8187              
I4179 130546.2 +371251       1   0.0   0.0   0                              
I4180 130656.5 -235502 13.6  8   0.9   0.7 165  45408 ESO 508-5             
I4181 130606.4 +212938 16.2  8   0.4   0.4   0 140073                       
I4182 130549.3 +373623 11.7  8   4.8   4.1  90  45314 UGC 8188              
I4183 130611.5 +213017 17.2  8   0.3   0.3   0        NPM1G +21.0341        
I4184 130551.7 +385016 15.5  8   0.4   0.3 110        NPM1G +39.0310        
I4185 130612.5 +214611 16.5  8   0.6   0.2 140        NPM1G +22.0397        
I4185 130612.7 +214633 17.0  8   0.2   0.2   0                              
I4186 130557.8 +365907       1   0.0   0.0   0                              
I4187 130559.7 +361754 15.9  8   0.3   0.3   0  45333 MCG 6-29-32           
I4188 130602.5 +361938 16.0  8   0.6   0.3  72  45332 MCG 6-29-33           
I4189 130603.7 +355848 14.2  8   1.3   0.9   0  45336 UGC 8191              
I4190 130606.2 +373650       1   0.0   0.0   0                              
I4191 130847.5 -673835 12.0  6   0.1   0.0   0        PK 304-4.1            
I4192 130608.5 +373619       0   0.0   0.0   0                              
I4193 130606.2 +392524 15.6  8   0.5   0.3  50  45342 ZWG 217.11            
I4194 130607.8 +385224       1   0.0   0.0   0                              
I4195 130615.6 +370217       1   0.0   0.0   0                              
I4196 130733.6 -240032 13.2  8   1.8   1.0 140  45466 NGC 4970              
I4197 130804.3 -234749 13.5  8   1.4   0.9 163  45514 ESO 508-13            
I4198 130742.8 +244840 15.1  8   1.0   0.7 100  45484 NGC 4979              
I4199 130732.7 +355129       1   0.0   0.0   0                              
I4200 130934.8 -515807 13.9  8   1.5   1.0 152  45634 ESO 219-33            
I4201 130751.3 +355002 15.8  8   0.5   0.5   0  45490 MCG 6-29-42           
I4202 130831.6 +244203 15.2  8   1.7   0.2 143  45549 UGC 8220              
I4203 130818.9 +402540       1   0.0   0.0   0                              
I4204 130821.6 +392739 15.3  8   1.3   0.2  43  45534 UGC 8224              
I4205 130842.0 +525200       0   0.0   0.0   0                              
I4206 130921.7 +390121       1   0.0   0.0   0                              
I4207 130927.0 +374922 16.5  8   0.3   0.2   0                              
I4208 130938.2 +371519       1   0.0   0.0   0                              
I4209 131022.4 -071015 14.5  8   1.4   0.5 102  45702 MCG -1-34-9           
I4210 131047.7 +294233 15.3  8   0.8   0.5   0  45742 NGC 5004B             
I4211 131056.4 +371037       1   0.0   0.0   0                              
I4212 131202.8 -065937 15.9  8   3.1   2.4  54  45845 MCG -1-34-11          
I4213 131211.3 +354017 14.0  8   2.5   0.5 174  45848 UGC 8280              
I4214 131742.7 -320605 12.1  8   2.8   1.8   0  46304 ESO 444-5             
I4215 131616.6 +252417 15.0  8   1.5   0.2  45  46186 UGC 8336              
I4216 131701.8 -104611 14.2  8   1.9   0.8  55  46252 MCG -2-34-13          
I4217 131713.2 -130920 15.4  8   0.7   0.4  18  46275 MCG -2-34-14          
I4218 131703.4 -021543 14.5  8   1.3   0.3 158  46254 UGC 8348              
I4219 131829.8 -313752 13.5  8   1.1   1.0   0  46363 ESO 444-6             
I4220 131754.4 -133620 14.8  8   0.8   0.6 111  46316 MCG -2-34-17          
I4221 131830.4 -143634 13.6  8   1.3   0.8 165  46366 MCG -2-34-21          
I4222 131940.3 -272545 14.0  8   1.4   1.2  64  46479 IC 879                
I4223 131855.2 +074743 15.1  8   0.6   0.3 160  46397 ZWG 44.64             
I4224 131904.7 -023057 15.3  8   0.9   0.6 105  46420 MCG 0-34-27           
I4225 132000.9 +315855 15.2  8   1.0   0.3 133  46507 UGC 8378              
I4226 132030.3 +320016 15.0  8   0.4   0.3 135  46555 MCG 5-32-2            
I4227 132053.4 +321128 15.6  8   0.4   0.2  85  46594 ZWG 161.25            
I4228 132134.2 +253056 15.4  8   0.7   0.4  70  46632 MCG 4-32-1            
I4229 132226.2 -022505 14.2  8   1.0   0.8 115  46717 UGC 8404              
I4230 132159.3 +264402 15.3  8   1.0   0.2   1  46678 UGC 8402              
I4231 132313.2 -261801 14.3  8   1.7   0.4  32  46768 ESO 508-60            
I4232 132322.2 -260633 14.6  8   1.1   0.4   2  46779 ESO 508-61            
I4233 132450.2 -301829 13.1  8   2.2   0.7   9  46902 NGC 5124              
I4234 132300.0 +270700 14.9  8   0.7   0.5  27  46761 MCG 5-32-11           
I4235 132352.9 -124434 16.1  8   0.8   0.2  80 158867 NPM1G -12.0452        
I4236 132327.4 +062334 14.4  8   0.8   0.7 100  46782 NGC 5118              
I4237 132432.6 -210813 13.3  8   2.5   1.5 140  46878 ESO 576-48            
I4238 132359.9 +305557 15.8  8   0.8   0.2  25                              
I4239 132425.4 +305733 15.3  8   0.8   0.4 145  46872 MCG 5-32-15           
I4240 132427.5 +305840 16.5  8   0.4   0.2  35                              
I4241 132446.5 +264419 15.5  8   0.5   0.5   0  46894 MCG 5-32-16           
I4242 132441.1 +310134 16.0  8   0.5   0.3 125                              
I4243 132551.2 -273736 15.2  8   0.7   0.6   0  46984 ESO 509-1             
I4244 132456.2 +262750 15.3  8   0.3   0.2  90  46914 ZWG 161.47            
I4245 132559.0 -264039 15.5  8   1.0   0.5 107  46998 ESO 509-2             
I4246 132600.2 -264040 15.5  8   0.7   0.4 140  47012 ESO 509-2             
I4247 132644.4 -302143 14.4  8   1.3   0.5 153  47073 ESO 444-34            
I4248 132647.1 -295251 13.9  8   1.1   0.8 103  47078 ESO 444-35            
I4249 132706.3 -275724 14.5  8   1.4   0.4 107  47119 ESO 444-39            
I4250 132609.1 +262838 15.3  8   0.4   0.3  85  47008 ZWG 161.49            
I4250 132608.2 +262822 16.0  8   0.3   0.1  95        ZWG 161.49            
I4251 132724.1 -292640 15.0  8   0.8   0.6 142  47145 ESO 444-41            
I4252 132728.0 -271928 14.1  8   1.3   0.7 135  47150 ESO 509-13            
I4253 132732.2 -275222 14.8  8   1.4   0.6 133  47161 ESO 444-42            
I4254 132745.3 -271319 15.6  8   0.6   0.5   0  47176 ESO 509-17            
I4255 132800.1 -272114 14.2  8   0.9   0.6  35  47209 ESO 509-20            
I4256 132703.1 +305835 15.5  8   0.4   0.2  45  47120 ZWG 161.54            
I4257 132714.5 +465207       1   0.0   0.0   0                              
I4258 132753.3 +283031 15.2  8   0.7   0.5  30  47200 MCG 5-32-22           
I4259 132928.2 -300803 15.1  8   1.0   0.5 162  47356 ESO 444-51            
I4260 132940.4 -281558 15.6  8   1.3   0.2  94  47374 ESO 444-52            
I4261 132947.6 -280023 14.5  8   1.0   0.7 131  47392 ESO 444-54            
I4262 133023.1 -281614 15.6  8   1.2   0.3  62  47457 ESO 444-58            
I4263 132833.4 +465537 15.2  8   1.9   0.4 105  47270 UGC 8470              
I4264 133017.5 -275543 15.0  8   1.7   0.4 103  47452 ESO 444-57            
I4265 133022.9 -254556 15.5  8   0.8   0.5 178  47456 ESO 509-34            
I4266 132905.7 +373642 16.5  8   0.3   0.2  10                              
I4267 133036.0 -261522 15.2  8   1.3   0.5 137  47474 ESO 509-35            
I4268 132912.2 +373940 16.6  8   0.2   0.2   0        NPM1G +37.0394        
I4269 132920.9 +373725 16.1  8   0.8   0.6 111  47348 MCG 6-30-14           
I4270 133049.1 -252001 14.8  8   0.8   0.8   0  47500 ESO 509-37            
I4271 132921.4 +372449 15.8  8   0.6   0.4   9  47334 MCG 6-30-15           
I4271 132921.3 +372435 16.3  8   0.3   0.3   0        MCG 6-30-15           
I4272 133116.4 -295724 15.6  8   1.0   0.2 121  47533 ESO 444-63            
I4273 133129.8 -285338 15.2  8   0.8   0.6  33  47552 ESO 444-65            
I4274 133332.9 -655825 10.3  6   2.3   0.0   0        NGC 5189              
I4275 133151.1 -294356 14.2  8   0.9   0.5  22  47573 ESO 444-67            
I4276 133206.1 -280923 15.4  8   1.4   0.2  62  47594 ESO 444-68            
I4277 133016.5 +471852 16.5  8   0.9   0.1  95                              
I4278 133027.4 +471449 16.0  4   0.5   0.3 170                              
I4279 133230.9 -270739 15.5  8   0.9   0.4  51  47642 ESO 509-47            
I4280 133253.4 -241225 13.5  8   1.1   0.9  54  47688 ESO 509-54            
I4281 133238.5 -271009 14.5  8   1.4   0.9  94  47653 ESO 509-49            
I4282 133119.8 +471102 18.0  8   0.3   0.3   0                              
I4283 133210.7 +282320 15.4  8   0.5   0.3  70  47611 ZWG 161.78            
I4284 133131.9 +464741 17.0  8   0.2   0.2   0                              
I4285 133145.5 +464919 17.5  8   0.2   0.1  95                              
I4286 133335.7 -273755 15.9  8   0.4   0.4   0  47754 ESO 509-58            
I4287 133238.8 +252629 15.3  8   0.6   0.3 160  47659 ZWG 131.10            
I4287 133239.6 +252625 16.5  8   0.2   0.2   0        ZWG 131.10            
I4288 133430.3 -271816 14.8  8   1.2   0.6 112  47831 ESO 509-61            
I4289 133447.8 -270736 14.3  8   1.0   0.8   6  47861 ESO 509-67            
I4290 133519.6 -280119 14.2  8   1.6   1.3  98  47905 ESO 444-74            
I4291 133656.3 -620535       3   4.0   0.0   0        ESO 132-SC15          
I4292 133546.7 -274030 15.0  8   0.6   0.5  29  47956 ESO 509-76            
I4293 133602.2 -255256 13.5  8   1.5   0.9 177  47987 ESO 509-77            
I4294 133631.1 -284653 15.6  8   0.8   0.4  26  48031 ESO 444-79            
I4295 133634.4 -290520 15.1  8   1.0   0.4 114  48035 ESO 444-80            
I4296 133638.8 -335757 11.6  8   2.8   2.8   0  48040 ESO 383-39            
I4297 133519.2 +262531 15.3  8   0.9   0.5  65  47906 UGC 8570              
I4298 133634.7 -263315 14.2  8   1.5   0.7 177  48036 ESO 509-80            
I4299 133647.5 -340357 13.7  8   1.9   0.9  58  48057 ESO 383-42            
I4300 133525.1 +332511 16.1  8   0.2   0.2   0  47912 MCG 6-30-48           
I4301 133535.8 +332228 15.8  8   0.9   0.2 130  47936 UGC 8579              
I4302 133535.9 +332846 15.8  8   1.3   0.1 126  47935 UGC 8580              
I4303 133718.2 -283928 15.3  8   1.0   0.5  65  48104 ESO 444-83            
I4304 133557.9 +332547 15.0  8   1.2   0.4  42  47980 UGC 8586              
I4305 133558.3 +332828 15.0  8   0.7   0.6 171  47981 MCG 6-30-54           
I4306 133619.6 +332527 15.8  8   0.5   0.2  87  48015 MCG 6-30-58           
I4307 133636.1 +271434 15.1  8   0.7   0.7   0  48032 MCG 5-32-43           
I4308 133649.3 +324326       0   0.0   0.0   0                              
I4309 133850.0 -293947 15.5  8   0.7   0.5 127  48250 ESO 444-91            
I4310 133857.0 -255044 13.3  8   2.2   0.8  73  48258 ESO 509-88            
I4311 134008.0 -510211 14.1  8   1.0   0.7 148  48352 ESO 220-27            
I4312 134030.8 -510417 13.4  8   0.9   0.7  30  48384 ESO 220-29            
I4313 133820.6 +264537 15.6  8   0.4   0.4   0  48186 MCG 5-32-46           
I4314 133825.0 +264435 14.8  8   0.6   0.6   0  48197 MCG 5-32-47           
I4315 134003.1 -252830 15.0  8   1.6   0.3 132  48346 ESO 509-91            
I4316 134018.5 -285331 15.0  8   1.0   0.7  45  48368 ESO 445-6             
I4317 134145.1 +270018 15.0  8   0.8   0.5 175  48479 MCG 5-32-62           
I4318 134322.7 -285807 14.6  8   1.1   1.0  44  48613 ESO 445-17            
I4319 134326.4 -294812 14.3  8   1.5   0.5  70  48617 ESO 445-19            
I4320 134403.7 -271354 14.3  8   0.9   0.9   0  48655 ESO 509-101           
I4321 134431.1 -300823 15.1  8   0.8   0.6  26  48694 ESO 445-22            
I4322 134344.1 +252334 15.4  8   1.0   0.8   0  48635 ZWG 131.30            
I4323 134506.6 -283906 15.9  8   1.5   0.1  60  48748 ESO 445-24            
I4324 134527.2 -301338 14.8  8   0.8   0.5 133  48776 ESO 445-25            
I4325 134739.5 -292604 14.8  8   1.1   0.4 102  48908 ESO 445-32            
I4326 134821.5 -293735 14.5  8   0.8   0.7 168  48966 ESO 445-38            
I4327 134843.9 -301305 14.5  8   1.0   0.5  56  48997 ESO 445-41            
I4328 134902.8 -295614 14.9  8   0.9   0.7 172  49023 ESO 445-45            
I4329 134905.3 -301746 12.1  8   3.2   1.9  63  49025 ESO 445-46            
I4329A134919.3 -301836 13.9  8   1.4   0.4  45  49051 ESO 445-50            
I4330 134714.9 -281955 14.8  8   1.2   0.6  94  48881 ESO 445-27            
I4331 134924.7 +250915 15.8  8   0.5   0.4  45                              
I4332 134952.4 +251124 15.1  8   0.8   0.8   0  49081 MCG 4-33-8            
I4333 140519.5 -841623 15.1  8   1.6   0.4  65  50242 ESO 8-5               
I4334 134948.2 +294138 15.4  8   0.5   0.5   0  49072 MCG 5-33-8            
I4335 134945.1 +334024       1   0.0   0.0   0                              
I4336 135043.1 +394225 14.7  8   1.4   0.4 158  49146 UGC 8761              
I4337 135219.2 +141621 15.5  8   0.5   0.2 100  49253 ZWG 102.71            
I4338 135254.5 -010649 12.3  8   4.2   3.0  21  49308 NGC 5334              
I4339 135334.3 +373119 14.8  8   0.7   0.7   0  49366 IC 4341               
I4340 135333.6 +372312 15.0  8   1.0   0.7  45  49364 MCG 6-31-9            
I4341 135334.3 +373119 14.8  8   0.7   0.7   0  49366 IC 4339               
I4342 135422.0 +250909 15.4  8   0.8   0.3  50  49425 MCG 4-33-21           
I4343 135455.7 +250721 15.5  8   1.0   0.5 108  49470 MCG 4-33-24           
I4344 135512.7 +250117 15.4  8   0.8   0.4  66  49492 MCG 4-33-26           
I4345 135513.5 +250306 15.9  8   0.9   0.9   0  95536 MCG 4-33-25           
I4346 135540.4 +250910 15.3  8   0.9   0.6   0        MCG 4-33-29           
I4347 135725.7 -395607       5   0.0   0.0   0        ESO 325-*N35          
I4348 135545.0 +251213 15.8  8   0.5   0.5   0  49531 MCG 4-33-30           
I4349 135546.2 +250907 15.3  8   0.9   0.4 125  49530 MCG 4-33-32           
I4350 135713.9 -251445 13.7  8   1.6   0.9 136  49628 ESO 510-22            
I4351 135753.8 -291856 12.6  8   5.9   0.9  17  49676 ESO 445-84            
I4352 135825.1 -343103 13.6  8   1.8   0.7  88  49726 ESO 384-22            
I4353 135656.9 +374425       1   0.0   0.0   0                              
I4354 135830.8 -123618 15.3  8   1.1   0.3 108  49731 MCG -2-36-1           
I4355 135806.0 +282520 15.4  8   0.5   0.3   0  49690 MCG 5-33-30           
I4356 135845.0 +372928 16.0  8   0.3   0.3   0  49759 NPM1G +37.0419        
I4357 140043.7 +315339 14.8  8   1.1   0.6  70  49879 UGC 8926              
I4358 140334.1 -100902 15.0  8   1.3   0.3 114  50092 MCG -2-36-4           
I4359 140523.3 -451612 13.8  8   1.1   0.9  17  50248 ESO 271-15            
I4360 140421.3 -112528 16.0  8   0.6   0.3  35  94256                       
I4361 140407.5 -094604 15.7  8   0.7   0.3 168  50131 MCG -2-36-7           
I4362 140522.1 -414909 13.4  8   1.7   0.7 146  50246 ESO 325-50            
I4363 140412.3 -093829 16.0  8   0.5   0.4  10 170328                       
I4364 140419.8 -095934 15.5  8   0.7   0.6  75  50149 MCG -2-36-9           
I4365 140347.3 +093125 15.1  8   0.9   0.4   0  50113 NGC 5437              
I4366 140511.3 -334539 13.3  8   1.6   1.3 140  50230 ESO 384-45            
I4367 140536.4 -391211 13.0  8   1.8   1.6  14  50266 ESO 325-51            
I4368 140446.3 -095742 15.1  8   0.8   0.4  35 170329 NPM1G -09.0525        
I4369 140405.8 +331917 16.2  8   0.4   0.3  20  50134 MCG 6-31-58           
I4370 140409.9 +332048 15.8  8   0.3   0.2 110  50138 MCG 6-31-60           
I4371 140410.9 +331829 15.1  8   0.9   0.6  42  50140 MCG 6-31-61           
I4372 140546.0 -105359 16.0  8   0.6   0.2  75 184370                       
I4373 140543.1 +251355 15.6  8   0.4   0.4   0  50274 ZWG 132.75            
I4374 140729.8 -270105 13.6  8   1.6   1.2 113  50385 ESO 510-69            
I4375 140802.9 -331853 12.7  8   3.4   1.0  22  50423 NGC 5488              
I4376 141050.5 -304735       1   0.0   0.0   0                              
I4377 141658.6 -753847 13.6  8   1.7   0.6  94  51013 ESO 41-4              
I4378 141209.5 -341554 14.5  8   0.8   0.5 155  50711 ESO 384-64            
I4379 141210.1 -341616 15.5  8   1.2   0.2  90  50710 ESO 384-65            
I4380 141002.1 +373302 15.3  8   0.5   0.5   0  50565 MCG 6-31-75           
I4381 141057.0 +252947 14.1  8   1.4   1.0 150  50629 NGC 5008              
I4382 141102.3 +253109 15.6  8   0.6   0.1   3  50635 ZWG 132.79            
I4383 141212.6 +155208 15.3  8   0.7   0.4 100  50730 NGC 5504B             
I4384 141155.9 +270652 15.0  8   0.9   0.8 164  50690 UGC 9082              
I4385 141442.9 -421824       0   0.0   0.0   0                              
I4386 141502.3 -435741 12.7  8   3.0   1.5 147  50905 ESO 271-25            
I4387 141501.5 -435925 14.9  8   1.1   0.8  70  50904 ESO 271-24            
I4388 141603.5 -314512 14.3  8   1.1   1.0  66  50964 ESO 446-38            
I4389 141646.2 -403311 15.1  8   0.9   0.7  93  51000 ESO 326-16            
I4390 141659.3 -445842 13.8  8   1.8   0.6  11  51015 ESO 271-28            
I4391 141627.0 -314106 14.4  8   0.9   0.7  57  50988 ESO 446-41            
I4392 141600.0 -130700       0   0.0   0.0   0                              
I4393 141749.2 -312054 14.6  8   2.4   0.3  77  51061 ESO 446-44            
I4394 141631.3 +394151       0   0.0   0.0   0                              
I4395 141720.8 +265127 14.9  8   1.0   0.9  21  51033 UGC 9141              
I4396 141730.3 +284800 15.6  8   0.7   0.5  25  51050 MCG 5-34-8            
I4397 141758.7 +262446 14.2  8   1.1   0.9 165  51073 UGC 9150              
I4398 141803.3 +285158 15.3  8   0.5   0.5   0  51082 MCG 5-34-13           
I4399 141824.0 +262310 15.3  8   1.1   0.7 140  51100 UGC 9157              
I4400 142214.0 -603409       1   0.0   0.0   0                              
I4401 141925.1 -042924 15.1  8   1.4   0.5  21  51173 MCG -1-36-15          
I4402 142112.9 -461754 12.1  8   4.2   0.9 127  51288 ESO 272-5             
I4403 141816.9 +313914 14.9  8   1.1   0.5 132  51091 UGC 9158              
I4404 140950.8 +783741       1   0.0   0.0   0                              
I4405 141916.4 +261754 14.8  8   0.9   0.6 120  51167 MCG 5-34-19           
I4406 142226.4 -440902 10.6  6   1.8   0.0   0        PK 319+15.1           
I4407 142120.0 -055942       0   0.0   0.0   0                              
I4408 142113.1 +295938 15.0  8   1.0   0.4 131  51283 UGC 9191              
I4409 142133.4 +313508 15.2  8   0.8   0.3  36  51306 MCG 5-34-26           
I4410 142214.0 +172352 15.5  8   0.7   0.3  55  51338 MCG 3-37-9            
I4411 142500.0 -350112       0   0.0   0.0   0                              
I4412 142310.2 +261559 15.0  8   1.1   0.6 144  51391 NGC 5594              
I4413 142257.2 +373141 15.6  8   0.3   0.3   0  51375 MCG 6-32-15           
I4414A142342.6 +282050 15.3  8   0.4   0.3   0  51414 IC 1008A              
I4414B142342.2 +282047 16.3  8   0.2   0.2   0        IC 1008B              
I4415 142426.7 +163824 15.9  8   0.4   0.2 135  84155 DRCG 29-36            
I4416 142417.4 +293810 15.7  8   0.4   0.4   0  51452 MCG 5-34-31           
I4417 142453.6 +170218 15.2  8   0.8   0.7 156  51480 MCG 3-37-14           
I4418 142527.2 +253137 15.1  8   0.6   0.4  96  51510 ZWG 133.52            
