N5576 142103.7 +031617 11.8  8   3.8   2.7  95  51275 UGC 9183              
N5577 142113.2 +032611 13.4  8   3.2   0.9  56  51286 UGC 9187              
N5578 142059.5 +061210 14.4  8   1.0   0.9  96  51272 NGC 5575              
N5579 142026.4 +351121 14.4  8   1.9   1.4 165  51236 UGC 9180              
N5580 142138.3 +351218 13.3  8   1.8   1.8   0  51312 NGC 5590              
N5581 142116.2 +232848 15.1  8   0.8   0.7 162  51282 MCG 4-34-21           
N5582 142043.2 +394138 12.5  8   2.8   1.7  25  51251 UGC 9188              
N5583 142140.5 +131356 14.3  8   0.8   0.6  80  51313 UGC 9196              
N5584 142223.8 -002317 12.2  8   3.4   2.7 140  51344 UGC 9201              
N5585 141947.7 +564344 11.2  8   5.8   3.6  30  51210 UGC 9179              
N5586 142207.6 +131104       0   0.0   0.0   0                              
N5587 142210.8 +135503 13.8  8   2.6   0.8 162  51332 UGC 9202              
N5588 142124.9 +351614 14.2  8   1.1   1.1   0  51300 NGC 5589              
N5589 142124.9 +351614 14.2  8   1.1   1.1   0  51300 NGC 5588              
N5590 142138.3 +351218 13.3  8   1.8   1.8   0  51312 NGC 5580              
N5591 142233.3 +134301 14.1  8   1.3   0.6  75  51360 UGC 9207              
N5591 142234.9 +134302 15.0  8   1.0   0.5  80  93125 UGC 9207              
N5592 142354.9 -284118 13.5  8   1.5   0.8  88  51428 ESO 446-58            
N5593 142554.0 -544700       3   6.0   0.0   0        OCL 926               
N5594 142310.2 +261559 15.0  8   1.1   0.6 144  51391 IC 4412               
N5595 142413.3 -164321 12.7  8   2.4   1.3  50  51445 MCG -3-37-1           
N5596 142228.6 +370722 14.6  8   1.1   0.8 100  51355 UGC 9208              
N5597 142427.4 -164548 12.7  8   2.1   1.9  95  51456 MCG -3-37-2           
N5598 142228.4 +401913 14.1  8   1.6   1.1  50  51354 UGC 9209              
N5599 142350.6 +063432 14.6  8   1.4   0.5 166  51423 UGC 9218              
N5600 142349.3 +143819 12.7  8   1.4   1.4   0  51422 UGC 9220              
N5601 142253.2 +401836 15.6  8   0.8   0.3   0  51370 MCG 7-30-6            
N5602 142218.4 +503010 13.6  8   1.5   0.8 166  51340 UGC 9210              
N5603 142301.6 +402240 14.0  8   1.1   1.1   0  51382 NGC 5603A             
N5603A142301.6 +402240 14.0  8   1.1   1.1   0  51382 NGC 5603              
N5603B142256.5 +402501 15.1  8   2.0   2.0   0  51372 UGC 9216              
N5604 142442.8 -031243 13.7  8   1.9   1.0  15  51471 MCG 0-37-3            
N5605 142507.5 -130949 13.0  8   1.5   1.3  85  51492 MCG -2-37-3           
N5606 142747.2 -593756       3   3.0   0.0   0        OCL 922               
N5607 141926.7 +713517 14.0  8   0.9   0.8  66  51182 UGC 9189              
N5608 142317.6 +414632 14.0  8   2.2   1.2  95  51396 UGC 9219              
N5609 142348.3 +345034 16.5  8   0.4   0.3  99                              
N5610 142423.0 +243652 14.3  8   2.0   0.7 108  51450 UGC 9230              
N5611 142404.8 +330252 13.6  8   1.3   0.6  63  51431 UGC 9227              
N5612 143401.5 -782316 13.0  8   1.9   1.1  63  52057 ESO 22-1              
N5613 142405.9 +345333 15.2  8   0.5   0.4  18  51433 UGC 9228              
N5614 142407.3 +345133 12.5  8   2.4   2.0 130  51439 UGC 9226              
N5615 142406.4 +345155 15.5  8   0.4   0.4   0  51435 MCG 6-32-23           
N5616 142420.6 +362741 14.6  8   2.1   0.4 157  51448 UGC 9231              
N5617 142944.0 -604239       3  10.0   0.0   0        OCL 919               
N5618 142711.8 -021546 14.2  8   1.6   1.2  10  51603 UGC 9250              
N5619 142718.2 +044811 13.7  8   2.2   1.2   8  51610 NGC 5619A             
N5619A142718.2 +044811 13.7  8   2.2   1.2   8  51610 NGC 5619              
N5619B142732.3 +044917 14.6  8   0.9   0.3 111  51624 IC 1016               
N5619C142729.6 +044647 15.1  8   0.8   0.8   0  51622 UGC 9258              
N5620 142240.5 +693543 15.2  8   0.5   0.5   0  51356 MCG 12-14-2           
N5621 142750.0 +081432       1   0.0   0.0   0                              
N5622 142612.0 +483352 14.0  8   1.7   1.0  90  51541 UGC 9248              
N5623 142708.7 +331511 13.5  8   1.6   1.1  17  51598 UGC 9260              
N5624 142635.4 +513505 14.1  8   1.1   0.8   3  51568 UGC 9256              
N5625 142702.4 +395727 14.8  8   1.2   0.8  78  51592 MCG 7-30-13           
N5625 142700.5 +395723 16.0  8   0.3   0.2 110        MCG 7-30-13           
N5626 142949.0 -294458 14.0  8   1.2   1.0 127  51794 ESO 447-8             
N5627 142834.2 +112242 14.3  8   1.7   1.0 120  51705 UGC 9280              
N5628 142825.7 +175530 14.7  8   1.1   0.7 175  51699 UGC 9278              
N5629 142816.1 +255057 13.1  8   1.8   1.8   0  51681 UGC 9281              
N5630 142736.5 +411529 13.6  8   2.2   0.7  98  51635 UGC 9270              
N5631 142633.3 +563459 12.4  8   1.7   1.7   0  51564 UGC 9261              
N5632 142919.5 -002649       1   0.0   0.0   0                              
N5633 142728.5 +460851 13.0  8   2.1   1.1  10  51620 UGC 9271              
N5634 142937.3 -055833       4   5.5   0.0   0        GCL 28                
N5635 142831.5 +272433 13.7  8   2.3   1.1  65  51706 UGC 9283              
N5636 142939.1 +031600 14.1  8   1.9   1.4  40  51785 UGC 9304              
N5637 142859.5 +231127 14.6  8   0.9   0.5   7  51736 UGC 9293              
N5638 142940.4 +031400 12.2  8   2.7   2.4 150  51787 UGC 9308              
N5639 142846.5 +302445 14.4  8   1.4   0.9  98  51730 NGC 5639A             
N5639A142846.5 +302445 14.4  8   1.4   0.9  98  51730 NGC 5639              
N5639B142857.1 +302423 16.2  8   0.3   0.2 135                              
N5640 142040.7 +800725 15.6  8   0.9   0.4  24  51263 ZWG 353.35            
N5641 142916.6 +284918 13.3  8   2.4   1.3 158  51758 UGC 9300              
N5642 142913.4 +300138 13.9  8   1.8   1.3 130  51751 UGC 9301              
N5643 143240.7 -441028 10.9  8   4.7   4.2 153  51969 ESO 272-16            
N5644 143025.5 +115541 13.8  8   1.4   1.4   0  51834 UGC 9321              
N5645 143039.2 +071629 12.9  8   2.6   1.6  80  51846 UGC 9328              
N5646 142933.8 +352743 15.0  8   1.5   0.4  81  51779 UGC 9312              
N5647 143036.0 +115238 15.1  8   1.1   0.3   0  51843 UGC 9329              
N5648 143032.5 +140124 14.1  8   1.1   0.8 172  51840 NGC 5649              
N5649 143032.5 +140124 14.1  8   1.1   0.8 172  51840 NGC 5648              
N5650 143100.9 +055842 13.5  8   2.0   1.4 117  51865 NGC 5652              
N5651 143112.7 -001918       1   0.0   0.0   0                              
N5652 143100.9 +055842 13.5  8   2.0   1.4 117  51865 NGC 5650              
N5653 143010.3 +311255 12.9  8   1.7   1.3 125  51814 IC 1026               
N5654 143001.4 +362137 14.0  8   1.5   1.0 145  51807 UGC 9319              
N5655 143051.0 +135809 14.0  8   1.1   0.9 165  51857 UGC 9333              
N5656 143025.4 +351917 12.7  8   1.9   1.5  50  51831 UGC 9332              
N5657 143043.6 +291050 14.2  8   1.8   0.8 163  51850 UGC 9335              
N5658 143155.2 -002159       1   0.0   0.0   0                              
N5659 143106.0 +252118 14.9  8   1.6   0.4  43  51875 UGC 9342              
N5660 142948.7 +493721 12.4  8   2.7   2.6  90  51795 UGC 9325              
N5661 143157.3 +061502 14.2  8   1.5   0.6  23  51921 UGC 9346              
N5662 143532.0 -564000       3  30.0   0.0   0        OCL 928               
N5663 143356.2 -163450 15.3  8   1.4   1.3   0  52049 MCG -3-37-3           
N5664 143343.7 -143710 15.0  8   0.8   0.3  30  52033 IC 4455               
N5665 143225.6 +080445 12.7  8   2.1   1.3 145  51953 UGC 9352              
N5665A143227.4 +080443 16.0  8   0.2   0.2   0                              
N5666 143309.3 +103039 13.7  8   0.9   0.8 155  51995 UGC 9360              
N5667 143022.7 +592813 13.2  8   1.7   1.1 168  51830 UGC 9344              
N5668 143324.2 +042702 12.2  8   3.0   3.0   0  52018 UGC 9363              
N5669 143244.0 +095332 12.3  8   4.0   2.8  50  51973 UGC 9353              
N5670 143536.1 -455800 13.0  8   1.5   0.7  74  52161 ESO 272-19            
N5671 142742.3 +694141 14.2  8   1.7   1.2  45  51641 UGC 9297              
N5672 143238.5 +314013 14.2  8   0.8   0.5  50  51964 IC 1030               
N5673 143130.6 +495731 13.6  8   2.4   0.6 136  51901 UGC 9347              
N5674 143352.2 +052731 13.7  8   1.1   1.0  30  52042 UGC 9369              
N5675 143239.7 +361809 13.8  8   2.8   1.0 137  51965 UGC 9357              
N5676 143246.4 +492725 11.9  8   3.9   1.8  47  51978 UGC 9366              
N5677 143412.6 +252806 14.7  8   0.9   0.7 135  52072 UGC 9378              
N5678 143205.5 +575523 12.2  8   3.3   1.4   5  51932 UGC 9358              
N5679 143508.7 +052133 13.8  8   1.1   0.7 127  52132 NGC 5679B             
N5679A143506.4 +052123 14.5  8   0.8   0.4  54  52130 MCG 1-37-34           
N5679B143508.7 +052133 13.8  8   1.1   0.7 127  52132 NGC 5679              
N5679C143511.0 +052116 17.0  8   0.3   0.2  10        ARP 274               
N5679D143506.4 +052124 15.8  8   0.4   0.4   0  52129 MCG 1-37-36           
N5680 143544.6 -000048 15.1  8   0.9   0.6  15  52173 ZWG 19.68             
N5681 143543.0 +081800 14.3  8   0.9   0.7   5  52169 UGC 9393              
N5682 143445.1 +484013 14.7  8   1.6   0.6 127  52107 UGC 9388              
N5683 143452.4 +483945 16.1  8   0.4   0.3 170  52114 MCG 8-27-3            
N5684 143550.0 +363237 13.6  8   1.5   1.3 105  52179 UGC 9402              
N5685 143615.3 +295430 14.6  8   1.2   1.2   0  52192 UGC 9403              
N5686 143602.5 +363013 15.3  8   0.6   0.6   0  52189 MCG 6-32-75           
N5687 143452.2 +542836 12.7  8   2.5   1.9 105  52116 UGC 9395              
N5688 143935.1 -450107 12.6  8   3.1   1.9  85  52381 ESO 272-22            
N5689 143529.6 +484430 12.8  8   3.3   1.0  85  52154 UGC 9399              
N5690 143741.1 +021726 12.7  8   3.4   1.0 143  52273 UGC 9416              
N5691 143753.4 -002353 12.3  8   1.9   1.4 110  52291 UGC 9420              
N5692 143818.0 +032436 13.6  8   0.9   0.6  35  52317 UGC 9427              
N5693 143611.3 +483507 14.2  8   1.8   1.5   0  52194 UGC 9406              
N5694 143936.5 -263216       4   4.3   0.0   0        GCL 29                
N5695 143722.0 +363404 13.6  8   1.5   1.1 150  52261 UGC 9421              
N5696 143657.0 +414942 13.8  8   2.0   1.5  45  52235 UGC 9415              
N5697 143632.0 +414107 14.7  8   1.1   0.7  21  52207 IC 4471               
N5698 143714.6 +382716 13.9  8   1.8   0.9  70  52251 UGC 9419              
N5699 143842.4 +302757 15.8  8   0.4   0.3  75  52334 NGC 5706              
N5700 143701.6 +483243 15.2  8   1.0   0.4  38  52237 UGC 9423              
N5701 143911.1 +052149 11.8  8   4.3   4.1  90  52365 UGC 9436              
N5702 143855.0 +203024 14.4  8   1.1   0.8 150  52347 UGC 9434              
N5703 143850.2 +302633 14.5  8   1.6   0.4 105  52343 NGC 5709              
N5704 143816.2 +402728 13.9  8   1.6   0.6 177  52315 NGC 5708              
N5705 143949.8 -004306 13.9  8   3.0   1.9  75  52395 UGC 9447              
N5706 143842.4 +302757 15.8  8   0.4   0.3  75  52334 NGC 5699              
N5707 143730.8 +513344 13.4  8   2.5   0.5  35  52266 UGC 9428              
N5707 143735.1 +513501 16.8  8   0.3   0.3   0  52269 MCG 9-24-24           
N5708 143816.2 +402728 13.9  8   1.6   0.6 177  52315 NGC 5704              
N5709 143850.2 +302633 14.5  8   1.6   0.4 105  52343 NGC 5703              
N5710 143916.2 +200237 14.0  8   1.2   1.1 153  52369 UGC 9440              
N5711 143922.5 +195926 15.0  8   1.0   0.6  73  52376 UGC 9445              
N5712 142941.6 +785153 15.5  8   0.7   0.7   0  51799 MCG 13-10-21          
N5713 144011.3 -001724 11.8  8   2.9   2.5  10  52412 UGC 9451              
N5714 143812.1 +463817 14.1  8   3.2   0.4  82  52307 UGC 9431              
N5715 144339.0 -573400       3   7.0   0.0   0        OCL 929               
N5716 144105.5 -172836 13.7  8   1.9   1.3  85  52458 MCG -3-37-4           
N5717 143837.6 +463949 15.6  8   0.8   0.5  36  52332 MCG 8-27-12           
N5718 144042.8 +032756 14.2  8   1.5   1.1 117  52441 UGC 9459              
N5719 144056.5 -001904 13.4  8   3.2   1.2 107  52455 UGC 9462              
N5720 143833.2 +504855 14.7  8   2.1   1.4 140  52328 UGC 9439              
N5721 143853.0 +464028 15.9  0   0.3   0.2 140  52346 MCG 8-27-13           
N5722 143854.3 +463958 15.7  8   0.3   0.3   0  52355 MCG 8-27-14           
N5723 143857.8 +464124 15.0  8   0.7   0.2   3  52354 MCG 8-27-15           
N5724 143902.0 +464132 16.9  8   0.1   0.1   0  52360 MCG 8-27-16           
N5725 144058.2 +021108 14.4  8   1.2   0.8  40  52456 UGC 9466              
N5726 144255.8 -182639 13.9  8   1.3   1.0 133  52563 ESO 580-12            
N5727 144026.1 +335920 14.3  8   2.3   1.2 135  52424 UGC 9465              
N5728 144224.0 -171508 12.2  8   3.2   1.9  30  52521 MCG -3-37-5           
N5729 144206.9 -090035 13.4  8   2.6   0.7 166  52507 MCG -1-37-12          
N5730 143952.1 +424433 14.6  8   1.8   0.4  88  52396 UGC 9456              
N5731 144009.3 +424645 14.1  8   1.6   0.4 116  52409 IC 1045               
N5732 144038.9 +383817 14.3  8   1.4   0.7  40  52438 UGC 9467              
N5733 144245.8 -002105 14.7  8   1.0   0.4  25  52550 MCG 0-38-1            
N5734 144509.1 -205213 13.8  8   1.5   1.0  38  52678 ESO 580-16            
N5735 144233.4 +284336 13.5  8   2.4   1.9  40  52535 UGC 9481              
N5736 144330.8 +111211 15.2  8   1.1   0.7 108  52597 MCG 2-38-1            
N5737 144312.0 +185250 14.5  8   1.3   0.8 170  52582 UGC 9488              
N5738 144356.5 +013613 14.9  8   1.0   0.3  57  52614 MCG 0-38-2            
N5739 144228.9 +415035 13.2  8   2.3   2.1   0  52531 UGC 9486              
N5740 144424.5 +014048 12.6  8   2.8   1.5 160  52641 UGC 9493              
N5741 144551.6 -115449 14.6  8   1.1   1.1   0  52718 MCG -2-38-8           
N5742 144536.8 -114835 14.5  8   1.3   0.5  73  52707 MCG -2-38-7           
N5743 144510.9 -205447 13.8  8   1.4   0.5  95  52680 ESO 580-17            
N5744 144638.4 -183048 14.2  8   1.0   0.7 108  52761 ESO 580-23            
N5745 144501.8 -135648 14.3  8   1.7   1.2  77  52669 MCG -2-38-4           
N5745 144501.1 -135656 15.5  8   0.3   0.3   0        MCG -2-38-4           
N5745 144457.1 -135754 16.5  8   0.2   0.2   0        VV 98                 
N5746 144455.7 +015722 11.3  8   7.4   1.3 170  52665 UGC 9499              
N5747 144420.7 +120755 14.4  8   0.8   0.8   0  52638 IC 4493               
N5748 144505.0 +215500 15.3  8   0.8   0.5 150  52672 ZWG 134.29            
N5749 144853.8 -542951       3  10.0   0.0   0        OCL 930               
N5750 144610.9 -001324 12.5  8   3.2   1.5  65  52735 UGC 9512              
N5751 144349.1 +532402 13.9  8   1.5   0.8  55  52607 UGC 9498              
N5752 144514.2 +384345 14.9  8   0.5   0.2 120  52685 MCG 7-30-60           
N5753 144518.8 +384823 15.8  8   0.6   0.5 153  52695 MCG 7-30-62           
N5754 144519.6 +384358 13.9  8   2.0   1.8  33  52686 UGC 9505              
N5755 144524.5 +384649 14.3  8   1.3   1.0  15  52690 UGC 9507              
N5756 144733.7 -145112 13.1  8   2.8   1.3  62  52825 MCG -2-38-12          
N5757 144746.3 -190440 12.8  8   2.1   1.7 160  52839 ESO 580-33            
N5758 144702.1 +134004 15.0  8   1.1   0.9 150  52787 UGC 9524              
N5759 144714.9 +132722 14.9  8   0.3   0.2 130  52797 UGC 9525              
N5760 144742.2 +183006 14.2  8   1.5   0.7  96  52833 UGC 9531              
N5761 144908.2 -202232 13.4  8   1.4   1.3 102  52916 ESO 580-39            
N5762 144842.6 +122726 14.0  8   1.5   1.3 140  52887 UGC 9535              
N5763 144858.7 +122926 15.0  8   0.4   0.4   0  52905 ZWG 76.64             
N5764 145332.1 -524014       3   3.0   0.0   0        OCL 934               
N5765 145051.6 +050653 15.4  8   0.7   0.3 109  53012 NGC 5765A             
N5765A145051.6 +050653 15.4  8   0.7   0.3 109  53012 NGC 5765              
N5765B145050.5 +050711 14.6  8   0.9   0.3  96  53011 UGC 9554              
N5766 145309.5 -212336 14.2  8   1.1   0.7 149  53186 ESO 580-50            
N5767 144934.3 +472234 15.0  8   0.9   0.7 150  52942 UGC 9549              
N5768 145207.9 -023149 13.5  8   1.8   1.4 120  53089 UGC 9564              
N5769 145241.5 +075557 15.4  8   0.6   0.6   0  53145 MCG 1-38-8            
N5770 145314.9 +035739 13.2  8   1.7   1.3 108  53201 UGC 9575              
N5771 145214.2 +295045 14.6  8   0.8   0.7 153  53088 MCG 5-35-21           
N5772 145138.9 +403558 13.7  8   2.1   1.3  35  53067 UGC 9566              
N5773 145230.3 +294829 14.4  8   0.9   0.9   0  53124 UGC 9571              
N5774 145342.4 +033458 13.0  8   3.0   2.3 145  53231 UGC 9576              
N5775 145357.4 +033242 12.5  8   4.0   1.1 146  53247 UGC 9579              
N5776 145432.7 +025801 14.9  8   0.9   0.7 102  53289 MCG 1-38-18           
N5777 145117.8 +585840 14.1  8   3.1   0.4 144  53043 UGC 9568              
N5778 145431.4 +183834 15.3  8   1.2   0.9  10  53279 NGC 5825              
N5779 145209.4 +555400 16.0  8   0.4   0.4   0  53090 MCG 9-24-48           
N5780 145422.6 +285624 14.9  8   0.9   0.4 135  53275 MCG 5-35-24           
N5781 145641.1 -171439 14.5  8   1.4   0.8  25  53417 MCG -3-38-28          
N5782 145555.3 +115142 14.7  8   0.7   0.7   0  53379 UGC 9602              
N5783 145328.3 +520436 13.6  8   2.9   1.8   0  53217 NGC 5785              
N5784 145416.4 +423331 13.4  8   1.9   1.8   0  53265 UGC 9592              
N5785 145328.3 +520436 13.6  8   2.9   1.8   0  53217 NGC 5783              
N5786 145856.4 -420052 12.0  8   2.3   1.2  63  53527 ESO 327-37            
N5787 145515.4 +423026 14.1  8   1.0   0.9   0  53339 UGC 9599              
N5788 145316.8 +520241 15.7  8   0.6   0.4  39  53189 MCG 9-24-49           
N5789 145635.7 +301400 14.0  8   0.9   0.8 135  53414 UGC 9615              
N5790 145735.9 +081707 14.9  8   0.9   0.8  77  53459 UGC 9624              
N5791 145846.0 -191601 12.7  8   2.5   1.3 163  53516 ESO 581-7             
N5792 145822.6 -010525 12.1  8   6.8   1.7  84  53499 UGC 9631              
N5793 145924.7 -164136 14.3  8   1.7   0.6 150  53550 MCG -3-38-38          
N5794 145553.6 +494333 14.4  8   1.0   1.0   0  53378 UGC 9610              
N5795 145619.0 +492355 14.7  8   1.6   0.3  64  53402 UGC 9617              
N5796 145924.0 -163725 12.6  8   2.5   1.8  90  53549 MCG -3-38-39          
N5797 145623.9 +494144 13.7  8   1.6   1.0 110  53408 UGC 9619              
N5798 145737.9 +295805 13.6  8   1.4   0.9  42  53463 UGC 9628              
N5799 150535.5 -722558 14.3  8   0.9   0.7 130  53875 ESO 67-6              
N5800 150147.8 -515506  8.0  3   5.0   0.0   0        ESO 223-SC11          
N5801 150025.9 -135413 15.5  8   0.7   0.5  51  53596 NPM1G -13.0467        
N5802 150029.9 -135506 15.2  8   0.9   0.5  90  53601 NPM1G -13.0469        
N5803 150034.4 -135338 15.8  8   0.6   0.5  60  53609 NPM1G -13.0470        
N5804 145706.6 +494007 13.9  8   1.2   1.1   0  53437 UGC 9627              
N5805 145711.7 +493743 16.0  8   0.4   0.3 140                              
N5806 150000.2 +015327 12.5  8   3.2   1.6 170  53578 UGC 9645              
N5807 145548.4 +635414 15.2  8   0.5   0.5   0  53373 MCG 11-18-16          
N5808 145402.7 +730755 14.3  8   0.9   0.9   0  53251 NGC 5819              
N5809 150052.2 -140955 14.5  8   1.4   0.7 145  53624 MCG -2-38-25          
N5810 150242.5 -175206 14.0  8   1.2   0.8  31  53711 ESO 581-18            
N5811 150027.2 +013724 14.7  8   1.0   0.7  98  53597 MCG 0-38-15           
N5812 150055.7 -072727 12.2  8   2.3   2.0 130  53630 MCG -1-38-16          
N5813 150111.1 +014207 11.5  8   4.0   2.8 145  53643 UGC 9655              
N5814 150121.1 +013814 14.7  8   0.9   0.5  32  53653 MCG 0-38-17           
N5815 150029.1 -165002 15.1  8   0.8   0.4  25  53600 MCG -3-38-44          
N5816 150004.8 -160537 15.8  8   0.5   0.3  95                              
N5817 145940.8 -161050 15.2  8   0.9   0.7  15  53567 MCG -3-38-41          
N5818 145858.3 +494919 14.8  8   1.2   0.9 170  53530 UGC 9643              
N5819 145402.7 +730755 14.3  8   0.9   0.9   0  53251 NGC 5808              
N5820 145839.9 +535309 13.3  8  13.0   1.1  87  53511 UGC 9642              
N5821 145859.8 +535524 14.6  8   1.4   0.8 148  53532 UGC 9648              
N5822 150412.0 -542500       3  35.0   0.0   0        OCL 937               
N5823 150530.5 -553613       3  12.0   0.0   0        OCL 936               
N5824 150358.5 -330402       4   7.4   0.0   0        NGC 5834              
N5825 145431.4 +183834 15.3  8   1.2   0.9  10  53279 NGC 5778              
N5826 150633.7 +552845 15.4  8   1.2   0.9  25  53949 NGC 5870              
N5827 150153.5 +255751 13.8  8   1.1   0.8 135  53676 UGC 9662              
N5828 150045.9 +495936 14.3  8   0.6   0.5  50  53618 NGC 5828B             
N5828A150045.3 +495859 16.9  8   0.3   0.2  90  53619 MCG 8-27-52           
N5828B150045.9 +495936 14.3  8   0.6   0.5  50  53618 NGC 5828              
N5829 150242.0 +232000 13.8  8   1.7   1.5  45  53709 UGC 9673              
N5830 150151.0 +475233 15.1  8   1.0   0.7 170  53674 UGC 9670              
N5831 150406.8 +011312 12.5  8   2.1   1.9  55  53770 UGC 9678              
N5832 145745.7 +714053 13.0  8   3.6   2.2  45  53469 UGC 9649              
N5833 151154.1 -725132 12.8  8   2.1   1.0 128  54250 ESO 42-3              
N5834 150358.5 -330402       4   7.4   0.0   0        NGC 5824              
N5835 150225.3 +485241 15.3  8   1.1   0.9 160  53699 UGC 9674              
N5836 145931.1 +735335 14.7  8   1.2   1.0  45  53554 UGC 9664              
N5837 150440.6 +123802 14.5  8   1.0   0.6  25  53817 UGC 9686              
N5838 150526.0 +020556 11.9  8   4.2   1.5  43  53862 UGC 9692              
N5839 150527.4 +013804 13.7  8   1.3   1.2  35  53865 UGC 9693              
N5840 150420.5 +293022       0   0.0   0.0   0                              
N5841 150634.8 +020018 14.8  8   1.1   0.4 145  53941 NGC 5848              
N5842 150452.1 +210413 15.3  8   0.4   0.4   0  53831 MCG 4-36-3            
N5843 150727.8 -361942 13.1  8   1.9   1.1  70  53996 ESO 387-4             
N5844 151040.7 -644022 13.2  6   1.2   0.0   0        PK 317-5.1            
N5845 150600.6 +013801 13.5  8   0.7   0.5 150  53901 UGC 9700              
N5846 150629.0 +013619 11.1  8   4.0   3.7  42  53932 UGC 9706              
N5846A150629.1 +013540 13.8  8   0.5   0.3  42  53930 MCG 0-38-26           
N5847 150622.2 +062247 15.7  8   0.7   0.4 165  53928 MCG 1-38-30           
N5848 150634.8 +020018 14.8  8   1.1   0.4 145  53941 NGC 5841              
N5849 150650.6 -143416 14.9  8   0.9   0.8  30  53962 MCG -2-38-35          
N5850 150707.5 +013239 11.6  8   4.5   3.9 140  53979 UGC 9715              
N5851 150653.3 +125129 15.0  8   1.0   0.3  43  53965 UGC 9714              
N5852 150656.3 +125051 14.5  8   1.1   0.6 125  53974 MCG 2-38-45           
N5853 150553.2 +393122 14.5  8   1.5   0.9 150  53894 UGC 9707              
N5854 150747.6 +023407 12.8  8   2.7   0.8  55  54013 UGC 9726              
N5855 150748.9 +035905 15.2  8   0.4   0.4   0  54014 ZWG 49.10             
N5856 150720.3 +182632  6.0  1   0.0   0.0   0                              
N5857 150727.3 +193554 13.8  8   1.2   0.6 137  53995 UGC 9724              
N5858 150849.1 -111229 13.8  8   1.5   0.7 135  54075 MCG -2-39-2           
N5859 150734.9 +193455 13.3  8   3.0   0.8 136  54001 UGC 9728              
N5860 150633.7 +423831 14.2  8   0.9   0.7  30  53939 UGC 9717              
N5861 150916.2 -111920 12.3  8   3.0   1.7 155  54097 MCG -2-39-3           
N5862 150603.2 +553428 15.9  8   0.5   0.5   0  53900 ZWG 274.15            
N5863 151048.3 -182552 13.5  8   1.4   1.2  30  54160 ESO 581-22            
N5864 150933.5 +030312 12.9  8   2.8   0.9  68  54111 UGC 9740              
N5865 150949.1 +003149 15.1  8   1.1   1.0 173  54118 NGC 5868              
N5866 150629.4 +554549 10.8  8   6.5   3.1 128  53933                 M 102 
N5866A150516.1 +554939 16.5  8   0.5   0.5   0 166188 Keeler 690            
N5866B151207.2 +554707 15.2  8   2.7   1.9  20  54267 UGC 9769              
N5867 150624.3 +554354 16.5  8   0.2   0.2   0                              
N5868 150949.1 +003149 15.1  8   1.1   1.0 173  54118 NGC 5865              
N5869 150949.4 +002813 12.9  8   2.3   1.6 125  54119 UGC 9742              
N5870 150633.7 +552845 15.4  8   1.2   0.9  25  53949 NGC 5826              
N5871 151004.8 +002951       1   0.0   0.0   0                              
N5872 151055.6 -112846 14.8  8   1.5   0.9   5  54169 MCG -2-39-5           
N5873 151250.7 -380731 13.3  6   0.2   0.0   0        PK 331+16.1           
N5874 150751.9 +544510 13.2  8   2.3   1.6  53  54018 UGC 9736              
N5875 150913.1 +523141 13.3  8   2.3   1.2 145  54095 UGC 9745              
N5875A150833.5 +521746 14.2  8   0.5   0.5   0  54061 UGC 9741              
N5876 150931.4 +543023 13.7  8   2.4   1.2  50  54110 IC 1111               
N5877 151253.1 -045527       1   0.0   0.0   0                              
N5878 151345.7 -141613 12.5  8   3.5   1.4   0  54364 MCG -2-39-6           
N5879 150946.8 +570002 12.2  8   4.2   1.3   6  54117 UGC 9753              
N5880 151501.0 -143442 15.3  8   0.7   0.6 135  54427 MCG -2-39-12          
N5881 150620.6 +625850 14.2  8   0.8   0.7  60  53920 IC 1100               
N5882 151650.0 -453856 10.5  6   0.3   0.0   0        IC 1108               
N5883 151510.1 -143659 14.6  8   0.9   0.5 120  54439 MCG -2-39-14          
N5884 151309.2 +315144       1   0.0   0.0   0                              
N5885 151504.2 -100509 12.5  8   3.5   3.1  65  54429 MCG -2-39-13          
N5886 151245.4 +411402 15.0  8   0.9   0.4  87  54298 ZWG 221.36            
N5887 151443.9 +010917 14.8  8   1.2   1.0 160  54416 UGC 9779              
N5888 151307.4 +411552 14.2  8   1.3   0.8 158  54316 UGC 9771              
N5889 151315.7 +411940 16.2  8   0.9   0.3  39  54317                       
N5890 151751.1 -173519 13.7  8   1.3   1.0  85  54602 MCG -3-39-4           
N5891 151613.2 -112938 15.0  8   0.8   0.5 152  54491 MCG -2-39-15          
N5892 151348.1 -152751 12.7  8   3.6   2.9 105  54365 MCG -2-39-7           
N5893 151334.3 +415733 14.0  8   1.2   1.1  30  54351 UGC 9774              
N5894 151140.9 +594831 13.3  8   3.0   0.4  13  54234 UGC 9768              
N5895 151350.1 +420028 15.0  8   0.9   0.2  21  54366 MCG 7-31-43           
N5896 151350.6 +420130 16.0  0   0.3   0.2  76  54367 MCG 7-31-44           
N5897 151724.5 -210035       4  11.0   0.0   0        GCL 33                
N5898 151813.6 -240551 12.4  8   2.7   2.6  42  54625 ESO 514-2             
N5899 151503.3 +420259 12.5  8   3.3   1.4  18  54428 UGC 9789              
N5900 151505.2 +421234 14.9  8   1.7   0.5 131  54431 UGC 9790              
N5901 151502.3 +421344       1   0.0   0.0   0                              
N5902 151422.3 +501949 14.0  8   1.1   1.0 105  54394 MCG 8-28-11           
N5903 151836.5 -240406 12.2  8   2.7   2.1 168  54646 ESO 514-4             
N5904 151833.8 +020500       4  23.0   0.0   0                        M   5 
N5905 151523.3 +553104 12.9  8   4.0   2.6 135  54445 UGC 9797              
N5906 151552.1 +561950       8   0.0   0.0   0                              
N5907 151553.8 +561949 11.1  8  12.6   1.4 155  54470 UGC 9801              
N5908 151643.1 +552434 12.8  8   3.3   1.4 154  54522 UGC 9805              
N5909 151127.9 +752304 14.8  8   1.1   0.5  52  54223 UGC 9778              
N5910 151924.7 +205346 14.6  8   0.7   0.7   0  54689 MCG 4-36-35           
N5910 151924.2 +205329 16.2  8   0.4   0.4   0  54688 MCG 4-36-35           
N5911 152018.1 +033108 14.9  8   0.8   0.8   0  54731 MCG 1-39-19           
N5912 151140.5 +752305 14.8  8   1.2   1.1 129  54237 MCG 13-11-11          
N5913 152055.5 -023442 14.4  8   1.6   0.7 168  54761 UGC 9818              
N5914 151843.7 +415155 15.2  8   0.8   0.3 153  54654 NGC 5914A             
N5914A151843.7 +415155 15.2  8   0.8   0.3 153  54654 NGC 5914              
N5914B151845.3 +415326 16.8  8   0.3   0.2 160  54653 MCG 7-31-56           
N5914B151846.3 +415312 16.5  8   0.7   0.4   0                              
N5915 152133.0 -130530 13.1  8   1.6   1.1 164  54816 MCG -2-39-19          
N5916 152137.8 -131009 14.2  8   2.8   0.9  15  54825 MCG -2-39-20          
N5916A152113.7 -130603 15.1  8   1.1   0.3 146  54779 MCG -2-39-18          
N5917 152132.5 -072239 14.0  8   1.6   0.9  75  54809 MCG -1-39-2           
N5918 151925.1 +455249 13.9  8   1.9   0.8  85  54690 UGC 9817              
N5919 152136.8 +074311 16.9  8   0.3   0.3   0  54826 ZWG 94.144            
N5920 152151.8 +074232 14.7  8   1.1   0.6 105  54839 UGC 9822              
N5921 152156.3 +050413 11.5  8   4.8   4.0 130  54849 UGC 9824              
N5922 152109.1 +414023       1   0.0   0.0   0                              
N5923 152114.1 +414335 13.7  8   1.8   1.8   0  54780 UGC 9823              
N5924 152202.0 +311357 15.5  8   0.8   0.3  12  54850 MCG 5-36-15           
N5925 152742.0 -543100       3  20.0   0.0   0        OCL 938               
N5926 152325.0 +124257 14.7  8   0.8   0.6  90  54950 MCG 2-39-26           
N5927 152800.5 -504020       4   6.0   0.0   0        GCL 35                
N5928 152602.8 +180425 13.5  8   2.2   1.6 105  55072 UGC 9847              
N5929 152606.1 +414016 14.1  8   0.9   0.8   0  55076 UGC 9851              
N5930 152608.0 +414033 13.0  8   0.9   0.8  37  55080 UGC 9852              
N5931 152929.6 +073423 15.0  8   1.0   0.5  48  55233 MCG 1-39-23           
N5932 152648.2 +483654 15.3  8   0.8   0.8   0  55109 MCG 8-28-33           
N5933 152701.5 +483650 15.8  8   0.5   0.2  33  55117 MCG 8-28-34           
N5934 152812.6 +425547 14.7  8   1.3   0.6   2  55178 UGC 9862              
N5935 152816.6 +425641 15.7  8   0.7   0.3  27  55183 MCG 7-32-13           
N5936 153000.8 +125920 13.1  8   1.4   1.3  36  55255 UGC 9867              
N5937 153046.2 -024945 13.1  8   1.9   1.1  20  55281 MCG 0-40-1            
N5938 153626.1 -665133 11.7  8   2.8   2.5 177  55582 ESO 99-7              
N5939 152445.8 +684347 13.9  8   0.9   0.5  35  55022 UGC 9854              
N5940 153118.2 +072727 14.5  8   0.8   0.8   0  55295 UGC 9876              
N5941 153140.3 +072020 14.9  8   0.4   0.3  70  55314 MCG 1-40-3            
N5942 153136.8 +071844 15.3  8   0.4   0.4   0  55309 MCG 1-40-1            
N5943 152944.0 +424643 14.8  8   1.3   1.3   0  55242 UGC 9870              
N5944 153147.6 +071829 15.8  8   0.8   0.2 111  55321 MCG 1-40-4            
N5945 152944.9 +425509 13.8  8   2.9   1.8  99  55243 UGC 9871              
N5946 153528.5 -503932       4   3.0   0.0   0        IC 4550               
N5947 153036.6 +424303 14.5  8   1.2   1.2   0  55274 UGC 9877              
N5948 153258.6 +035900       1   0.0   0.0   0                              
N5949 152800.7 +644547 12.9  8   2.2   1.0 147  55165 UGC 9866              
N5950 153130.6 +402550 14.6  8   1.5   0.8  37  55305 UGC 9884              
N5951 153343.1 +150027 13.6  8   3.6   0.8   5  55435 UGC 9895              
N5952 153456.3 +045734 15.2  8   0.4   0.3 126  55496 ZWG 50.30             
N5953 153432.3 +151139 12.9  8   1.6   1.3 169  55480 UGC 9903              
N5954 153434.9 +151204 12.9  8   1.1   0.5   5  55482 UGC 9904              
N5955 153512.4 +050348 15.7  8   0.9   0.6   6  55510 MCG 1-40-6            
N5956 153458.5 +114501 13.2  8   1.6   1.6   0  55501 UGC 9908              
N5957 153523.1 +120252 12.9  8   2.8   2.6  90  55520 UGC 9915              
N5958 153449.1 +283919 13.4  8   1.0   1.0   0  55494 UGC 9909              
N5959 153722.3 -163546 14.6  8   2.0   1.7 177  55625 MCG -3-40-2           
N5960 153618.4 +053957 15.1  8   0.7   0.6 114  55575 MCG 1-40-7            
N5961 153516.2 +305151 14.4  8   0.8   0.3  97  55515 UGC 9918              
N5962 153631.6 +163628 12.0  8   3.0   2.2 110  55588 UGC 9926              
N5963 153327.8 +563336 13.0  8   3.3   2.6  55  55419 UGC 9906              
N5964 153736.2 +055825 12.9  8   4.1   3.3 145  55637 IC 4551               
N5965 153402.0 +564108 12.7  8   5.2   0.7  53  55459 UGC 9914              
N5965 153353.4 +564128 16.1  8   0.3   0.2 160        NPM1G +56.0202        
N5966 153552.2 +394609 13.3  8   1.8   1.1  90  55552 UGC 9923              
N5967 154816.0 -754023 12.7  8   2.7   1.7  90  56078 ESO 42-10             
N5967A154658.8 -754713 13.3  8   2.0   1.5  43  56024 ESO 42-9              
N5968 153957.0 -303311 13.1  8   2.1   1.9   0  55738 ESO 450-5             
N5969 153450.9 +562705 15.6  8   0.5   0.3   0  55491 MCG 9-25-59           
N5970 153830.0 +121111 12.2  8   3.0   2.0  88  55665 UGC 9943              
N5971 153536.9 +562743 14.7  8   1.6   0.6 136  55529 UGC 9929              
N5972 153854.1 +170134 14.7  8   1.0   0.7   5  55684 UGC 9946              
N5973 154015.6 -083603 15.3  8   0.9   0.3 140  55757                       
N5974 153902.3 +314535 14.7  8   0.6   0.3 110  55694 UGC 9952              
N5975 153958.0 +212814 14.9  8   1.0   0.3 171  55739 UGC 9963              
N5976 153647.8 +592354 15.8  8   0.8   0.4 119  55609 MCG 10-22-25          
N5976A153607.2 +593400 15.4  8   1.0   1.0   0  55561 UGC 9934              
N5977 154033.4 +170743 14.9  8   1.2   1.0 155  55769 UGC 9967              
N5978 154227.1 -131402 14.9  8   0.8   0.7   0  55838 MCG -2-40-2           
N5979 154741.1 -611302 11.8  6   0.3   0.0   0        PK 322-5.1            
N5980 154130.5 +154715 13.4  8   1.9   0.7  13  55800 UGC 9974              
N5981 153753.4 +592329 13.9  8   2.7   0.3 140  55647 UGC 9948              
N5982 153840.0 +592122 12.0  8   2.6   1.9 110  55674 UGC 9961              
N5983 154245.5 +081430 14.9  8   1.0   1.0   0  55845 UGC 9983              
N5984 154253.1 +141356 13.3  8   2.9   0.7 144  55853 UGC 9987              
N5985 153937.1 +591955 11.9  8   5.5   3.0  13  55725 UGC 9969              
N5986 154603.5 -374708       4   9.6   0.0   0        GCL 37                
N5987 153956.9 +580447 12.7  8   4.2   1.3  65  55740 UGC 9971              
N5988 154433.8 +101735 14.9  8   1.2   1.0 115  55921 UGC 9998              
N5989 154132.4 +594518 13.7  8   0.9   0.9   0  55802 UGC 9985              
N5990 154616.4 +022456 13.2  8   1.6   0.9 115  55993 UGC 10024             
N5991 154516.7 +243752 14.8  8   1.0   0.9 126  55953 MCG 4-37-28           
N5992 154421.5 +410509 14.3  8   0.9   0.7 175  55913 UGC 10003             
N5993 154427.6 +410715 14.0  8   1.2   0.9 140  55918 UGC 10007             
N5994 154653.2 +175223 15.6  8   0.4   0.2  87  56020 UGC 10033             
N5995 154824.9 -134526 14.5  8   0.9   0.7 171  56081 MCG -2-40-4           
N5996 154658.9 +175302 13.2  8   1.7   0.9  33  56023 UGC 10033             
N5997 154727.6 +081918 15.2  8   0.5   0.4  90  56044 ZWG 50.105            
N5998 154938.1 -283439       3   2.0   1.0   0                              
N5999 155208.5 -562822       3   3.0   0.0   0        OCL 946               
N6000 154949.4 -292313 13.0  8   1.9   1.6 154  56145 ESO 450-20            
N6001 154745.9 +283830 14.4  8   1.0   1.0   0  56056 UGC 10036             
N6002 154744.3 +283638       1   0.0   0.0   0                              
N6003 154925.6 +190157 14.4  8   0.9   0.8 126  56130 UGC 10048             
N6004 155022.8 +185622 13.3  8   1.8   1.7 105  56166 UGC 10056             
N6005 155548.6 -572614       3   5.0   0.0   0        OCL 945               
N6006 155302.5 +120021 15.2  8   0.6   0.4 162  56295 MK 862                
N6007 155323.2 +115735 13.8  8   1.7   1.2  65  56309 UGC 10079             
N6008 155255.9 +210604 14.0  8   1.4   1.3  63  56289 NGC 6008A             
N6008A155255.9 +210604 14.0  8   1.4   1.3  63  56289 NGC 6008              
N6008B155308.2 +210433 15.3  8   0.7   0.4 168  56301 MCG 4-37-54           
N6009 155324.1 +120330 15.3  8   0.5   0.2 175  56312 ZWG 78.96             
N6010 155418.9 +003235 13.4  8   2.0   0.5 102  56337 UGC 10081             
N6011 154632.4 +721009 14.3  8   2.0   0.7 110  56008 UGC 10047             
N6012 155413.6 +143608 12.7  8   2.1   1.5 168  56334 UGC 10083             
N6013 155252.9 +403848 14.4  8   1.4   0.8 174  56287 UGC 10080             
N6014 155557.5 +055554 13.5  8   1.7   1.6 171  56413 IC 4586               
N6015 155125.4 +621831 11.7  8   5.4   2.1  28  56219 UGC 10075             
N6016 155554.9 +265802 15.1  8   1.0   0.5  26  56410 UGC 10096             
N6017 155715.4 +055956 14.0  8   0.8   0.7 140  56475 UGC 10098             
N6018 155729.8 +155222 14.3  8   1.4   0.7  75  56481 UGC 10101             
N6019 155209.1 +645027 15.7  8   0.4   0.4   0  56265 ZWG 319.31            
N6020 155708.1 +222418 13.8  8   1.4   1.0 140  56467 IC 1148               
N6021 155730.7 +155723 14.1  8   1.4   0.8 160  56482 UGC 10102             
N6022 155747.9 +161658 15.5  8   0.7   0.5  75  56495 MCG 3-41-9            
N6023 155749.5 +161838 14.3  8   1.4   1.0  70  56492 UGC 10106             
N6024 155307.8 +645506 15.3  8   0.7   0.6 117  56294 MCG 11-19-26          
N6025 160317.7 -602553       3  15.0   0.0   0        OCL 939               
N6026 160121.0 -343237 13.2  6   0.7   0.0   0        PK 341+13.1           
N6027A155911.2 +204520 14.7  8   0.7   0.5  75  56576 UGC 10116             Seyfert Galaxies
N6027B155910.9 +204545 15.1  8   0.4   0.3  42  56575 UGC 10116             
N6027C155911.8 +204452 16.0  8   0.5   0.2   0  56578 UGC 10116             
N6027D155913.0 +204537 16.3  8   0.2   0.2   0  56580 UGC 10116             
N6027E155912.5 +204550 14.2  8   1.0   0.7  84  56579 UGC 10116             
N6028 160129.1 +192134 14.4  8   1.3   1.1  30  56716 NGC 6046              
N6029 160158.8 +123429 15.5  8   1.2   0.7   5  56756 ZWG 79.23             
N6030 160151.3 +175727 13.8  8   1.2   0.8  37  56750 UGC 10139             
N6031 160735.3 -540054       3   3.0   0.0   0        OCL 951               
N6032 160301.1 +205721 14.3  8   1.6   0.7   0  56842 UGC 10148             
N6033 160427.9 -020713 15.4  8   1.1   1.0  90  56941 UGC 10159             
N6034 160332.0 +171155 14.6  8   1.0   0.8  54  56877 MCG 3-41-62           
N6035 160324.1 +205327 14.3  8   0.9   0.9   0  56864 UGC 10154             
N6036 160430.7 +035205 14.1  8   1.1   0.4 146  56950 UGC 10163             
N6037 160429.8 +034856 15.0  8   0.7   0.6  54  56947 MCG 1-41-9            
N6038 160240.4 +372134 14.3  8   1.1   1.1   0  56812 UGC 10149             
N6039 160439.5 +174201 14.9  8   0.8   0.7  65  56972 NGC 6042              
N6040A160426.7 +174500 14.6  8   1.3   0.7  42  56932 UGC 10165             
N6040B160426.5 +174431 15.5  8   0.8   0.8   0  56942 UGC 10165             
N6041A160435.8 +174317 14.4  8   1.3   1.1  36  56962 UGC 10170             
N6041B160435.0 +174302 16.6  8   0.4   0.3  88  56960 UGC 10170             
N6042 160439.5 +174201 14.9  8   0.8   0.7  65  56972 NGC 6039              
N6043A160501.5 +174633 15.4  8   0.7   0.4  55  57019 MCG 3-41-86           
N6043B160500.7 +174624 16.2  8   0.3   0.3   0        MCG 3-41-86           
N6044 160459.6 +175213 15.3  8   0.6   0.6   0  57015 IC 1172               
N6045A160508.0 +174529 14.8  8   1.3   0.3  82  57031 UGC 10177             
N6045B160510.3 +174530 16.5  8   0.4   0.2 160  84720 DRCG 34-81            
N6046 160129.1 +192134 14.4  8   1.3   1.1  30  56716 NGC 6028              
N6047 160509.0 +174347 14.7  8   1.1   0.8  90  57033 MCG 3-41-87           
N6048 155730.2 +704120 13.3  8   2.2   1.7 140  56484 UGC 10124             
N6049 160537.8 +080548       1   0.0   0.0   0                              
N6050A160523.5 +174526 14.8  8   0.9   0.6 132  57058 IC 1179A              
N6050B160522.3 +174516 16.1  8   0.4   0.3  35  57053 IC 1179B              
N6051 160456.6 +235556 14.2  8   1.6   1.1 165  57006 UGC 10178             
N6052 160512.6 +203231 14.5  8   0.9   0.7 171  57039 NGC 6064-1            
N6052 160513.2 +203232 14.1  8   0.8   0.3 175  57039 NGC 6064-2            
N6053 160539.5 +180953 15.7  8   0.6   0.5 159  57090 NGC 6057              
N6054 160538.1 +174603 15.3  8   0.8   0.4  65  57086 IC 1183               
N6055 160532.7 +180934 15.0  8   1.0   0.6  40  57076 UGC 10191             
N6056 160531.1 +175746 15.0  8   0.9   0.5  56  57075 IC 1176               
N6057 160539.5 +180953 15.7  8   0.6   0.5 159  57090 NGC 6053              
N6058 160426.6 +404101 13.3  6   0.7   0.0   0        PK 64+48.1            
N6059 160713.2 -062447       0   0.0   0.0   0                              
N6060 160552.2 +212904 14.1  8   2.0   1.1 105  57110 UGC 10196             
N6061 160616.1 +181500 14.6  8   1.0   0.8  66  57137 UGC 10199             
N6062 160622.9 +194637 14.2  8   1.2   0.9  10  57145 UGC 10202             
N6062B160619.0 +194546 16.0  8   0.4   0.4   0  57146 MCG 3-41-122          
N6063 160713.1 +075846 13.9  8   1.7   0.9 159  57205 UGC 10210             
N6064 160512.6 +203231 14.5  8   0.9   0.7 171  57039 NGC 6052-1            
N6064 160513.2 +203232 14.1  8   0.8   0.3 175  57039 NGC 6052-2            
N6065 160722.9 +135318 15.0  8   0.8   0.6   6  57215 MCG 2-41-8            
N6066 160735.2 +135639 14.9  8   0.7   0.6 135  57230 ZWG 79.54             
N6067 161310.9 -541308       3  15.0   0.0   0        OCL 953               
N6068 155525.5 +785948 13.2  8   1.0   0.7 155  56388 UGC 10126             
N6068A155447.4 +785908 15.0  8   0.9   0.2 171  56363 MCG 13-11-17          
N6069 160741.6 +385553 15.3  8   0.8   0.8   0  57237 MCG 7-33-43           
N6070 160958.6 +004236 12.5  8   3.6   1.8  62  57345 UGC 10230             
N6070A161009.1 +004554 15.4  8   0.6   0.4  90  57350 ZWG 23.18             
N6070B161012.0 +004701 15.8  8   0.4   0.4   0                              
N6071 160206.9 +702502 15.0  8   1.0   1.0   0  56767 MCG 12-15-47          
N6072 161258.2 -361346 14.1  6   1.6   0.0   0        PK 342+10.1           
N6073 161010.9 +164200 14.3  8   1.3   0.7 130  57353 UGC 10235             
N6074 161117.3 +141531 15.3  8   0.4   0.4   0  57419 MCG 2-41-15           
N6074 161116.8 +141518 17.1  8   0.6   0.3  30  57418 MCG 2-41-16           
N6075 161122.6 +235754 15.2  8   0.9   0.7  90  57426 MCG 4-38-38           
N6076 161112.9 +265219 15.4  8   0.4   0.4   0  57409 UGC 10253             
N6076 161113.7 +265225 15.4  8   0.4   0.4   0 200331 UGC 10253             
N6077 161114.0 +265526 14.8  8   1.2   1.1  60  57408 UGC 10254             
N6078 161205.4 +141234 16.2  8   0.5   0.5   0  57460 MCG 2-41-17           
N6079 160428.7 +693958 13.7  8   1.4   1.0 150  56946 IC 1200               
N6080 161258.5 +021040 14.2  8   1.2   1.0  48  57509 UGC 10268             
N6081 161256.8 +095204 14.5  8   1.8   0.6 131  57506 IC 1202               
N6082 161536.0 -341436       0   0.0   0.0   0        ESO 390-?1            
N6083 161312.6 +141110 15.4  8   0.7   0.4  42  57520 MCG 2-41-20           
N6084 161416.6 +174529 14.9  8   1.0   0.5  30  57575 UGC 10291             
N6085 161235.1 +292156 14.4  8   1.5   1.2 165  57486 UGC 10269             
N6086 161235.6 +292906 13.9  8   1.7   1.2  12  57482 UGC 10270             
N6087 161852.0 -575400       3  15.0   0.0   0        OCL 948               
N6088A161042.4 +572758 16.0  8   0.7   0.3 138  57383 MCG 10-23-29          
N6088B161044.1 +572743 15.8  8   0.7   0.3  96  57384 MCG 10-23-30          
N6089 161240.3 +330207 15.0  8   0.9   0.6  42  57491 MCG 6-36-1            
N6089 161241.6 +330218 15.5  8   0.3   0.3   0        MCG 6-36-1            
N6090 161140.7 +522728 14.5  8   2.4   1.0  39  57437 UGC 10267             
N6091 160752.9 +695419 15.0  8   0.8   0.5 114  57242 MCG 12-15-54          
N6092 161404.5 +280734       1   0.0   0.0   0                              
N6093 161702.5 -225828       4  10.0   0.0   0                        M  80 
N6094 160633.8 +722942 14.8  8   1.8   1.4 120  57167 UGC 10228             
N6095 161111.0 +611605 13.7  8   1.8   1.6 132  57411 UGC 10265             
N6096 161446.6 +263334 15.2  8   0.9   0.4 135  57598 MCG 5-38-44           
N6097 161426.2 +350633 14.8  8   1.1   0.6 156  57583 MCG 6-36-7            
N6098 161534.0 +192742 14.3  8   1.0   0.7 141  57634 UGC 10299             
N6099 161535.5 +192714 15.2  8   1.3   1.3   0  57640 UGC 10299             
N6100 161652.3 +005028 14.3  8   1.8   1.1 120  57706 UGC 10307             
N6101 162548.6 -721204       4   5.0   0.0   0        GCL 40                
N6102 161536.9 +280932 15.1  8   1.2   0.8  70  57639 UGC 10300             
N6103 161544.5 +315750 14.5  8   0.7   0.5  80  57648 UGC 10302             
N6104 161630.6 +354227 14.2  8   0.8   0.7  45  57684 UGC 10309             
N6105 161709.2 +345246 15.7  8   0.6   0.4 138  57716 MCG 6-36-13           
N6106 161847.0 +072440 12.9  8   2.4   1.3 140  57799 UGC 10328             
N6107 161720.1 +345408 14.8  8   1.5   1.1  40  57728 UGC 10311             
N6108 161725.5 +350809 15.3  8   1.1   1.0 124  57734 MCG 6-36-15           
N6109 161740.5 +350015 14.0  8   1.0   1.0   0  57748 UGC 10316             
N6110 161743.9 +350515 15.6  8   0.6   0.3 105  57751 ZWG 196.27            
N6111 161422.7 +631541 15.2  8   0.7   0.6  21  57579 MCG 11-20-7           
N6112 161800.5 +350639 15.4  8   1.0   0.8  69  57762 MCG 6-36-17           
N6113 161910.6 +140801 15.1  8   0.9   0.4 147  57807 MCG 2-41-24           
N6114 161823.5 +351028 15.2  8   1.2   0.6 100  57784 MCG 6-36-19           
N6115 162426.3 -515653       3   3.4   0.0   0        OCL 960               
N6116 161854.5 +350914 15.1  8   2.2   0.9  17  57800 UGC 10336             
N6117 161918.2 +370543 14.5  8   1.2   1.2   0  57816 NGC 6117A             
N6117A161918.2 +370543 14.5  8   1.2   1.2   0  57816 NGC 6117              
N6117B161921.6 +370408 14.7  8   0.6   0.3 125  57822 MCG 6-36-24           
N6118 162148.7 -021701 12.4  8   4.7   1.9  58  57924 UGC 10350             
N6119 161942.0 +374824 16.0  8   0.7   0.5  87  57837 MCG 6-36-26           
N6120 161948.1 +374627 14.5  8   1.0   0.7  18  57842 UGC 10343             
N6121 162335.5 -263129       4  36.0   0.0   0                        M   4 
N6122 162009.4 +374755 15.6  8   0.9   0.3 156  57858 MCG 6-36-32           
N6123 161719.6 +615621 14.6  8   0.8   0.3   4  57729 UGC 10333             
N6124 162519.9 -403913       3  40.0   0.0   0        OCL 990               
N6125 161911.2 +575905 13.0  8   1.4   1.4   0  57812 NGC 6127              
N6126 162127.8 +362238 14.6  8   1.0   1.0   0  57908 UGC 10353             
N6127 161911.2 +575905 13.0  8   1.4   1.4   0  57812 NGC 6125              
N6128 161911.2 +575905 13.0  8   1.4   1.4   0  57812 NGC 6125              
N6129 162143.2 +375947 15.0  8   0.8   0.8   0  57920 MCG 6-36-37           
N6130 161933.5 +573654 14.2  8   1.0   0.7  25  57828 UGC 10347             
N6131 162152.3 +385612 13.8  8   1.0   1.0   0  57927 NGC 6131A             
N6131A162152.3 +385612 13.8  8   1.0   1.0   0  57927 NGC 6131              
N6131B162200.4 +385457 15.5  8   0.4   0.2  40  57932 MCG 7-34-5            
N6132 162338.7 +114712 14.7  8   1.5   0.5 127  58002 UGC 10363             
N6133 162017.0 +563912       1   0.0   0.0   0                              
N6134 162746.4 -490904       3   6.0   0.0   0        OCL 968               
N6135 161424.9 +645900 15.0  8   0.9   0.3  45  57580 MCG 11-20-8           
N6136 162059.4 +555813 15.5  8   0.9   0.3  95  57892 MCG 9-27-19           
N6137 162303.1 +375521 14.1  8   1.9   1.2 175  57966 NGC 6137A             
N6137A162303.1 +375521 14.1  8   1.9   1.2 175  57966 NGC 6137              
N6137B162259.6 +375657 15.6  8   0.5   0.5   0  57964 MCG 6-36-38           
N6138 165643.1 +274921 15.1  8   0.9   0.9   0  59292 NGC 6232              
N6139 162740.4 -385054       4   8.2   0.0   0        GCL 43                
N6140 162057.0 +652324 11.9  8   6.3   4.6  95  57886 UGC 10359             
N6141 162306.3 +405130 15.8  8   0.3   0.3   0                              
N6142 162321.0 +371530 14.6  8   2.0   0.5 165  57984 UGC 10366             
N6143 162142.3 +550511 13.9  8   1.0   0.9 177  57919 UGC 10358             
N6144 162714.1 -260127       4   7.4   0.0   0        GCL 42                
N6145 162502.4 +405647 15.1  8   0.8   0.4   5  58074 MCG 7-34-21           
N6146 162510.2 +405333 13.5  8   1.3   1.0  75  58080 UGC 10379             
N6147 162505.8 +405544 16.0  8   0.4   0.3  30  58077 MCG 7-34-23           
N6148 162704.0 +240534 16.9  8   0.6   0.3  60  58162                       
N6149 162724.3 +193551 14.6  8   1.1   0.8  22  58183 UGC 10391             
N6150 162549.9 +402920 15.0  8   1.3   0.5  61  58105 NGC 6150A             
N6150A162549.9 +402920 15.0  8   1.3   0.5  61  58105 NGC 6150              
N6150B162544.4 +402832 15.3  8   0.5   0.2 145  58100 MCG 7-34-27           
N6151 163824.1 -731507       3   0.5   0.0   0                              
N6152 163242.0 -523700       3  25.0   0.0   0        OCL 961               
N6153 163130.6 -401511 11.5  6   0.4   0.0   0        PK 341+5.1            
N6154 162530.6 +495025 13.7  8   2.1   2.0   0  58095 UGC 10382             
N6155 162608.3 +482203 13.1  8   1.3   0.9 145  58115 UGC 10385             
N6156 163452.6 -603709 12.3  8   1.6   1.4   0  58536 ESO 137-33            
N6157 162548.3 +552140 15.5  8   0.6   0.5   9  58101 MCG 9-27-39           
N6158 162740.9 +392300 14.8  8   0.9   0.6  81  58198 MCG 7-34-41           
N6159 162725.1 +424049 15.8  8   1.4   1.0 142  58185 UGC 10397             
N6160 162741.1 +405539 14.3  8   1.8   1.5  65  58199 UGC 10400             
N6161 162820.6 +324837 15.6  8   0.9   0.3 159  58235 MCG 6-36-46           
N6162 162822.3 +325059 14.6  8   0.9   0.7  30  58238 UGC 10403             
N6163 162827.8 +325049 15.4  8   0.6   0.3  54  58250 MCG 6-36-48           
N6164 163341.0 -480446       6   1.0   0.3   0        ESO 226-PN13          
N6165 163402.0 -480904       6   2.5   0.5   0        ESO 226-PN13          
N6166 162838.5 +393305 12.9  8   1.9   1.4  35  58265 UGC 10409             
N6166A162831.0 +393116 16.0  8   0.3   0.2 120  58254 MCG 7-34-50           
N6166B162853.1 +393339 15.8  8   0.4   0.3   6  58299 MCG 7-34-76           
N6166C162823.2 +393414 15.5  8   0.4   0.4   0  58244 MCG 7-34-48           
N6166D162839.1 +393108 15.8  8   0.4   0.3  60  58262 MCG 7-34-56           
N6167 163434.9 -494619       3   7.0   0.0   0        OCL 971               
N6168 163121.3 +201106 14.7  8   1.4   0.3 111  58423 UGC 10434             
N6169 163404.5 -440244       3  12.0   0.0   0        OCL 984               
N6170 162736.4 +593347 14.8  8   0.7   0.6  85  58188 NGC 6176              
N6171 163231.9 -130311       4  13.0   0.0   0                        M 107 
N6172 162210.2 -013051 13.8  8   0.8   0.8   0  57937 IC 1213               
N6173 162945.0 +404840 13.2  8   1.9   1.4 140  58348 UGC 10421             
N6174 162959.4 +404839       0   0.0   0.0   0                              
N6175 162957.4 +403749 14.7  8   1.3   0.8  92  58362 UGC 10422             
N6175 162958.0 +403741 15.0  8   0.6   0.6   0  58362 UGC 10422             
N6176 162736.4 +593347 14.8  8   0.7   0.6  85  58188 NGC 6170              
N6177 163038.8 +350320 14.5  8   1.7   1.2  10  58390 UGC 10428             
N6178 163547.1 -453837       3   5.0   0.0   0        OCL 980               
N6179 163046.9 +350610 16.3  8   0.4   0.4   0  58401 ZWG 196.73            
N6180 163033.9 +403223 15.1  8   0.9   0.6   9  58386 MCG 7-34-95           
N6181 163220.7 +194932 12.5  8   2.5   1.1 175  58470 UGC 10439             
N6182 162933.9 +553104 14.5  8   1.4   0.4 146  58338 UGC 10424             
N6183 164141.8 -692221 13.1  8   1.8   0.6  36  58785 ESO 69-8              
N6184 163134.4 +403356 15.1  8   0.8   0.5 128  58432 MCG 7-34-109          
N6185 163317.8 +352032 14.4  8   1.2   0.9   0  58493 UGC 10444             
N6186 163425.4 +213229 14.0  8   1.5   1.2  60  58523 UGC 10448             
N6187 163136.6 +574226 15.4  8   0.4   0.3 130  58429 MCG 10-23-79          
N6188 164030.0 -484700       5  20.0  12.0   0        ESO 226-EN19          
N6189 163140.7 +593736 13.3  8   1.9   0.9  20  58440 NGC 6191              
N6190 163206.4 +582621 13.2  8   1.4   1.3  60  58458 UGC 10443             
N6191 163140.7 +593736 13.3  8   1.9   0.9  20  58440 NGC 6189              
N6192 164023.7 -432200       3   9.0   0.0   0        OCL 988               
N6193 164120.1 -484545       3  14.0   0.0   0        OCL 975               
N6194 163637.0 +361202 14.8  8   1.0   0.8 105  58598 MCG 6-36-54           
N6195 163632.6 +390142 13.9  8   1.5   1.1  45  58596 UGC 10469             
N6196 163753.8 +360423 14.0  8   2.0   1.2 140  58644 IC 4615               
N6197 163759.8 +355945 15.5  8   1.3   0.5  37  58655 IC 4616               
N6198 163530.6 +572914 14.9  8   1.0   0.7  90  58554 UGC 10467             
N6199 163928.9 +360334       1   0.0   0.0   0                              
N6200 164407.2 -472745       3  15.0   0.0   0        OCL 978               
N6201 164014.4 +234555 15.5  8   0.4   0.3  21  58727 ZWG 138.53            
N6202 164323.2 +615901 14.0  8   0.8   0.4  68  58847 NGC 6226              
N6203 164027.3 +234631 15.4  8   0.6   0.6   0  58729 MCG 4-39-19           
N6204 164609.4 -470101       3   6.0   0.0   0        OCL 982               
N6205 164141.5 +362739       4  20.0   0.0   0                        M  13 Hercules Cluster        
N6206 164007.9 +583702 14.5  8   0.7   0.7   0  58723 IC 1227               
N6207 164303.7 +364955 12.1  8   3.0   1.2  15  58827 UGC 10521             
N6208 164926.0 -534200       3  18.0   0.0   0        OCL 964               
N6209 165457.7 -723512 12.6  8   2.0   1.6  10  59252 ESO 43-8              
N6210 164429.5 +234802  9.3  6   0.3   0.0   0        PK 43+37.1            
N6211 164127.6 +574702 13.6  8   1.6   1.2  99  58775 UGC 10516             
N6212 164323.2 +394826 15.2  8   0.6   0.4 105  58840 MCG 7-34-142          
N6213 164137.3 +574854 15.7  8   0.7   0.3  57  58778 MCG 10-24-30          
N6214 163931.8 +660223 14.3  8   1.0   0.8 145  58709 UGC 10507             
N6215 165107.0 -585935 11.8  8   2.2   2.0  78  59112 ESO 137-46            
N6215A165248.7 -585649 14.2  8   1.5   0.5  11  59180 ESO 138-4             
N6216 164923.5 -444353       3   4.0   0.0   0        NGC 6222              
N6217 163238.7 +781157 11.8  8   3.0   2.5 153  58477 UGC 10470             
N6218 164714.5 -015650       4  16.0   0.0   0                        M  12 
N6219 164622.6 +090218 15.2  8   0.7   0.7   0  58944 MCG 2-43-1            
N6220 164713.2 -001630 14.7  8   1.7   0.9 135  58979 UGC 10541             
N6221 165246.1 -591306 10.8  8   3.5   2.5   5  59175 ESO 138-3             
N6222 164923.5 -444353       3   4.0   0.0   0        NGC 6216              
N6223 164304.2 +613443 12.7  8   3.5   2.6  88  58828 UGC 10527             
N6224 164818.5 +061844 14.8  8   1.0   1.0   0  59017 UGC 10555             
N6225 164821.6 +061323 14.9  8   0.9   0.6 156  59024 UGC 10556             
N6226 164323.2 +615901 14.0  8   0.8   0.4  68  58847 NGC 6202              
N6227 165133.0 -411300       0   0.0   0.0   0        ESO 332-**5           
N6228 164802.8 +261246 15.1  8   1.1   0.6 130  59007 UGC 10558             
N6229 164658.9 +473142       4   4.5   0.0   0        GCL 47                
N6230 165046.8 +043616 15.5  8   0.8   0.7  36  59106 UGC 10575             
N6231 165410.8 -414927       3  14.0   0.0   0        OCL 997               
N6232 164319.9 +703757 13.4  8   1.5   1.5   0  58841 UGC 10537             
N6233 165015.6 +233449 15.0  8   1.4   1.0  33  59086 UGC 10573             
N6234 165157.2 +042303 15.4  8   0.4   0.4   0  59144 MCG 1-43-7            
N6235 165325.4 -221036       4   5.0   0.0   0        GCL 48                
N6236 164434.3 +704648 12.6  8   2.9   1.6  15  58891 UGC 10546             
N6237 164407.4 +703805       0   0.0   0.0   0                              
N6238 164715.9 +620851 14.6  8   0.6   0.4  17  58980 UGC 10563             
N6239 165005.2 +424423 12.9  8   2.4   1.1 118  59083 UGC 10577             
N6240 165258.8 +022411 13.8  8   2.1   1.0  20  59186 IC 4625               
N6241 165011.0 +452516 15.8  8   1.0   0.8  98  59085 MCG 8-31-7            
N6242 165533.3 -392739       3   9.0   0.0   0        OCL 1001              
N6243 165226.3 +231958 15.1  8   1.0   0.4 154  59161 UGC 10591             
N6244 164803.9 +621202 14.4  8   1.6   0.3 140  59009 UGC 10568             
N6245 164522.4 +704816       0   0.0   0.0   0                              
N6246 164953.0 +553234 14.3  8   1.5   0.6  43  59077 UGC 10580             
N6246A165014.0 +552305 14.3  8   2.0   2.0   0  59090 UGC 10584             
N6247 164819.4 +625838 13.7  8   1.0   0.3  58  59023 UGC 10572             
N6248 164622.3 +702122 13.8  8   3.1   1.2 150  58946 UGC 10564             
N6249 165741.4 -444843       3   6.0   0.0   0        OCL 994               
N6250 165756.0 -455612       3  16.0   0.0   0        OCL 991               
N6251 163231.8 +823218 13.9  8   1.8   1.5  36  58472 UGC 10501             
N6252 163240.3 +823438 15.6  8   0.7   0.3  60  58456 MCG 14-8-11           
N6253 165905.0 -524232       3   4.0   0.0   0        OCL 972               
N6254 165708.9 -040556       4  20.0   0.0   0                        M  10 
N6255 165447.4 +363006 13.5  8   3.6   1.5  85  59244 UGC 10606             
N6256 165932.6 -370715       4   4.1   0.0   0        GCL 49.1              
N6257 165603.4 +393846 15.6  8   0.8   0.2 123  59274 ZWG 225.12            
N6258 165229.7 +603052 14.4  8   0.9   0.7  70  59165 UGC 10595             
N6259 170045.3 -443918       3  15.0   0.0   0        OCL 996               
N6260 165150.3 +634253 14.8  8   0.8   0.8   0  59142 MCG 11-20-29          
N6261 165630.4 +275841 15.4  8   1.2   0.5  88  59286 UGC 10617             
N6262 165842.9 +570557 14.7  8   0.6   0.4  60  59363 MCG 10-24-80          
N6263 165643.1 +274921 15.1  8   0.9   0.9   0  59292 NGC 6138              
N6264 165716.1 +275058 15.5  8   0.7   0.4  15  59306 MCG 5-40-9            
N6265 165729.0 +275041 15.5  8   0.8   0.5  23  59315 UGC 10624             
N6266 170112.6 -300642       4  15.0   0.0   0                        M  62 
N6267 165808.7 +225907 14.0  8   1.3   1.0  35  59340 UGC 10628             
N6268 170204.0 -394315       3   6.0   0.0   0        OCL 1002              
N6269 165758.0 +275118 13.4  8   2.0   1.6  80  59332 UGC 10629             
N6270 165844.1 +275132 14.3  8   0.7   0.4 102  95562                       
N6271 165850.7 +275753 15.6  8   0.8   0.6 170  59365 MCG 5-40-16           
N6272 165858.2 +275551 15.6  8   0.5   0.3 167  59367 ZWG 169.22            
N6273 170237.7 -261603       4  17.0   0.0   0                        M  19 
N6274 165920.4 +295647 14.5  8   0.6   0.4  23  59381 UGC 10643             
N6274 165921.6 +295627 15.5  8   0.6   0.2 123  59383 UGC 10643             
N6275 165533.6 +631434 15.3  8   0.4   0.3 120  59262 MK 503                
N6276 170045.0 +230240 15.6  8   0.4   0.3 123  59419 IC 1239               
N6277 170048.8 +230224       1   0.0   0.0   0                              
N6278 170050.2 +230040 13.6  8   2.1   1.2 130  59426 UGC 10656             
N6279 165901.3 +471416 14.9  8   1.1   0.9  19  59370 UGC 10645             
N6280 170157.5 +063959 15.6  8   0.5   0.3 144  59464 MCG 1-43-8            
N6280 170158.1 +064003 16.0  8   0.2   0.2   0        MCG 1-43-8            
N6281 170448.0 -375300       3   8.0   0.0   0        OCL 1003              
N6282 170047.0 +294913 15.2  8   0.7   0.5  36  59418 ZWG 169.29            
N6283 165926.5 +495519 13.7  8   1.1   1.1   0  59386 UGC 10652             
N6284 170428.8 -244551       4   6.2   0.0   0        GCL 53                
N6285 165823.9 +585721 14.5  8   1.2   0.7 129  59344 MCG 10-24-81          
N6286 165831.6 +585615 14.1  8   1.3   1.2  33  59352 UGC 10647             
N6287 170509.4 -224227       4   4.8   0.0   0        GCL 54                
N6288 165724.3 +682727 15.5  8   0.8   0.4 102  59312 MCG 11-21-6           
N6289 165744.9 +683051 15.5  8   0.8   0.6  21  59322 MCG 11-21-7           
N6290 170056.4 +585815 14.4  8   1.1   1.0  30  59428 UGC 10665             
N6291 170056.0 +585616 14.9  8   0.7   0.4  45  59435 MCG 10-24-86          
N6292 170303.5 +610238 14.3  8   1.6   0.8 105  59498 UGC 10684             
N6293 171010.4 -263452       4   8.2   0.0   0        GCL 55                
N6294 171016.1 -263425       1   0.0   0.0   0        ESO 519-**6           
N6295 170315.3 +602016 15.8  8   0.9   0.4  77  59510 UGC 10682             
N6296 170844.6 +035340 14.3  8   0.9   0.7 130  59690 UGC 10719             
N6297 170336.4 +620134 14.6  8   0.7   0.5  90  59525 UGC 10690             
N6298 170421.2 +620257 16.5  8   0.5   0.2  25                              
N6299 170504.3 +622730 15.1  8   0.6   0.6   0  59561 MCG 10-24-97          
N6300 171659.7 -624913 10.9  8   4.3   2.8 118  60001 ESO 101-25            
N6301 170832.7 +422021 14.2  8   1.8   1.1 115  59681 IC 4643               
N6302 171344.1 -370612 12.8  6   1.5   0.0   0        PK 349+1.1            Bug Nebula           
N6303 170502.8 +684940 14.8  8   1.3   0.8  60  59573 UGC 10711             
N6304 171432.5 -292742       4   8.0   0.0   0        GCL 56                
N6305 171800.9 -591016 13.2  8   1.4   0.8 133  60029 ESO 138-19            
N6306 170736.9 +604345 14.6  8   1.0   0.3 166  59654 UGC 10724             
N6307 170740.4 +604502 13.8  8   1.3   1.0 145  59655 UGC 10727             
N6308 171159.7 +232246 14.3  8   1.1   1.0 150  59807 UGC 10747             
N6309 171404.3 -125437 10.8  6   0.3   0.0   0        PK 9+14.1             Box Nebula           
N6310 170757.3 +605925 13.9  8   1.9   0.4  69  59662 UGC 10730             
N6311 171043.5 +413904 14.6  8   1.1   1.1   0  59750 UGC 10741             
N6312 171048.1 +421717 15.4  8   0.7   0.7   0  59751 MCG 7-35-40           
N6313 171020.7 +481954 14.7  8   1.3   0.4 156  59739 UGC 10742             
N6314 171238.7 +231614 13.8  8   1.6   0.7 175  59838 UGC 10752             
N6315 171246.0 +231325 14.2  8   0.8   0.6  36  59843 MCG 4-40-23           
N6316 171637.4 -280822       4   5.4   0.0   0        GCL 57                
N6317 170859.3 +625353 16.1  8   1.2   0.4  51  59708 MCG 11-21-9           
N6318 171611.5 -392530       3   5.0   0.0   0        OCL 1004              
N6319 170944.1 +625823 14.5  8   0.8   0.8   0  59717 UGC 10744             
N6320 171255.6 +401602 14.7  8   1.2   0.8 103  59852 UGC 10761             
N6321 171424.1 +201849 14.4  8   1.1   1.0  63  59900 UGC 10768             
N6322 171825.7 -425602       3   5.0   0.0   0        OCL 1000              
N6323 171317.9 +434656 14.8  8   1.1   0.4 172  59868 UGC 10764             
N6324 170525.3 +752428 13.7  8   1.0   0.6  72  59583 UGC 10725             
N6325 171759.2 -234555       4   4.1   0.0   0        GCL 58                
N6326 172046.4 -514514 12.2  6   0.3   0.0   0        PK 338-8.1            
N6327 171402.2 +433856 16.0  8   0.4   0.4   0  59889 ZWG 225.74            
N6328 172340.9 -650035 13.2  8   2.4   1.4 157  60198 ESO 102-3             
N6329 171415.1 +434106 13.9  8   1.8   1.8   0  59894 UGC 10771             
N6330 171544.4 +292415 15.1  8   1.5   0.6 160  59961 UGC 10776             
N6331 170334.3 +783747 15.4  8   0.6   0.4 126  59513 MCG 13-12-15          
N6332 171502.7 +433937 14.5  8   1.6   0.8  45  59927 UGC 10773             
N6333 171911.8 -183057       4  12.0   0.0   0                        M   9 
N6334 172024.0 -355100       5  35.0  20.0   0        ESO 392-EN9           
N6335 171931.8 -300949       3   0.0   0.0   0        ESO 454-**10          
N6336 171616.5 +434915 14.5  8   0.9   0.7 170  59976 UGC 10786             
N6337 172215.7 -382859 11.9  6   0.8   0.0   0        PK 349-1.1            
N6338 171522.6 +572441 13.5  8   1.5   1.0  15  59947 UGC 10784             
N6339 171706.6 +405042 13.4  8   2.9   1.7  10  60003 UGC 10790             
N6340 171023.9 +721817 11.9  8   3.0   2.8 120  59742 UGC 10762             
N6341 171707.3 +430813       4  14.0   0.0   0                        M  92 
N6342 172110.2 -193512       4   4.4   0.0   0        GCL 61                
N6343 171716.2 +410310 14.8  8   1.1   1.1   0  60010 MCG 7-35-60           
N6344 171718.1 +422604       1   0.0   0.0   0                              
N6345 171523.9 +572102 15.4  8   0.8   0.2  33  59945 MCG 10-24-115         
N6346 171524.3 +571923 15.6  8   0.5   0.4  95  59946 MCG 10-24-114         
N6347 171954.6 +163938 14.5  8   1.2   0.7 100  60086 IC 1253               
N6348 171821.1 +413853 15.2  8   0.7   0.6 125  60036 MCG 7-35-63           
N6349 171906.4 +360341 15.2  8   0.8   0.2  81  60060 MCG 6-38-16           
N6350 171842.2 +414140 14.2  8   1.0   1.0   0  60046 UGC 10800             
N6351 171910.9 +360336 16.0  8   0.6   0.4  80  60063 MCG 6-38-17           
N6352 172529.2 -482520       4   9.0   0.0   0        GCL 64                
N6353 172112.4 +154118       1   0.0   0.0   0                              
N6354 172434.0 -383230       1   0.0   0.0   0        ESO 333-**8           
N6355 172358.6 -262111       4   4.2   0.0   0        GCL 63                
N6356 172335.0 -174845       4  10.0   0.0   0        GCL 62                
N6357 172443.5 -341205       5  25.0  25.0   0        ESO 392-SC10          
N6358 171852.8 +523657 15.1  8   0.9   0.4 110  60054 UGC 10810             
N6359 171753.0 +614651 13.6  8   1.3   0.9 145  60025 UGC 10804             
N6360 172426.5 -295146       3   0.0   0.0   0        ESO 454-**20          
N6361 171840.9 +603629 13.8  8   2.2   0.6  54  60045 UGC 10815             
N6362 173154.8 -670251       4  15.0   0.0   0        GCL 66                
N6363 172239.9 +410608 14.5  8   1.1   0.9  14  60164 UGC 10827             
N6364 172427.3 +292328 14.1  8   1.5   1.2   5  60228 UGC 10835             
N6365 172243.5 +621024 14.8  8   1.1   0.2  31  60171 UGC 10833             
N6365A172244.0 +620957 14.6  8   1.1   1.0 137  60174 UGC 10832             
N6366 172744.3 -050434       4  13.0   0.0   0        GCL 65                
N6367 172508.9 +374537 15.1  8   0.8   0.7 156  60251 MCG 6-38-20           
N6368 172711.4 +113235 13.4  8   3.5   0.6  42  60315 UGC 10856             
N6369 172920.4 -234533 12.9  6   0.6   0.0   0        PK 2+5.1              
N6370 172325.1 +565830 13.9  8   1.4   1.4   0  60192 UGC 10836             
N6371 172720.6 +263018 15.2  8   0.8   0.3 165  60322 MCG 4-41-12           
N6372 172731.9 +262829 13.7  8   1.7   1.1  90  60330 UGC 10861             
N6373 172408.0 +585943 14.3  8   1.3   1.0  90  60220 UGC 10850             
N6374 173442.4 -323453  5.0  3  20.0   0.0   0        NGC 6383              
N6375 172921.8 +161226 14.3  8   1.6   1.6   0  60384 UGC 10875             
N6376 172519.2 +584902 15.5  8   0.5   0.3 142  60258 UGC 10855             
N6377 172523.0 +584922 15.5  8   0.7   0.3  58  60264 UGC 10855             
N6378 173041.8 +061653 14.8  8   1.3   0.9   5  60418 UGC 10884             
N6379 173035.0 +161719 13.8  8   1.1   1.0  33  60421 UGC 10886             
N6380 173428.0 -390407       4   3.6   0.0   0        GCL 68                
N6381 172716.9 +600050 13.6  8   1.3   1.0  25  60321 UGC 10871             
N6382 172755.2 +565208 15.4  8   0.9   0.7 105  60342 MCG 9-29-1            
N6383 173442.4 -323453  5.0  3  20.0   0.0   0        NGC 6374              
N6384 173224.2 +070339 11.2  8   6.2   4.1  30  60459 UGC 10891             
N6385 172801.5 +573119 14.0  8   1.3   1.3   0  60343 UGC 10877             
N6386 172851.7 +524326 15.0  8   1.0   1.0   0  60367 MCG 9-29-4            
N6387 172823.9 +573245 16.3  8   0.3   0.2  95  60355 ZWG 300.37            
N6388 173617.0 -444404       4  10.4   0.0   0        GCL 70                
N6389 173239.7 +162407 12.9  8   2.8   1.9 130  60466 UGC 10893             
N6390 172828.1 +600540 14.5  8   1.6   0.4   8  60356 UGC 10881             
N6391 172849.0 +585103 15.5  8   0.9   0.7  90  60358 MCG 10-25-49          
N6392 174330.6 -694704 12.5  8   1.3   1.3   0  60753 ESO 70-12             
N6393 173008.5 +593155 16.5  8   0.3   0.3   0  60405 MCG 10-25-54          
N6394 173021.3 +593824 15.3  8   1.4   0.4  42  60410 UGC 10889             
N6395 172631.0 +710550 12.9  8   2.4   0.7  15  60291 UGC 10876             
N6396 173736.2 -350133       3   3.0   0.0   0        OCL 1018              
N6397 174041.3 -534023       4  31.0   0.0   0        GCL 74                
N6398 174243.9 -614138 13.4  8   2.0   1.7   6  60735 ESO 139-18            
N6399 173150.4 +593656 14.7  8   1.1   0.6   5  60442 UGC 10896             
N6400 174010.0 -365800       3  12.0   0.0   0        OCL 1014              
N6401 173836.9 -235430       4   4.8   0.0   0        GCL 73                
N6402 173736.1 -031443       4  11.0   0.0   0                        M  14 
N6403 174323.6 -614055 14.3  8   0.5   0.5   0  60750 ESO 139-19            
N6404 173937.3 -331448       3   6.0   0.0   0        OCL 1024              
N6405 174017.0 -321600       3  33.0   0.0   0                        M   6 Butterfly Cluster         
N6406 173819.2 +184958       1   0.0   0.0   0                              
N6407 174457.8 -604423 12.5  8   2.1   1.6  60  60796 ESO 139-22            
N6408 173847.3 +185242 13.7  8   1.6   1.4 132  60637 UGC 10930             
N6409 173635.3 +504559 14.8  8   0.8   0.6  60  60565 ZWG 253.20            
N6410 173520.5 +604732       1   0.0   0.0   0                              
N6411 173532.6 +604847 12.8  8   2.0   1.3  70  60536 UGC 10916             
N6412 172936.9 +754217 12.3  8   2.5   2.4 120  60393 UGC 10897             
N6413 174040.7 +123726       1   0.0   0.0   0                              
N6414 173036.7 +742236 16.1  8   1.0   0.5 145  60416 UGC 10906             
N6415 174403.0 -350400       3   0.0   0.0   0        ESO 393-?18           
N6416 174419.9 -322140       3  15.0   0.0   0        OCL 1031              
N6417 174147.8 +234018 14.2  8   1.4   1.3  45  60709 UGC 10945             
N6418 173809.4 +584255 15.3  8   0.5   0.4 168  60610 MCG 10-25-74          
N6419 173605.6 +680921 15.7  8   1.3   0.3 131  60543 UGC 10924             
N6420 173616.2 +680309 15.5  8   0.6   0.3  54  60553 MCG 11-21-13          
N6421 174544.1 -334114 14.0  3  45.0   0.0   0        ESO 393-?22           
N6422 173629.8 +680330 15.8  8   0.6   0.6   0  60558 MCG 11-21-15          
N6423 173653.2 +681016 15.8  8   0.6   0.5 165  60576 MCG 11-21-16          
N6424 173612.0 +695922 15.1  8   0.9   0.6  81  60552 UGC 10932             
N6425 174653.0 -313700       3  10.0   0.0   0        OCL 1033              
N6426 174454.7 +031015       4   4.2   0.0   0        GCL 76                
N6427 174338.5 +252938 14.4  8   1.6   0.6  36  60758 NGC 6431              
N6428 174352.4 +253318       1   0.0   0.0   0                              
N6429 174405.3 +252103 14.2  8   1.8   0.7  23  60770 UGC 10960             
N6430 174514.2 +180820 14.6  8   1.9   0.6  97  60805 UGC 10966             
N6431 174338.5 +252938 14.4  8   1.6   0.6  36  60758 NGC 6427              
N6432 174722.4 -245316       1   0.0   0.0   0        ESO 520-**25          
N6433 174356.2 +364802 14.1  8   2.0   0.5 163  60766 UGC 10962             
N6434 173648.8 +720518 13.2  8   2.3   1.0 100  60573 UGC 10934             
N6435 174011.1 +623831 14.7  8   1.1   0.6   5  60667 UGC 10947             
N6436 174113.2 +602659 14.7  8   1.4   0.8 177  60695 UGC 10951             
N6437 174804.0 -352100       3   0.0   0.0   0        ESO 393-?28           
N6438 182215.9 -852406 12.7  8   1.6   1.4 156  61787 ESO 10-1              
N6438A182233.0 -852422 12.6  8   2.7   1.0  32  61793 ESO 10-2              
N6439 174820.3 -162732 13.8  6   0.2   0.0   0        PK 11+5.1             
N6440 174852.6 -202132       4   4.4   0.0   0        GCL 77                
N6441 175012.9 -370302       4   9.6   0.0   0        GCL 78                
N6442 174651.3 +204542 14.4  8   1.8   1.6 120  60844 UGC 10978             
N6443 174433.7 +480652 14.7  8   1.2   0.5 128  60783 UGC 10967             
N6444 174935.1 -344911       3  12.0   0.0   0        OCL 1023              
N6445 174915.1 -200032 13.2  6   0.7   0.0   0        PK 8+3.1              
N6446 174607.5 +353410 16.0  8   0.7   0.6   9  60825 MCG 6-39-18           
N6447 174617.1 +353420 13.7  8   1.6   0.9 145  60829 UGC 10975             
N6448 174420.5 +533225       0   0.0   0.0   0                              
N6449 174346.6 +564815 14.5  8   1.0   0.8 135  60762 UGC 10965             
N6450 174732.3 +183431       0   0.0   0.0   0                              
N6451 175040.5 -301242       3   8.0   0.0   0        OCL 1035              
N6452 174758.5 +205015 15.3  8   0.5   0.5   0  60876 ZWG 112.43            
N6453 175051.8 -343553       4   7.6   0.0   0        GCL 79                
N6454 174456.5 +554216 14.5  8   1.0   0.8 171  60795 MCG 9-29-26           
N6455 175108.0 -352014       3   1.0   0.0   0        ESO 394-?3            
N6456 174231.7 +673532 15.7  8   0.8   0.6  45  60729 ZWG 322.4             
N6457 174252.7 +662834 15.3  8   1.2   0.9 140  60738 UGC 10964             
N6458 174910.9 +204817 15.1  8   1.3   0.9 155  60911 UGC 10994             
N6459 174547.1 +554637 15.3  8   0.8   0.4  78  60817 ZWG 278.25            
N6460 174930.3 +204551 14.2  8   1.9   1.1 157  60925 UGC 10997             
N6461 173956.6 +740202 15.9  8   0.8   0.4  20  60659 UGC 10954             
N6462 174448.7 +615438 15.0  8   0.4   0.4   0  60790 MCG 10-25-85          
N6463 174334.2 +673615 15.3  8   0.6   0.6   0  60755 MCG 11-21-22          
N6464 174547.6 +605351 15.5  8   0.6   0.6   0  60818 MCG 10-25-87          
N6465 175255.4 -252350       3   0.0   0.0   0        ESO 521-**2           
N6466 174808.0 +512358 15.0  8   0.5   0.3 111  60883 ZWG 278.30            
N6467 175040.1 +173218 14.2  8   2.6   1.7  77  60972 NGC 6468              
N6468 175040.1 +173218 14.2  8   2.6   1.7  77  60972 NGC 6467              
N6469 175254.0 -221900       3   8.0   0.0   0        OCL 21                
N6470 174414.7 +673709 15.4  8   1.3   0.2 173  60778 UGC 10974             
N6471 174412.6 +673534 15.4  8   1.4   0.3 173  60773 UGC 10973             
N6471 174417.8 +673527 16.0  8   0.3   0.3   0        UGC 10973             
N6472 174403.0 +673749 16.0  8   0.3   0.2  10        NPM1G +67.0154        
N6473 174706.0 +571834       1   0.0   0.0   0                              
N6474 174705.5 +571805 15.0  8   0.9   0.5  75  60850 UGC 10989             
N6475 175346.0 -344700       3  75.0   0.0   0                        M   7 Ptolemy's Cluster    
N6476 175401.9 -290839       0   0.0   0.0   0                              
N6477 174429.7 +673639 16.3  8   0.4   0.3 110                              
N6478 174838.3 +510924 14.1  8   0.9   0.7  37  60896 UGC 10998             
N6479 174821.7 +540859 14.4  8   1.0   0.9 129  60890 UGC 10996             
N6480 175425.9 -302637 12.0  3  17.0   0.0   0        ESO 456-?13           
N6481 175249.0 +041002       3   0.0   0.0   0                              
N6482 175148.7 +230422 12.3  8   2.1   1.8  70  61009 UGC 11009             
N6483 175930.5 -634007 13.0  8   1.6   0.9 122  61233 ESO 102-20            
N6484 175146.8 +242859 13.3  8   1.9   1.9   0  61008 UGC 11010             
N6485 175152.8 +312743 14.0  8   1.5   1.4  24  61013 UGC 11014             
N6486 175235.2 +294907 15.3  8   0.8   0.8   0  61033 MCG 5-42-6            
N6487 175241.7 +295019 13.2  8   1.8   1.8   0  61039 UGC 11022             
N6488 174920.8 +621324 15.5  8   0.7   0.5  63  60918 MCG 10-25-98          
N6489 175001.3 +600533 16.3  8   0.4   0.3  24                              
N6490 175430.4 +182235 14.9  8   1.0   0.8 115  61079 UGC 11033             
N6491 175000.6 +613155 14.6  8   1.2   0.5  39  60949 NGC 6493A             
N6492 180248.3 -662550 12.6  8   2.5   1.2  75  61315 ESO 102-22            
N6493 175022.5 +613334 15.2  8   1.1   1.1   0  60961 UGC 11011             
N6493A175000.6 +613155 14.6  8   1.2   0.5  39  60949 NGC 6491              
N6494 175700.0 -190100       3  25.0   0.0   0                        M  23 
N6495 175450.7 +181939 13.6  8   2.0   1.8  69  61091 UGC 11034             
N6496 175902.0 -441552       4   5.6   0.0   0        GCL 80                
N6497 175117.8 +592816 14.2  8   1.4   0.7 113  60999 NGC 6498              
N6498 175117.8 +592816 14.2  8   1.4   0.7 113  60999 NGC 6497              
N6499 175520.0 +182134       1   0.0   0.0   0                              
N6500 175559.7 +182020 13.0  8   2.2   1.6  50  61123 UGC 11048             
