# NGC/IC catalog (c) 2003 by 
# Jason Harris <kstars@30doradus.org>
# This catalog was constructed entirely from public-domain
# sources, and is released under the GNU General Public License:
# http://www.gnu.org/licenses/gpl.html
#
#ID     RA        Dec  BMag type  a     b   pa   PGC  other           Messr Longname
#
    0 181654.0 -182900  4.6  3  15.0                                  M  24
    0 034700.0 +240700  1.6  3  70.0                                  M  45 Pleiades
    0 122224.0 +580500  8.4  0   0.0   0.0            40
N   1 000716.0 +274232 13.65 8   1.6   1.2 120    564 UGC    57            
N   2 000717.2 +274046 14.96 8   1.0   0.6 115    567 UGC    59            
N   3 000716.8 +081805 14.20 8   1.1   0.6 113    565 UGC    58            
N   4 000818.9 +080715       8                                             
N   5 000748.9 +352145       8   1.2   0.7 115    595 UGC    62            
N   6      		                                                  
N   7 000820.6 -295454 14.40 8   2.2   0.5  29    627 ESO  409- 22         
N   8 000845.3 +235018       8                                             
N   9 000854.9 +234905       8   1.3   0.7 155    652 UGC    78            
N  10 000834.4 -335130 13.30 8   2.4   1.2  25    634 ESO  349- 32         
N  11 000842.4 +372702       8   1.5   0.3 111    642 UGC    73            
N  12 000844.9 +043646 13.80 8   1.7   1.5 125    645 UGC    74            
N  13 000848.1 +332602       8   2.5   0.6  53    650 UGC    77            
N  14 000846.4 +154854 12.71 8   2.8   2.1  25    647 UGC    75            
N  15 000900.0 +213700       8   1.0   0.6  30    661 UGC    82            
N  16 000904.7 +274349 13.00 8   1.8   1.0  16    660 UGC    80            
N  17 001106.6 -120626 14.0  8                                             
N  18      		                                                  
N  19      		                                                  
N  20 000932.9 +331834       8   1.5   1.5 140    679 UGC    84            
N  21 001041.5 +325859       8   1.2   0.6  42    759 UGC    98            
N  22 000947.6 +274947       8   1.7   1.3 160    690 UGC    86            
N  23 000953.6 +255523 12.85 8   2.1   1.3   8    698 UGC    89            
N  24 000956.6 -245743 12.19 8   5.8   1.3  46    701 ESO  472- 16         
N  25 000959.9 -570112 13.00 8   1.4   0.8  88    706 ESO  149- 19         
N  26 001026.4 +254957       8   1.9   1.4 100    732 UGC    94            
N  27 001033.0 +285950       8   1.2   0.5 117    742 UGC    96            
N  28 001038.6 -565906       8   1.1   0.6   5    751 ESO  149- 20         
N  29 001047.1 +332105       8   1.7   0.8 154    767 UGC   100            
N  30      		                                                  
N  31 001038.5 -565911       8                                             
N  32      		                                                  
N  33      		                                                  
N  34 001106.7 -120627       8   2.2   0.8   0    781 MCG -2- 1- 32        
N  35 001110.5 -120115 14.   8                                             
N  36 001122.5 +062323       8   2.2   1.3  21    798 UGC   106            
N  37 001124.2 -565725       8   1.1   0.7  35    801 ESO  149- 22         
N  38 001147.1 -053513       8   1.3   1.3   0    818 MCG -1- 1- 47        
N  39 001219.3 +310344       8   1.1   1.0   0    852 UGC   114            
N  40 001301.0 +723119 11.7  6                                             
N  41 001248.1 +220126       8   0.9   0.5   0    865 MCG  4- 1- 39        
N  42 001248.0 +220600       8   1.1   0.6 115    867 UGC   118            
N  43 001301.0 +305457       8   1.6   1.5   0    875 UGC   120            
N  44 001306.0 +311800       0                                             
N  45 001403.2 -231101 11.32 8   8.5   5.9 142    930 ESO  473-  1         
N  46      		                                                  
N  47 001431.0 -071006       8   2.2   2.1   0    967 MCG -1- 1- 55        
N  48 001402.2 +481406       8   1.4   0.9  15    929 UGC   133            
N  49 001422.5 +481447       8   1.1   1.0 165    952 UGC   136            
N  50 001444.7 -072044       8   2.3   1.7 170    983 MCG -1- 1- 58        
N  51 001434.9 +481522       8   1.3   1.0   0    974 UGC   138            
N  52 001436.0 +183400       8   2.1   0.4 127    978 UGC   140            
N  53 001441.9 -601944 13.33 8   2.0   1.4 160    982 ESO  111- 20         
N  54 001507.7 -070626       8   1.3   0.4   0   1011 MCG -1- 1- 60        
N  55 001508.5 -391313  8.42 8  32.4   5.6 108   1014 ESO  293- 50         
N  56 001524.0 +122659       0                                             
N  57 001531.0 +171936 12.67 8   2.2   1.9  40   1037 UGC   145            
N  58 001430.6 -071003 13.   8                                             
N  59 001525.2 -212638 13.12 8   2.6   1.3 127   1034 ESO  539-  4         
N  60 001558.4 -001815       8   1.3   1.2 155   1058 UGC   150            
N  61A001624.3 -061906       8   1.1   0.7   0   1083 MCG -1- 1- 62        
N  62 001705.5 -132912       8   1.0   0.8   0   1125 MCG -2- 1- 43        
N  63 001745.6 +112658       8   1.7   1.1 108   1160 UGC   167            
N  64 001730.4 -064932       8   1.5   1.1   0   1149 MCG -1- 1- 68        
N  65 001858.6 -225247       8                                             
N  66 001904.6 -225615       8   1.2   0.7  32   1236 ESO  473- 10         
N  67 001815.0 +300345       8   1.0   0.7   0   1185 MCG  5- 1- 64        
N  68 001818.3 +300419       8   2.0   1.8   0   1187 UGC   170            
N  69 001820.6 +300222 15.80 8   0.9   0.8   0   1191 MCG  5- 1- 66        
N  70 001822.5 +300450       8   1.4   1.2   0   1194 UGC   174            
N  71 001823.7 +300346 14.20 8   1.2   1.1   0   1197 UGC   173            
N  72 001828.5 +300224 14.50 8   1.1   0.9  15   1204 UGC   176            
N  72A001834.4 +300209 15.70 8   0.3   0.3   0   1208 MCG  5- 1- 70        
N  73 001839.1 -151920       8   1.6   1.1 145   1211 MCG -3- 1- 26        
N  74 001849.4 +300342 16.   8                                             
N  75 001918.0 +062600       8   1.4   1.4   0   1255 UGC   182            
N  76 001937.8 +295607       8   1.0   0.9  80   1267 UGC   185            
N  77 002001.6 -223155       8                                             
N  78A002025.5 +004936 13.68 8   1.1   0.7  80   1306 UGC   193            
N  78B002027.4 +004959 14.40 8   0.7   0.5  43   1309 UGC   194            
N  79 002102.8 +223359 14.9  8                                             
N  80 002111.3 +222129 13.10 8   1.8   1.7   0   1351 UGC   203            
N  81 002113.2 +222259 17.74 8                                             
N  82      		                                                  
N  83 002122.8 +222608 13.58 8   1.5   1.5   0   1371 UGC   206            
N  84 002133.7 +223535 15.80 8                                             
N  85 002125.5 +223042 15.7  8                                             
N  86 002128.7 +223323 14.9  8                                             
N  87 002115.2 -483746 14.67 8   0.9   0.7   0   1357 ESO  194-  8         
N  88 002122.1 -483827 14.98 8   0.8   0.5 145   1370 ESO  194- 10         
N  89 002124.1 -483957 14.18 8   1.2   0.6 148   1374 ESO  194- 11         
N  90      		                                                  
N  91 002151.7 +222401 14.54 8   1.9   0.8 132   1405 UGC   208            
N  92 002132.1 -483734 13.81 8   1.9   0.9 148   1388 ESO  194- 12         
N  93 002200.0 +222400 14.34 8   1.4   0.6  48   1412 UGC   209            
N  94 002213.1 +222844 15.6  8                                             
N  95 002214.2 +102938 13.19 8   1.9   1.1   0   1426 UGC   214            
N  96 002217.8 +223248 17.   8                                             
N  97 002230.0 +294443       8   1.5   1.3   0   1442 UGC   216            
N  98 002249.4 -451610 13.41 8   1.7   1.3   0   1463 ESO  242-  5         
N  99 002359.7 +154610 13.99 8   1.4   1.3   0   1523 UGC   230            
N 100 002402.6 +162909 13.91 8   5.5   0.7  56   1525 UGC   231            
N 101 002354.6 -323211 13.37 8   2.2   2.0   0   1518 ESO  350- 14         
N 102 002436.5 -135721 14.   8                                             
N 103 002518.0 +612100 10.28 3                                             
N 104 002405.2 -720449  5.78 4                                              47 Tucanae    
N 105 002517.0 +125306 13.90 8   1.1   0.7 167   1583 UGC   241            
N 106 002443.8 -050854 14.46 8                                             
N 107 002600.0 -081800 15.67 8                                             
N 108 002559.0 +291241       8   2.0   1.6   0   1619 UGC   246            
N 109 002612.0 +214800 14.70 8   1.1   1.0  77   1633 UGC   251            
N 110 002718.0 +712400       3                                             
N 111      		                                                  
N 112 002648.9 +314211       8   1.1   0.5 108   1654 UGC   255            
N 113 002654.7 -023005       8   1.4   1.0   0   1656 MCG -1- 2- 16        
N 114 002658.3 -014709       8   0.9   0.7 165   1660 UGC   259            
N 115 002646.8 -334036       8   1.9   0.9 127   1651 ESO  350- 17         
N 116 002705.3 -074005 14.54 8                                             
N 117 002710.9 +012001       8   0.7   0.4 100   1674 MCG  0- 2- 29        
N 118 002716.3 -014648       8   0.7   0.5  40   1678 UGC   264            
N 119 002657.2 -565842       8   1.0   1.0   0   1659 ESO  150-  8         
N 120 002730.2 -013050       8   1.5   0.6  73   1693 UGC   267            
N 121 002647.0 -713212 11.2  4                                             
N 122      		                                                  
N 123      		                                                  
N 124 002752.6 -014837       8   1.4   0.9 168   1715 UGC   271            
N 125 002850.4 +025023 13.11 8   1.7   1.5  85   1772 UGC   286            
N 126 002908.2 +024838       8   0.9   0.4 110   1784 MCG  0- 2- 49        
N 127 002912.2 +025221       8   0.8   0.6  70   1787 MCG  0- 2- 50        
N 128 002915.0 +025155 12.77 8   3.0   0.9   1   1791 UGC   292            
N 129 002954.0 +601359  7.33 3                                             
N 130 002918.4 +025211       8   0.7   0.4  40   1794 MCG  0- 2- 52        
N 131 002938.4 -331531 13.78 8   1.9   0.6  63   1813 ESO  350- 21         
N 132 003010.7 +020537       8   1.9   1.4  40   1844 UGC   301            
N 133 003112.0 +632200       3                                             
N 134 003022.2 -331444 11.23 8   8.5   2.0  50   1851 ESO  350- 23         
N 135 003145.6 -132017       8                                             
N 136 003130.0 +613159       3                                             
N 137 003058.1 +101232 13.74 8   1.3   1.3   0   1888 UGC   309            
N 138 003054.0 +051000       8   1.3   0.6 175   1889 UGC   308            
N 139 003106.6 +050444       8   0.8   0.5   0   1900 CGCG 409- 22         
N 140 003120.5 +304724       8   1.5   1.3  45   1916 UGC   311            
N 141 003119.0 +051051 15.4  8                                             
N 142 003109.2 -223708       8   1.1   0.6 101   1901 ESO  473- 21         
N 143 003116.1 -223339       8   1.0   0.2  20   1911 ESO  473- 22         
N 144 003121.1 -223845       8   0.8   0.8   0   1917 ESO  473- 23         
N 145 003145.7 -050909 13.17 8   1.8   1.3 135   1941 MCG -1- 2- 27        
N 146 003306.0 +631759  9.59 3                                             
N 147 003311.6 +483028 10.47 8  13.2   7.8  25   2004 UGC   326            
N 148 003415.8 -314710 13.13 8   2.0   0.8  90   2053 ESO  410- 20         
N 149 003348.0 +304300       8   1.2   0.7 155   2028 UGC   332            
N 150 003415.8 -274818 12.00 8   3.9   1.9 118   2052 ESO  410- 19         
N 151 003402.8 -094220 12.31 8   3.7   1.7  75   2035 MCG -2- 2- 54        
N 152 003248.0 -730759 11.9  3                                             
N 153 003402.2 -094223 11.   8                                             
N 154 003419.5 -123922 14.   8                                             
N 155 003440.1 -104601       8   1.7   1.3   0   2076 MCG -2- 2- 55        
N 156      		                                                  
N 157 003446.5 -082348 11.00 8   4.2   2.7  30   2081 MCG -2- 2- 56        
N 158      		                                                  
N 159 003436.5 -554722       8   1.4   0.4  95   2073 ESO  150- 11         
N 160 003604.3 +235730 13.60 8   3.0   1.7  45   2154 UGC   356            
N 161 003534.1 -025056       8   1.3   0.8   0   2131 MCG -1- 2- 36        
N 162 003558.0 +240215 16.0  8                                             
N 163 003559.8 -100719 13.64 8   1.5   1.2   0   2149 MCG -2- 2- 66        
N 164 003633.0 +024457 16.   8                                             
N 165 003629.0 -100625 13.88 8   1.5   1.3   0   2182 MCG -2- 2- 69        
N 166 003548.8 -133639 15.   8                                             
N 167 003523.5 -232235       8   1.0   0.7 171   2122 ESO  473- 29         
N 168 003639.5 -223536       8   1.2   0.2  26   2192 ESO  474-  4         
N 169 003652.1 +235930       8   2.6   0.7  88   2202 UGC   365            
N 170 003645.8 +015311       8   0.4   0.3  85   2195 MCG  0- 2- 91        
N 171 003721.9 -195612 12.   8                                             
N 172 003714.4 -223506 14.00 8   2.0   0.3  12   2228 ESO  474-  5         
N 173 003712.4 +015633       8   3.2   2.6  90   2223 UGC   369            
N 174 003658.9 -292842       8   1.4   0.6 152   2206 ESO  411-  1         
N 175 003722.0 -195612 12.90 8   2.1   1.9   0   2232 ESO  540-  6         
N 176 003548.0 -731000 11.9  3                                             
N 177 003735.4 -223254       8   2.2   0.5   9   2241 ESO  474-  6         
N 178 003908.4 -141023 13.10 8   2.0   1.0 175   2349 MCG -2- 2- 78        
N 179 003746.4 -175101 14.19 8   0.9   0.8 113   2253 ESO  540-  7         
N 180 003757.5 +083802       8   2.4   1.9 160   2268 UGC   380            
N 181 003823.4 +292822       8   0.5   0.2   0   2287 MCG  5- 2- 32        
N 182 003812.5 +024344 13.27 8   2.0   1.7  75   2279 UGC   382            
N 183 003829.1 +293042 13.74 8   2.1   1.6 130   2298 UGC   387            
N 184 003835.4 +292649       8   0.7   0.2   0   2309 CGCG 500- 59         
N 185 003858.0 +482018 10.10 8  11.7  10.0  35   2329 UGC   396            
N 186 003825.3 +030959       8   1.4   0.8  23   2291 UGC   390            
N 187 003930.3 -143923       8   1.3   0.5 148   2380 MCG -3- 2- 34        
N 188 004826.0 +851520  8.91 3                                             
N 189 003936.0 +610400  9.07 3                                             
N 190 003854.8 +070345 15.08 8                                             
N 191 003859.7 -090010       8   1.5   1.2   0   2331 MCG -2- 2- 77        
N 192 003913.5 +005143 13.42 8   1.9   0.9 167   2352 UGC   401            
N 193 003918.3 +031953 13.25 8   1.4   1.2  55   2359 UGC   408            
N 194 003918.4 +030210 13.15 8   1.5   1.4  30   2362 UGC   407            
N 195 003935.9 -091142       8   1.1   0.8   0   2391 MCG -2- 2- 79        
N 196 003917.8 +005444 13.80 8   1.3   0.8  15   2357 UGC   405            
N 197 003918.9 +005331 14.80 8   1.2   0.8   5   2365 UGC   406            
N 198 003923.0 +024751       8   1.2   1.2  80   2371 UGC   414            
N 199 003933.2 +030819       8   1.2   0.7 160   2382 UGC   415            
N 200 003934.7 +025319 13.48 8   1.9   1.0 161   2387 UGC   420            
N 201 003935.0 +005135 13.57 8   1.8   1.4 155   2388 UGC   419            
N 202 003939.8 +033213       8   0.9   0.3 153   2394 UGC   421            
N 203 003939.6 +032634       8   0.9   0.3  85   2393 MCG  0- 2-114        
N 204 003944.3 +031758 13.80 8   1.2   1.1  30   2397 UGC   423            
N 205 004022.5 +414111  8.92 8  21.9  11.0 170   2429 UGC   426       M 110
N 206 004033.8 +404421       1                                             
N 207 003940.6 -141416 14.75 8                                             
N 208 004017.5 +024522       8   0.7   0.7   0   2420 MCG  0- 2-118        
N 209 003904.1 -183637       8   1.4   1.1   0   2338 ESO  540-  8         
N 210 004034.9 -135226 11.60 8   5.0   3.3 165   2437 MCG -2- 2- 81        
N 211      		                                                  
N 212 004012.8 -560908       8   1.3   1.0 131   2417 ESO  150- 18         
N 213 004110.0 +162808       8   1.7   1.4   0   2469 UGC   436            
N 214 004128.2 +252959 12.97 8   1.9   1.4  35   2479 UGC   438            
N 215 004048.5 -561251       8   1.1   0.9 120   2451 ESO  150- 19         
N 216 004126.9 -210245 13.72 8   2.0   0.7  27   2478 ESO  540- 15         
N 217 004133.9 -100120       8   2.6   0.6 115   2482 MCG -2- 2- 85        
N 218 004145.0 +362125       8   1.1   1.1   0   2493 UGC   440            
N 219 004211.3 +005414       8   0.5   0.5  60   2522 MCG  0- 2-128        
N 220 004030.5 -732410 11.7  3                                             
N 222 004044.1 -732300 11.7  3                                             
N 223 004216.0 +005041       8   1.3   0.9  62   2527 UGC   450            
N 224 004244.4 +411608  4.36 8 190.5  61.7  35   2557 UGC   454       M  31 Andromeda Galaxy           
N 221 004241.9 +405155  9.03 8   8.7   6.5 170   2555 UGC   452       M  32
N 225 004324.0 +614659  7.43 3                                             
N 226 004254.1 +323446       8   0.9   0.9   0   2572 UGC   459            
N 227 004236.5 -013136 13.11 8   1.6   1.3 155   2547 UGC   456            
N 228 004248.0 +232900       8   1.2   1.1   0   2563 UGC   458            
N 229 004304.7 +233033 14.7  8                                             
N 230 004227.5 -233746       8   1.1   0.2  44   2539 ESO  474- 14         
N 231 004106.2 -732107 11.8  3                                             
N 232 004245.5 -233340       8   1.0   0.8   0   2559 ESO  474- 15         
N 233 004336.6 +303515       8   1.7   1.5   0   2604 UGC   464            
N 234 004332.5 +142035       8   1.6   1.6   0   2600 UGC   463            
N 235 004252.5 -233228 14.08 8   1.3   0.7 117   2569 ESO  474- 16         
N 235A004253.5 -233240       8   0.4   0.4   0   2570 ESO  474- 17         
N 236 004327.3 +025725       8   1.1   1.0 160   2596 UGC   462            
N 237 004328.2 -000725 13.70 8   1.6   0.9 175   2597 UGC   461            
N 238 004326.0 -501105 13.14 8   1.9   1.6  93   2595 ESO  194- 31         
N 239 004437.6 -034535       8   1.0   0.5   0   2642 MCG -1- 3-  7        
N 240 004500.0 +060800       8   1.0   0.9   0   2653 UGC   473            
N 241 004332.7 -732625       3                                             
N 242 004337.6 -732637 12.1  3                                             
N 243 004600.8 +295730       8   0.9   0.4   0   2687 MCG  5- 2- 43        
N 244 004546.3 -153549       8   1.2   1.0   0   2675 MCG -3- 3-  3        
N 245 004605.6 -014320       8   1.4   1.2 145   2691 UGC   476            
N 246 004703.3 -115218 11.43 6                                             
N 247 004708.7 -204538  9.67 8  21.4   6.9 174   2758 ESO  540- 22         
N 248 004619.6 -732321       5                                             
N 249 004510.9 -730417       5                                             
N 250 004712.0 +075400       8   1.1   0.6 153   2765 UGC   487            
N 251 004753.9 +193547       8   2.4   1.9 105   2806 UGC   490            
N 252 004801.8 +273724       8   1.5   1.1  80   2819 UGC   491            
N 253 004733.1 -251718  8.04 8  27.5   6.8  52   2789 ESO  474- 29          Sculptor Galaxy      
N 254 004727.6 -312514 12.62 8   2.5   1.5 137   2778 ESO  411- 15         
N 255 004747.4 -112808 12.36 8   3.0   2.5   0   2802 MCG -2- 3- 17        
N 256 004554.3 -733024 12.0  3                                             
N 257 004801.6 +081748 13.30 8   1.9   1.3 105   2818 UGC   493            
N 258 004812.8 +273925 15.   8                                             
N 259 004803.3 -024635       8   2.8   0.6 140   2820 MCG -1- 3- 15        
N 260 004834.9 +274127       8   0.9   0.9   0   2844 UGC   497            
N 261 004633.0 -730555       5                                             
N 262 004846.7 +315720 13.90 8   1.1   1.1   0   2855 UGC   499            
N 263 004848.4 -130628 14.   8                                             
N 264 004821.0 -381403       8   1.0   0.3 113   2831 ESO  295-  6         
N 265 004711.6 -732838 11.9  3                                             
N 266 004948.2 +321643 12.54 8   3.0   2.9   0   2901 UGC   508            
N 267 004800.0 -731659       5                                             
N 268 005009.5 -051139 13.56 8   1.6   1.1 105   2927 MCG -1- 3- 17        
N 269 004821.2 -733149 12.2  3                                             
N 270 005032.5 -083908       8   1.7   1.5  15   2938 MCG -2- 3- 27        
N 271 005042.0 -015432       8   2.1   1.7 130   2949 UGC   519            
N 272 005118.0 +354959       3                                             
N 273 005048.5 -065310 13.87 8   2.2   0.7 105   2959 MCG -1- 3- 19        
N 274 005101.9 -070327       8   1.5   1.5   0   2980 MCG -1- 3- 21        
N 275 005104.4 -070356       8   1.5   1.1  90   2984 MCG -1- 3- 22        
N 276 005206.6 -224049       8   1.0   0.4  90   3054 ESO  474- 34         
N 277 005117.2 -083550       8   1.4   1.2   0   2995 MCG -2- 3- 28        
N 278 005204.6 +473300 11.47 8   2.1   2.0   0   3051 UGC   528            
N 279 005209.2 -021304       8   1.6   1.2   5   3055 UGC   532            
N 280 005230.0 +242000       8   1.7   1.1  95   3076 UGC   534            
N 281 005225.1 +563353  7.3  5                                             
N 282 005242.2 +303821 14.7  8                                             
N 283 005313.3 -130953       8   1.6   1.0   0   3124 MCG -2- 3- 31        
N 284 005330.0 -130900 15.   8                                             
N 285 005329.8 -130938 14.90 8                                             
N 286 005330.5 -130646       8   1.3   0.9   0   3142 MCG -2- 3- 34        
N 287 005328.3 +322855 14.8  8                                             
N 288 005245.3 -263442 10.   4                                             
N 289 005242.2 -311222 11.72 8   5.1   3.6 130   3089 ESO  411- 25         
N 290 005114.1 -730941 11.9  3                                             
N 291 005329.9 -084609       8   1.1   0.5  75   3140 MCG -2- 3- 35        
N 292 005242.0 -724900  2.79 8                                              Small Magellanic Cloud
N 293 005416.0 -071410       8   1.1   0.9  10   3195 MCG -1- 3- 30        
N 294 005305.6 -732249 12.7  3                                             
N 295 005507.9 +313229       8   2.2   1.0 164   3260 UGC   562            
N 296 005521.5 +314038 15.70 8   1.1   0.3 148   3274 UGC   565            
N 297      		                                                  
N 298 005502.3 -072000       8   1.7   0.4  90   3250 MCG -1- 3- 33        
N 299 005400.0 -721000 11.7  3                                             
N 300 005453.8 -374057  8.72 8  21.9  15.5 111   3238 ESO  295- 20         
N 301 005618.3 -104024 15.47 8                                             
N 302      		                                                  
N 303 005454.9 -163914 15.47 8                                             
N 304 005606.5 +240729       8   1.1   0.7 175   3326 UGC   573            
N 305 005558.7 +120724 15.4  8                                             
N 306 005415.0 -721429 12.5  3                                             
N 307 005633.1 -014616 13.75 8   1.6   0.7  85   3367 UGC   584            
N 308 005622.4 -014645       8                                             
N 309 005642.7 -095451 12.50 8   3.0   2.5   0   3377 MCG -2- 3- 50        
N 310      		                                                  
N 311 005732.8 +301647 14.00 8   1.5   0.8 120   3434 UGC   592            
N 312 005616.7 -524658 13.42 8   1.4   1.1  62   3343 ESO  151-  6         
N 313      		                                                  
N 314 005652.7 -315747       8   1.0   0.8 168   3395 ESO  411- 32         
N 315 005749.1 +302110 12.20 8   3.2   2.0  40   3455 UGC   597            
N 316      		                                                  
N 317A005739.2 +434804       8   1.4   1.3   0   3442 UGC   593            
N 317B005740.5 +434731       8   1.1   0.5 105   3445 UGC   594            
N 318 005805.2 +302531 15.2  8                                             
N 319 005657.3 -435017       8   1.0   0.8   0   3398 ESO  243- 13         
N 320 005846.4 -205025       8   0.9   0.5 159   3510 ESO  541-  3         
N 321 005735.2 -050009       8   1.0   0.6  70   3435 MCG -1- 3- 41        
N 322 005710.3 -434336       8   1.1   0.6 153   3412 ESO  243- 15         
N 323 005641.4 -525835 13.59 8   1.0   1.0   0   3374 ESO  151-  9         
N 324 005714.7 -405729 13.99 8   1.4   0.5  95   3416 ESO  295- 25         
N 325 005739.2 -050509 16.   8                                             
N 326 005818.0 +265200 14.33 8   1.4   1.4   0   3482 UGC   601            
N 327 005755.3 -050750 14.30 8   1.6   0.7 175   3462 MCG -1- 3- 47        
N 328 005657.4 -525523       8   2.7   0.5 100   3399 ESO  151- 13         
N 329 005801.5 -050423 14.30 8   1.6   0.6  20   3467 MCG -1- 3- 48        
N 330 005618.7 -722750  9.6  3                                             
N 331 005703.8 -024526 15.15 8                                             
N 332 005849.2 +070639 14.9  8                                             
N 333 005851.3 -162808 13.92 8                                             
N 334 005850.0 -350655       8   1.2   0.6 169   3514 ESO  351- 26         
N 335 005920.3 -181408       8   1.1   0.3 137   3544 ESO  541-  6         
N 336 005858.1 -184436       8                                             
N 337 005950.0 -073441 12.06 8   2.9   1.8 130   3572 MCG -1- 3- 53        
N 337A010134.0 -073521 12.70 8   5.9   4.5   0   3671 MCG -1- 3- 65        
N 338 010036.2 +304006 13.67 8   1.9   0.6 109   3611 UGC   624            
N 339 005748.0 -742859 12.0  3                                             
N 340 010034.9 -065200 14.   8                                             
N 341 010045.7 -091108 15.5  8                                             
N 342 010049.9 -064621 14.5  8                                             
N 343      		                                                  
N 344 010135.5 -231552       8                                             
N 345 010122.1 -065305       8   1.2   0.8 140   3665 MCG -1- 3- 64        
N 346 005918.0 -721048       3                                             
N 347 010135.2 -064402 15.54 8                                             
N 348 010051.7 -531439       8   0.8   0.7   0   3632 ESO  151- 17         
N 349 010150.8 -064801       8   1.3   0.9   0   3687 MCG -1- 3- 68        
N 350 010156.7 -064744 15.   8                                             
N 351 010157.9 -015604       8   1.4   0.8 142   3693 UGC   639            
N 352 010209.2 -041445 13.54 8   2.4   0.9 165   3701 MCG -1- 3- 71        
N 353 010224.7 -015727       8   1.3   0.4  26   3714 UGC   641            
N 354 010316.1 +222032       8   0.8   0.4  29   3763 UGC   645            
N 355 010307.0 -061929       8   1.0   0.4 105   3753 MCG -1- 3- 77        
N 356 010307.1 -065919       8   1.5   0.8  70   3754 MCG -1- 3- 78        
N 357 010321.9 -062023 13.14 8   2.4   1.7   0   3768 MCG -1- 3- 81        
N 358      		                                                  
N 359 010417.0 -004554       8   1.5   1.1 135   3817 UGC   662            
N 360 010251.2 -653636       8   3.5   0.5 144   3743 ESO   79- 14         
N 361 010218.0 -713700 12.0  3                                             
N 362 010314.3 -705053  7.97 4                                             
N 363 010615.8 -163233 15.   8                                             
N 364 010440.8 -004810       8   1.4   1.3  30   3833 UGC   666            
N 365 010419.0 -350713       8   1.0   0.6   5   3822 ESO  352-  1         
N 366 010630.0 +621359       3                                             
N 367 010548.9 -120741 15.32 8                                             
N 368 010421.6 -431631       8   0.7   0.7   0   3826 ESO  243- 23         
N 369 010508.9 -174527       8   1.0   0.8  52   3856 ESO  541- 17         
N 370      		                                                  
N 371 010325.0 -720423       3                                             
N 372      		                                                  
N 373      		                                                  
N 374 010705.5 +324747       8   1.1   0.5 175   3952 UGC   680            
N 375 010706.1 +322050       8   1.4   1.4   0   3953                      
N 376 010353.4 -724934 11.8  3                                             
N 377      		                                                  
N 378 010611.9 -301040       8   1.5   1.1  90   3907 ESO  412-  5         
N 379 010715.8 +323117 13.92 8   1.4   0.8   0   3966 UGC   683            
N 380 010718.1 +322902 13.60 8   1.4   1.2   0   3969 UGC   682            
N 381 010819.9 +613502       3                                             
N 382 010724.5 +322413       8   0.7   0.7   0   3981 UGC   688            
N 383 010725.2 +322447       8   1.6   1.4  30   3982 UGC   689            
N 384 010725.4 +321733 14.05 8   1.1   0.9 135   3983 UGC   686            
N 385 010727.7 +321916 13.93 8   1.1   1.0   0   3984 UGC   687            
N 386 010730.8 +322144 15.33 8   0.9   0.8   0   3989 MCG  5- 3- 57        
N 387      		                                                  
N 388 010746.4 +321835 15.42 8   0.9   0.8   0   4005 MCG  5- 3- 59        
N 389 010829.9 +394139       8   1.3   0.4  54   4054 UGC   703            
N 390 010812.9 +322711       8                                             
N 391 010722.6 +005531       8   0.9   0.7  45   3976 UGC   693            
N 392 010823.4 +330759 13.68 8   1.2   0.9  50   4042 UGC   700            
N 393 010836.9 +393835 13.60 8   1.7   1.4  20   4061 UGC   707            
N 394 010826.0 +330852 14.8  8                                             
N 395 010508.0 -715948       3                                             
N 396 010808.5 +043150       8                                             
N 397 010831.1 +330633 15.7  8                                             
N 398 010853.8 +323051 15.4  8                                             
N 399 010859.2 +323804       8   0.9   0.7  40   4096 UGC   712            
N 400      		                                                  
N 401      		                                                  
N 402      		                                                  
N 403 010914.5 +324503       8   1.9   0.6  86   4111 UGC   715            
N 404 010927.0 +354304 11.21 8   3.5   3.5   0   4126 UGC   718             Mirach's Ghost (Galaxy not found :)           
N 405      		                                                  
N 406 010724.2 -695235 13.10 8   3.3   1.3 160   3980 ESO   51- 18         
N 407 011036.6 +330729       8   1.7   0.4   0   4190 UGC   730            
N 408      		                                                  
N 409 010932.6 -354820       8   1.3   1.1   0   4132 ESO  352- 12         
N 410 011058.4 +330906 12.52 8   2.4   1.3  30   4224 UGC   735            
N 411 010754.0 -714600 11.0  3                                             
N 412 010634.8 -201957       8                                             
N 413 011231.4 -024737       8   1.1   0.7   0   4347 MCG -1- 4- 13        
N 414 011117.7 +330647 14.5  8                                             
N 415 011005.6 -352927       8   1.4   0.8  55   4161 ESO  352- 14         
N 416 010759.0 -722119 11.4  3                                             
N 417 011106.2 -180858       8   0.6   0.5  55   4237 ESO  541- 24         
N 418 011036.1 -301315 13.12 8   2.0   1.7   0   4189 ESO  412-  9         
N 419 010819.5 -725302 10.6  3                                             
N 420 011210.1 +320723       8   2.0   2.0   0   4320 UGC   752            
N 421      		                                                  
N 422 010930.0 -714500 12.7  3                                             
N 423 011122.5 -291404       8   1.0   0.4 114   4266 ESO  412- 11         
N 424 011127.9 -380458       8   1.8   0.8  60   4274 ESO  296-  4         
N 425 011302.5 +384607       8   1.0   1.0   0   4379 UGC   758            
N 426 011249.0 -001728 13.80 8   1.4   1.0 140   4363 UGC   760            
N 427 011220.0 -320342       8   1.0   0.7   0   4333 ESO  412- 14         
N 428 011255.2 +005859 11.91 8   4.1   3.1 120   4367 UGC   763            
N 429 011257.1 -002048       8   1.4   0.3  19   4368 UGC   762            
N 430 011259.4 -001508 13.50 8   1.3   1.1 155   4376 UGC   765            
N 431 011404.7 +334212       8   1.4   0.9  20   4437 UGC   776            
N 432 011146.2 -613135       8   1.3   1.2   0   4290 ESO  113- 22         
N 433 011518.0 +600759       3                                             
N 434 011213.6 -581448 12.79 8   2.1   1.2   6   4325 ESO  113- 23         
N 434A011229.6 -581230       8   1.1   0.3  51   4344 ESO  113- 24         
N 435 011359.9 +020414       8   1.1   0.4  20   4434 UGC   779            
N 436 011536.0 +584900  8.01 3                                             
N 437 011421.9 +055533       8   1.3   1.0 130   4464 UGC   788            
N 438 011333.6 -375407       8   1.4   1.1   0   4406 ESO  296-  7         
N 439 011347.8 -314450       8   2.5   1.5 156   4423 ESO  412- 18         
N 440 011248.3 -581655 13.73 8   1.1   0.7  45   4361 ESO  113- 25         
N 441 011351.8 -314714       8   1.4   1.1 135   4429 ESO  412- 19         
N 442 011438.5 -010114       8   1.0   0.5 157   4484 UGC   789            
N 443 011507.7 +332237       8   0.8   0.7   0   4512 UGC   796            
N 444 011549.6 +310450 15.02 8   1.9   0.4 157   4561 UGC   810            
N 445 011452.6 +015505       8   0.8   0.6  75   4493 CGCG 385- 47         
N 446 011448.1 +041120 15.3  8                                             
N 447 011537.7 +330403 15.10 8   2.2   2.2   0   4550 UGC   804            
N 448 011515.9 -013730       8   1.6   0.8 116   4524 UGC   801            
N 449 011607.2 +330522 15.01 8   0.8   0.5   0   4587 MCG  5- 4-  9        
N 450 011530.7 -005137       8   3.1   2.3  72   4540 UGC   806            
N 451 011612.5 +330350       8   0.7   0.5   0   4594 MCG  5- 4- 11        
N 452 011615.1 +310202 13.64 8   2.5   0.8  43   4596 UGC   820            
N 453      		                                                  
N 454 011423.2 -552351       8   1.8   1.8   0   4468 ESO  151- 36         
N 455 011557.3 +051039       8   1.9   1.2 165   4572 UGC   815            
N 456 011400.0 -731600       5                                             
N 457 011940.0 +581717  6.97 3                                             
N 458 011453.8 -713257 10.5  3                                             
N 459 011808.1 +173344       8   1.0   0.9   0   4665 UGC   832            
N 460 011441.5 -731750       3                                             
N 461 011720.1 -335024       8   1.2   0.9  23   4636 ESO  352- 33         
N 462 011811.0 +041333       8                                             
N 463 011858.3 +161932 15.2  8                                             
N 464 011906.4 +345647       8                                             
N 465 011548.0 -731900       3                                             
N 466 011713.4 -585436       8   1.8   1.5 103   4632 ESO  113- 34         
N 467 011910.4 +031803 12.90 8   1.7   1.7   0   4736 UGC   848            
N 468 011948.5 +324601 15.1  8                                             
N 469 011933.0 +145217 15.0  8                                             
N 470 011945.6 +032437 12.53 8   2.8   1.7 155   4777 UGC   858            
N 471 011959.7 +144703 14.18 8   1.0   0.7  85   4793 UGC   861            
N 472 012028.8 +324232 14.2  8                                             
N 473 011954.8 +163242 13.33 8   1.7   1.1 153   4785 UGC   859            
N 474 012006.8 +032500 12.37 8   7.1   6.3  75   4801 UGC   864            
N 475 012001.9 +145139 17.35 8                                             
N 476 012019.8 +160111 15.2  8                                             
N 477 012120.4 +402916       8   2.2   1.2 135   4915 UGC   886            
N 478 012009.3 -222238 14.83 8                                             
N 479 012115.8 +035143       8   1.1   0.9   0   4905 UGC   893            
N 480 012034.3 -095249 16.28 8                                             
N 481 012112.6 -091242       8   1.7   1.3   0   4899 MCG -2- 4- 30        
N 482 012020.1 -405753       8   2.2   0.5  84   4823 ESO  296- 13         
N 483 012156.3 +333116       8   0.7   0.7   0   4961 UGC   906            
N 484 011934.9 -583128 12.05 8   1.9   1.4  94   4764 ESO  113- 36         
N 485 012127.8 +070106       8   1.7   0.6   3   4921 UGC   895            
N 486 012210.6 +052439       8                                             
N 487 012155.3 -162217       8   1.1   0.7   0   4958 MCG -3- 4- 56        
N 488 012147.1 +051517 11.15 8   5.2   3.9  15   4946 UGC   907            
N 489 012153.9 +091221       8   1.7   0.4 120   4957 UGC   908            
N 490 012200.0 +052200       8   0.7   0.5   0   4973 MCG  1- 4- 35        
N 491A012004.6 -335404 14.30 8   2.0   0.9 102   4799 ESO  352- 46         
N 491 012120.2 -340348 13.21 8   1.4   1.0  93   4914 ESO  352- 53         
N 492 012213.6 +052500 15.5  8                                             
N 493 012208.9 +005650 12.93 8   3.4   1.0  58   4979 UGC   914            
N 494 012255.4 +331026 13.80 8   2.0   0.8 100   5035 UGC   919            
N 495 012256.0 +332817       8   1.3   0.8 170   5037 UGC   920            
N 496 012311.7 +333147       8   1.6   0.9  28   5061 UGC   927            
N 497 012223.3 -005229 13.84 8   2.1   0.9 132   4992 UGC   915            
N 498 012311.3 +332921 16.   8                                             
N 499 012311.6 +332736 13.17 8   1.6   1.3  82   5060 UGC   926            
N 500 012239.4 +052314 15.2  8                                             
N 501 012322.4 +332556 15.50 8   0.1   0.1   0   5082 CGCG 502- 62         
N 502 012255.4 +090254 13.74 8   1.1   1.0   0   5034 UGC   922            
N 503 012328.5 +331955       8   0.1   0.1   0   5086 MCG  5- 4- 40        
N 504 012328.0 +331216       8   1.7   0.4  47   5084 UGC   935            
N 505 012254.0 +092700       8   0.9   0.6   0   5036 UGC   924            
N 506      		                                                  
N 507 012340.1 +331522 12.20 8   3.1   3.1   0   5098 UGC   938            
N 508 012340.6 +331652       8   1.3   1.3   0   5099 UGC   939            
N 509 012324.1 +092602       8   1.6   0.6  82   5080 UGC   932            
N 510      		                                                  
N 511 012330.7 +111728       8   1.2   1.2   0   5103 UGC   936            
N 512 012359.9 +335429       8   1.6   0.4 116   5132 UGC   944            
N 513 012427.0 +334757       8   0.7   0.3  75   5174 UGC   953            
N 514 012404.0 +125459 12.24 8   3.5   2.8 110   5139 UGC   947            
N 515 012438.6 +332823       8   1.4   1.1   0   5201 UGC   956            
N 516 012408.3 +093305       8   1.4   0.5  44   5148 UGC   946            
N 517 012443.8 +332547       8   2.0   1.0  20   5214 UGC   960            
N 518 012417.7 +091955       8   1.7   0.6  98   5161 UGC   952            
N 519 012428.8 -013831       8   0.5   0.3 140   5182 CGCG 385-103         
N 520 012434.7 +034749 12.24 8   4.5   1.8 130   5193 UGC   966            
N 521 012434.2 +014354 12.55 8   3.2   2.9  20   5190 UGC   962            
N 522 012445.7 +095939 13.94 8   2.7   0.4  33   5218 UGC   970            
N 523 012519.7 +340128 13.50 8   2.5   0.7 108   5268 UGC   979            
N 524 012447.8 +093221 11.30 8   2.8   2.8   0   5222 UGC   968            
N 525 012452.5 +094208       8   1.5   0.7   5   5232 UGC   972            
N 526 012355.2 -350404       8   0.9   0.6 112   5120 ESO  352- 66         
N 527 012358.1 -350659       8   1.7   0.4  14   5128 ESO  352- 68         
N 528 012533.7 +334016       8   1.7   1.1  55   5290 UGC   988            
N 529 012540.3 +344247 13.14 8   2.4   2.1 160   5299 UGC   995            
N 530 012441.5 -013512       8   1.5   0.4 134   5210 UGC   965            
N 531 012618.9 +344516 14.84 8   1.9   0.5  34   5340 UGC  1012            
N 532 012517.2 +091554 13.95 8   2.5   0.8  28   5264 UGC   982            
N 533 012531.5 +014535 12.41 8   3.8   2.3  50   5283 UGC   992            
N 534 012445.0 -380742       8   1.1   1.0 142   5215 ESO  296- 21         
N 535 012531.2 -012433       8   1.0   0.3  58   5282 UGC   997            
N 536 012621.6 +344214 13.20 8   3.0   1.1  62   5344 UGC  1013            
N 537      		                                                  
N 538 012526.2 -013305       8   1.0   0.5  40   5275 UGC   991            
N 539 012521.9 -180948 14.20 8   1.5   1.3 145   5269 ESO  542- 10         
N 540 012708.9 -200211       8                                             
N 541 012544.4 -012242 13.03 8   1.8   1.7   0   5305 UGC  1004            
N 542 012631.0 +344032 15.68 8   1.0   0.2   0   5360 MCG  6- 4- 22        
N 543 012550.1 -011738 14.10 8   0.6   0.3  90   5311 MCG  0- 4-138        
N 544 012511.9 -380536       8   1.2   0.9   0   5253 ESO  296- 24         
N 545 012559.4 -012022       8   2.4   1.6  55   5323 UGC  1007            
N 546 012512.9 -380406       8   1.4   0.5  35   5255 ESO  296- 25         
N 547 012600.8 -012038       8   1.3   1.3  85   5324 UGC  1009            
N 548 012602.7 -011336 14.65 8   0.9   0.8 135   5326 UGC  1010            
N 549 012528.8 -381601       8   2.0   0.5  68   5278 ESO  296- 26         
N 550 012642.2 +020118       8   1.5   0.6 120   5374 UGC  1021            
N 551 012740.7 +371059       8   1.8   0.8 140   5450 UGC  1034            
N 552      		                                                  
N 553      		                                                  
N 554 012709.6 -224330       8                                             
N 555 012711.5 -224546       8   0.7   0.6   0   5419 ESO  476- 12         
N 556 012713.5 -224152       8   0.4   0.3   0   5420 ESO  476- 13         
N 557 012625.2 -013822       8   1.4   0.8  45   5351 UGC  1016            
N 558 012716.1 -015819       8   0.4   0.2 110   5425 CGCG 385-143         
N 559 012921.6 +631648  9.85 3                                             
N 560 012725.6 -015443 13.95 8   1.9   0.6 178   5430 UGC  1036            
N 561 012818.8 +341831       8   1.6   1.5   0   5489 UGC  1048            
N 562 012829.6 +482313       8   1.3   1.0  20   5502 UGC  1049            
N 563 012710.5 -183915       8   1.1   0.9  20   5417 ESO  542- 13         
N 564 012748.3 -015246 13.52 8   1.4   1.2 145   5455 UGC  1044            
N 565 012810.1 -011823       8   1.3   0.4  36   5481 UGC  1052            
N 566 012903.0 +321956       8   1.6   0.4 178   5545 UGC  1058            
N 567 012702.4 -101555 14.   8                                             
N 568 012757.0 -354305 13.58 8   2.2   1.4 137   5468 ESO  353-  3         
N 569 012907.4 +110751       8   1.0   0.5 163   5548 UGC  1063            
N 570 012858.9 -005657 13.70 8   1.5   1.3 175   5539 UGC  1061            
N 571 012956.0 +323005       8   1.3   1.3   0   5587 UGC  1069            
N 572 012836.3 -391824       8   0.8   0.7   0   5508 ESO  296- 31         
N 573 013049.4 +411525       8   0.4   0.4   0   5638 UGC  1078            
N 574 012902.8 -353555       8   1.1   0.7   2   5544 ESO  353-  6         
N 575 013046.5 +212623       8   1.7   1.6   0   5634 UGC  1081            
N 576 012857.1 -513555       8   1.0   0.8  18   5535 ESO  196-  7         
N 577 013040.8 -015933       8   1.8   1.4 140   5628 UGC  1080            
N 578 013028.2 -223957 11.44 8   4.9   3.1 110   5619 ESO  476- 15         
N 579 013146.7 +333655 13.90 8   1.1   1.0   0   5691 UGC  1089            
N 580 013040.8 -015940 14.2  8                                             
N 581 013312.0 +604200  7.72 3   6.0                                  M 103
N 582 013158.2 +332836 14.10 8   2.2   0.6  58   5702 UGC  1094            
N 583 012944.4 -182026       8   0.7   0.6  40   5576 ESO  542- 20         
N 584 013120.9 -065206 11.44 8   4.2   2.3  55   5663 MCG -1- 4- 60        
N 585 013142.5 -005555       8   2.1   0.5  86   5688 UGC  1092            
N 586 013136.9 -065340 14.10 8   1.6   0.8   0   5679 MCG -1- 5-  1        
N 587 013233.4 +352132       8   2.2   0.8  67   5746 UGC  1100            
N 588 013245.2 +303853       5                                             
N 589 013239.9 -120234       8   1.1   0.9   0   5758 MCG -2- 5-  4        
N 590 013341.0 +445545       8   2.6   1.3 150   5808 UGC  1109            
N 591 013331.4 +354007       8   1.3   1.0   5   5800 UGC  1111            
N 592 013300.1 +303436       5                                             
N 593 013220.7 -122126       8   1.2   0.2   0   5733 MCG -2- 5-  3        
N 594 013256.9 -163211       8   1.3   0.6   0   5769 MCG -3- 5-  5        
N 595 013333.9 +304130       5                                             
N 596 013252.1 -070157 11.84 8   3.2   2.1  30   5766 MCG -1- 5-  5        
N 597 013214.6 -332954       8   1.4   1.3   0   5721 ESO  353- 11         
N 598 013350.9 +303937  6.27 8  70.8  41.7  23   5818 UGC  1117       M  33 Triangulum Galaxy           
N 599 013253.8 -121129       8   1.4   1.3   0   5778 MCG -2- 5-  5        
N 600 013305.5 -071846 12.92 8   3.3   2.8   0   5777 MCG -1- 5-  7        
N 601      		                                                  
N 602 012930.0 -733400       3                                             
N 603 013444.0 +301359       1                                             
N 604 013433.8 +304659 11.5  5                                             
N 605 013502.4 +411453       8   2.2   1.1 145   5891 UGC  1128            
N 606 013450.4 +212500       8   1.4   1.2   0   5874 UGC  1126            
N 607      		                                                  
N 608 013528.2 +333924       8   0.8   0.5  32   5913 UGC  1135            
N 609 013712.0 +643259 12.31 3                                             
N 610      		                                                  
N 611 013418.0 -200759       0                                             
N 612 013358.2 -362933 13.90 8   1.4   0.9 172   5827 ESO  353- 15         
N 613 013417.5 -292458 10.73 8   5.5   4.2 120   5849 ESO  413- 11         
N 614 013552.3 +334053       8   1.4   1.4   0   5933 UGC  1140            
N 615 013505.8 -072027 12.47 8   3.6   1.4 155   5897 MCG -1- 5-  8        
N 616      		                                                  
N 617 013402.7 -094627 15.19 8                                             
N 618      		                                                  
N 619 013452.1 -362916       8   1.5   1.0 130   5878 ESO  353- 21         
N 620 013700.0 +421919 13.9  8                                             
N 621 013649.0 +353045       8   1.9   1.8   0   5984 UGC  1147            
N 622 013559.9 +003950       8   1.8   1.3  45   5939 UGC  1143            
N 623 013506.0 -362923 13.55 8   2.0   1.5  94   5898 ESO  353- 23         
N 624 013551.1 -100010       8   1.5   0.9 100   5932 MCG -2- 5- 10        
N 625 013505.2 -412611 11.71 8   5.8   1.9  92   5896 ESO  297-  5         
N 626 013512.0 -390853       8   1.9   1.9   0   5901 ESO  297-  6         
N 627 000000.0 -000000       8                                             
N 628 013641.7 +154700  9.95 8  10.5   9.5  25   5974 UGC  1149       M  74
N 629      		                                                  
N 630 013536.7 -392136 12.51 8   1.6   1.4   0   5924 ESO  297-  9         
N 631 013647.1 +055007       8   1.7   1.5   0   5983 UGC  1153            
N 632 013717.6 +055239       8   1.5   1.2 170   6007 UGC  1157            
N 633 013624.1 -371911       8   1.3   1.1 177   5960 ESO  297- 11         
N 634 013818.5 +352154       8   2.1   0.6 167   6059 UGC  1164            
N 635      		                                                  
N 636 013906.6 -073047 12.41 8   2.8   2.1   0   6110 MCG -1- 5- 13        
N 637 014254.0 +640000  8.56 3                                             
N 638 013937.9 +071416 14.50 8   0.8   0.5  20   6145 UGC  1170            
N 639 013858.8 -295530 14.70 8   1.0   0.2  31   6105 ESO  413- 13         
N 640 013924.8 -092403 15.   8                                             
N 641 013839.4 -423135 13.06 8   1.4   1.3   0   6081 ESO  244- 42         
N 642 013906.8 -295454 12.88 8   2.0   1.1  31   6112 ESO  413- 14         
N 643B013911.6 -750043       8   1.5   0.3 113   6117 ESO   29- 53         
N 643C014149.0 -751612       8   1.3   0.2 150   6256 ESO   30-  1         
N 644 013853.3 -423505       8   1.3   0.6 155   6097 ESO  244- 43         
N 645 014008.8 +054340       8   2.6   1.2 125   6172 UGC  1177            
N 646 013722.1 -645345       8   1.3   1.0   0   6010 ESO   80-  2         
N 647 013956.2 -091434       8   1.5   1.1   0   6155 MCG -2- 5- 33        
N 648 013839.9 -174959       8   1.0   0.5 114   6083 ESO  543-  6         
N 649 014007.4 -091621 14.69 8                                             
N 650 014219.9 +513433 16.1  6   2.7   1.8                            M  76 Little Dumbell Nebula         
N 651 014219.9 +513433 16.1  6                                             
N 652 014043.2 +075857       8   1.0   0.6  55   6208 UGC  1184            
N 653 014225.8 +353819       8   1.5   0.2  39   6290 UGC  1193            
N 654 014406.0 +615259  7.34 3                                             
N 655 014155.2 -130455       8   1.1   0.8   0   6262 MCG -2- 5- 37        
N 656 014227.6 +260836       8   1.5   1.3  35   6293 UGC  1194            
N 657 014348.0 +555200       3                                             
N 658 014209.9 +123609 13.12 8   3.0   1.6  20   6275 UGC  1192            
N 659 014412.0 +604200  8.40 3                                             
N 660 014302.3 +133840 12.02 8   8.3   3.2 170   6318 UGC  1201            
N 661 014414.6 +284220 13.18 8   1.7   1.4  60   6376 UGC  1215            
N 662 014435.4 +374148       8   0.8   0.5  20   6393 UGC  1220            
N 663 014606.0 +611500  7.78 3                                             
N 664 014346.0 +041317       8   1.5   1.3  65   6359 UGC  1210            
N 665 014456.1 +102521 13.17 8   2.4   1.6 125   6415 UGC  1223            
N 666 014606.1 +342226 14.30 8   0.7   0.5  80   6483 UGC  1236            
N 667 014457.4 -225517       8   0.6   0.5   0   6418 ESO  477-  2         
N 668 014622.7 +362739 13.74 8   1.8   1.2  30   6502 UGC  1238            
N 669 014716.1 +353348 13.36 8   3.2   0.6  36   6560 UGC  1248            
N 670 014725.0 +275308 13.59 8   2.0   1.0 172   6570 UGC  1250            
N 671 014659.5 +130734       8   1.5   0.5  55   6546 UGC  1247            
N 672 014753.5 +272601 11.47 8   7.2   2.6  65   6595 UGC  1256            
N 673 014822.8 +113123 13.20 8   2.1   1.7   0   6624 UGC  1259            
N 674      		                                                  
N 675 014908.6 +130334 15.5  8                                             
N 676 014857.5 +055428       8   4.0   1.2 172   6656 UGC  1270            
N 677 014914.6 +130318 13.20 8   2.0   2.0   0   6673 UGC  1275            
N 678 014925.3 +215950 13.33 8   4.5   0.8  78   6690 UGC  1280            
N 679 014943.8 +354705 13.33 8   2.1   2.1   0   6711 UGC  1283            
N 680 014947.4 +215814 12.90 8   1.9   1.6   0   6719 UGC  1286            
N 681 014910.9 -102540 12.82 8   2.6   1.6  60   6671 MCG -2- 5- 52        
N 682 014904.5 -145830       8   1.4   1.1   0   6663 MCG -3- 5- 22        
N 683 014946.7 +114204       8   1.0   1.0   0   6718 UGC  1288            
N 684 015014.3 +273852 13.34 8   3.2   0.6  90   6759 UGC  1292            
N 685 014743.1 -524540 11.50 8   3.7   3.3   0   6581 ESO  152- 24         
N 686 014856.4 -234755       8   1.8   1.4   0   6655 ESO  477-  6         
N 687 015033.3 +362215 13.30 8   1.4   1.4   0   6782 UGC  1298            
N 688 015044.2 +351703 13.35 8   2.5   1.5 145   6799 UGC  1302            
N 689 014951.9 -272756       8   1.0   0.6  68   6724 ESO  414-  5         
N 690 014748.1 -164321 14.80 8   1.2   0.8   0   6587 MCG -3- 5- 21        
N 691 015041.7 +214535 12.24 8   3.5   2.6  95   6793 UGC  1305            
N 692 014842.3 -483854       8   2.1   1.8   0   6642 ESO  197-  3         
N 693 015030.9 +060841 13.24 8   2.1   1.0 106   6778 UGC  1304            
N 694 015058.1 +215950 14.28 8   3.8   2.5 160   6816 UGC  1310            
N 695 015113.9 +223459       8   0.8   0.7  40   6844 UGC  1315            
N 696 014930.5 -345420       8   1.7   0.6  25   6695 ESO  353- 50         
N 697 015117.3 +222132 12.84 8   4.5   1.5 105   6848 UGC  1317            
N 698 014943.5 -344950       8   0.9   0.8   0   6710 ESO  353- 51         
N 699 015044.0 -120210       8   1.5   0.3   0   6798 MCG -2- 5- 59        
N 700 015212.7 +360552       8   1.2   0.3  10   6924 UGC  1336            
N 701 015103.9 -094214 12.82 8   2.5   1.2  40   6826 MCG -2- 5- 60        
N 702 015119.3 -040322 13.90 8   1.5   1.1 155   6852 MCG -1- 5- 43        
N 703 015239.6 +361018 14.27 8   1.2   0.9  50   6957 UGC  1346            
N 704 015237.7 +360736 14.1  8                                             
N 705 015241.7 +360838       8   1.2   0.3 117   6958 UGC  1345            
N 706 015150.3 +061744 13.20 8   1.9   1.4   0   6897 UGC  1334            
N 707 015127.5 -083024       8   1.3   0.8   0   6861 MCG -2- 5- 63        
N 708 015246.4 +360906       8   3.0   2.5  35   6962 UGC  1348            
N 709 015250.7 +361321 15.23 8   0.1   0.1   0   6969 CGCG 522- 40         
N 710 015253.8 +360312 14.27 8   1.3   1.2   0   6972 UGC  1349            
N 711 015227.9 +173047       8   1.6   0.8  15   6940 UGC  1342            
N 712 015308.5 +364908       8   1.3   1.0  85   6988 UGC  1352            
N 713 015360.0 -090559 15.33 8                                             
N 714 015329.7 +361314 14.10 8   1.5   0.4 112   7009 UGC  1358            
N 715 015312.4 -125226 15.   8                                             
N 716 015259.6 +124228       8   1.8   0.8  57   6982 UGC  1351            
N 717 015355.1 +361345 14.86 8   1.3   0.2 117   7033 UGC  1363            
N 718 015312.5 +041148 12.59 8   2.3   2.0  45   6993 UGC  1356            
N 719 015338.8 +195024       8   1.4   1.1 150   7019 UGC  1360            
N 720 015300.4 -134421 11.16 8   4.7   2.4 140   6983 MCG -2- 5- 68        
N 721 015445.5 +392259 14.17 8   1.7   1.0 135   7097 UGC  1376            
N 722 015446.9 +204153       8   1.7   0.5 138   7098 UGC  1379            
N 723 015345.8 -234528       8   1.5   1.3   0   7024 ESO  477- 13         
N 724 015345.6 -234528 13.12 8                                             
N 725 015235.5 -163104 14.   8                                             
N 726 015532.0 -104800       8   1.2   0.6   0   7182 MCG -2- 6-  3        
N 727 015348.9 -355123       8   1.1   0.6  76   7027 ESO  354- 10         
N 728      		                                                  
N 729 015402.4 -354754       8                                             
N 730      		                                                  
N 731 015456.2 -090039 13.00 8   1.7   1.7   0   7118 MCG -2- 5- 73        
N 732 015627.8 +364810       8   1.4   1.0  10   7270 UGC  1406            
N 733 015624.7 +330355       8                                             
N 734 015429.5 -164228 15.   8                                             
N 735 015638.0 +341032 14.07 8   1.8   0.9 138   7282 UGC  1411            
N 736 015641.1 +330238 13.16 8   1.5   1.5   0   7289 UGC  1414            
N 737      		                                                  
N 738 015645.7 +330329 15.5  8                                             
N 739 015654.8 +331601       8   0.5   0.5   0   7312 MCG  5- 5- 30        
N 740 015655.0 +330054       8   1.6   0.4 137   7316 UGC  1421            
N 741 015620.9 +053744 12.20 8   3.0   2.9   0   7252 UGC  1413            
N 742 015624.1 +053735       8   0.2   0.2   0   7264 MCG  1- 6-  4        
N 743 015842.0 +601059       3                                             
N 744 015824.0 +552859  8.38 3                                             
N 745 015409.3 -564124 12.60 8   1.3   0.8   0   7054 ESO  152- 32         
N 746 015751.1 +445502       8   1.9   1.3  90   7399 UGC  1438            
N 747 015730.5 -092745       8   1.0   0.4   0   7366 MCG -2- 6-  7        
N 748 015621.9 -042804 13.41 8   2.3   1.1 140   7259 MCG -1- 6-  4        
N 749 015541.3 -295520       8   1.9   1.4 111   7191 ESO  414- 11         
N 750 015732.8 +331224       8   1.7   1.3   0   7369 UGC  1430            
N 751 015732.9 +331216       8   1.4   1.4   0   7370 UGC  1431            
N 752 015748.0 +374059  6.47 3                                             
N 753 015742.5 +355458 12.97 8   2.5   1.9 125   7387 UGC  1437            
N 754 015421.2 -564542       8   0.5   0.5   0   7068 ESO  152- 33         
N 755 015622.7 -090343 13.09 8   3.4   1.1  45   7262 MCG -2- 6-  5        
N 756 015429.5 -164228 15.   8                                             
N 757      		                                                  
N 758 015542.1 -030359 15.13 8                                             
N 759 015750.4 +362032 13.84 8   1.6   1.4   0   7397 UGC  1440            
N 760 015749.7 +332237 14.5  8                                             
N 761 015749.7 +332236       8   1.5   0.5 143   7395 UGC  1439            
N 762 015657.7 -052411       8   1.3   1.1  25   7322 MCG -1- 6-  6        
N 763      		                                                  
N 764      		                                                  
N 765 015847.6 +245329       8   2.8   2.8   0   7475 UGC  1455            
N 766 015842.1 +082054       8   2.0   2.0   0   7468 UGC  1458            
N 767 015850.9 -093513       8   1.1   0.4   0   7483 MCG -2- 6- 10        
N 768 015840.5 +003146       8   1.7   0.8  30   7465 UGC  1457            
N 769 015936.2 +305435       8   0.8   0.5  73   7537 UGC  1467            
N 770 015913.2 +185718       8   1.2   0.9  15   7517 UGC  1463            
N 771      		                                                  
N 772 015920.3 +190022 11.09 8   7.2   4.3 130   7525 UGC  1466            
N 773 015852.3 -113054       8   1.3   0.7 170   7486 MCG -2- 6- 11        
N 774 015935.0 +140030       8   1.5   1.2 165   7536 UGC  1469            
N 775 015832.5 -261732       8   1.7   1.2 167   7451 ESO  477- 18         
N 776 015954.7 +233837       8   1.7   1.7   0   7560 UGC  1471            
N 777 020015.0 +312546 12.49 8   2.5   2.0 155   7584 UGC  1476            
N 778 020019.5 +311847       8   1.1   0.5 150   7597 UGC  1480            
N 779 015942.6 -055753 11.95 8   4.0   1.2 160   7544 MCG -1- 6- 16        
N 780 020035.3 +281329 14.6  8                                             
N 781 020009.3 +123918       8   1.5   0.4  13   7577 UGC  1482            
N 782 015737.8 -574725 12.48 8   2.3   2.0  15   7379 ESO  114- 15         
N 783 020106.6 +315256       8   1.6   1.4  35   7657 UGC  1497            
N 784 020117.0 +285015 12.23 8   6.6   1.5   0   7671 UGC  1501            
N 785 020140.0 +314936       8   1.5   1.1  80   7694 MCG  5- 5- 46        
N 786 020124.7 +153851       8   0.7   0.6   0   7680 UGC  1506            
N 787 020048.7 -090010       8   2.5   1.9   0   7632 MCG -2- 6- 15        
N 788 020106.4 -064901 13.00 8   1.9   1.4   0   7656 MCG -1- 6- 25        
N 789 020226.1 +320420       8   0.6   0.4   3   7760 UGC  1520            
N 790 020121.6 -052216       8   1.3   1.3   0   7677 MCG -1- 6- 26        
N 791 020144.2 +082959       8   1.6   1.6   0   7702 UGC  1511            
N 792 020215.2 +154243       8   1.7   1.0 130   7744 UGC  1517            
N 793      		                                                  
N 794 020229.5 +182225 13.81 8   1.3   1.1  45   7763 UGC  1528            
N 795 015949.8 -554930       8   1.2   0.7 141   7552 ESO  153-  8         
N 796 015645.0 -741309       3                                             
N 797 020328.0 +380703 13.59 8   1.6   1.3  65   7832 UGC  1541            
N 798 020319.6 +320441       8   1.2   0.5 137   7823 UGC  1539            
N 799 020212.3 -000603 12.97 8   2.0   1.7 100   7741 UGC  1527            
N 800 020211.9 -000753 13.70 8   1.0   0.9  10   7740 UGC  1526            
N 801 020345.0 +381536 13.96 8   3.2   0.7 150   7847 UGC  1550            
N 802 015907.1 -675211 13.67 8   0.9   0.6 152   7505 ESO   52- 13         
N 803 020345.2 +160153 13.24 8   3.0   1.3   8   7849 UGC  1554            
N 804 020402.3 +304958       8   1.4   0.3   7   7873 UGC  1557            
N 805 020429.6 +284845       8   1.1   0.8 115   7899 UGC  1566            
N 806 020331.5 -095557       8   1.2   0.4   0   7835 MCG -2- 6- 21        
N 807 020455.9 +285917       8   1.8   1.3 145   7934 UGC  1571            
N 808 020356.0 -231850 14.14 8   1.2   0.6   7   7865 ESO  478-  1         
N 809 020419.0 -084408       8   1.5   1.0   0   7889 MCG -2- 6- 23        
N 810 020524.0 +131400       8   1.7   1.3  25   7965 UGC  1583            
N 811 020434.9 -100632       8   1.1   0.7   0   7905 MCG -2- 6- 24        
N 812 020651.1 +443428       8   3.2   1.5 160   8066 UGC  1598            
N 813 020137.1 -682628       8   1.3   0.9  99   7692 ESO   52- 16         
N 814 020160.0 -143559       8                                             
N 815 020254.4 -144026       8   1.0   0.5   0   7798 MCG -3- 6-  4        
N 816 020808.9 +291520 15.3  8                                             
N 817 020733.9 +171205       8   0.7   0.3  27   8109 UGC  1611            
N 818 020844.4 +384636 13.20 8   3.0   1.3 113   8185 UGC  1633            
N 819 020834.5 +291403       8   0.6   0.4  10   8174 UGC  1632            
N 820 020825.2 +142057       8   1.3   0.8  72   8165 UGC  1629            
N 821 020821.1 +105944 11.67 8   2.6   1.6  25   8160 UGC  1631            
N 822 020639.3 -410927 14.11 8   1.1   0.6  77   8055 ESO  298-  9         
N 823 020720.1 -252634       8   1.8   1.3   0   8093 ESO  478-  2         
N 824 020653.0 -362709       8   1.4   1.2   0   8068 ESO  354- 37         
N 825 020832.4 +061927       8   2.2   0.9  53   8173 UGC  1636            
N 826 020925.2 +304421 15.4  8                                             
N 827 020856.4 +075819       8   2.2   0.8  85   8196 UGC  1640            
N 828 021009.2 +391129 13.15 8   2.9   2.2   0   8283 UGC  1655            
N 829 020842.3 -074728       8   1.2   0.7  70   8182 MCG -1- 6- 49        
N 830 020858.8 -074605       8   1.4   0.9  60   8201 MCG -1- 6- 50        
N 831 020934.6 +060546 15.2  8                                             
N 832      		                                                  
N 833 020921.1 -100800 13.69 8   1.5   0.7  75   8225 MCG -2- 6- 30        
N 834 021101.3 +373959 13.84 8   1.1   0.5  20   8352 UGC  1672            
N 835 020924.9 -100809 12.91 8   1.3   1.0   0   8228 MCG -2- 6- 31        
N 836 021025.2 -220317       8   1.3   0.9 110   8304 ESO  544- 17         
N 837 021016.0 -222547       8   0.9   0.4  12   8297 ESO  478- 10         
N 838 020938.5 -100847 13.57 8   1.1   0.9   0   8250 MCG -2- 6- 33        
N 839 020943.0 -101103 13.93 8   1.4   0.7  75   8254 MCG -2- 6- 34        
N 840 021016.2 +075042 14.27 8   1.8   1.0  73   8293 UGC  1664            
N 841 021117.2 +372949 13.42 8   1.8   1.0 135   8372 UGC  1676            
N 842 020949.3 -074657 13.61 8   1.2   0.9 145   8258 MCG -1- 6- 55        
N 843 021059.8 +374925 15.2  8                                             
N 844 021011.9 +060253 15.0  8                                             
N 845 021219.5 +372836 14.34 8   1.7   0.4 149   8438 UGC  1695            
N 846 021212.2 +443405       8   1.9   1.7 140   8430 UGC  1688            
N 847 021212.6 +443405 13.2  8                                             
N 848 021017.4 -101912 13.60 8   1.5   1.0   0   8299 MCG -2- 6- 36        
N 849 021011.1 -221922       8   0.5   0.3 117   8286 ESO  478-  9         
N 850 021113.4 -012910       8   1.1   1.1  85   8369 UGC  1679            
N 851 021112.3 +034654       8   1.0   0.6 135   8368 UGC  1680            
N 852 020855.5 -564414       8   1.3   1.0  83   8195 ESO  153- 26         
N 853 021141.6 -091817       8   1.5   1.3  60   8397 MCG -2- 6- 38        
N 854 021130.7 -355014       8   1.8   0.6   0   8388 ESO  354- 47         
N 855 021403.7 +275238 13.30 8   2.6   1.0   0   8557 UGC  1718            
N 856 021337.6 -004303       8   1.3   0.9  20   8526 UGC  1713            
N 857 021235.1 -315646       8   1.5   1.3   0   8455 ESO  415-  6         
N 858 021229.7 -222816 14.30 8   1.3   1.1   0   8451 ESO  478- 13         
N 859 021338.5 -004302 14.4  8                                             
N 860 021500.2 +304643 15.1  8                                             
N 861 021551.2 +355448       8   1.5   0.5  38   8652 UGC  1737            
N 862 021302.9 -420200 12.78 8   0.9   0.8   0   8487 ESO  298- 20         
N 863 021433.7 -004600       8   1.1   1.0   0   8586 UGC  1727            
N 864 021527.4 +060005 11.40 8   4.7   3.5  20   8631 UGC  1736            
N 865 021615.2 +283601       8   1.5   0.4   0   8678 UGC  1747            
N 866      		                                                  
N 867 021704.8 +011439 14.2  8                                             
N 868 021558.7 -004253       8   1.3   1.0  95   8659 UGC  1748            
N 869 021900.0 +570859  5.74 3                                              H Persei, Double Cluster    
N 870 021709.2 +143122 16.   8                                             
N 871 021710.5 +143256 14.20 8   1.2   0.5   4   8722 UGC  1759            
N 872 021525.9 -174653       8   1.5   0.8 174   8629 ESO  544- 32         
N 873 021632.4 -112057       8   1.6   1.3   0   8692 MCG -2- 6- 48        
N 874 021601.7 -231819       8   0.9   0.5 173   8663 ESO  478- 18         
N 875 021705.0 +011439       8   1.1   1.1 105   8718 UGC  1760            
N 876 021753.4 +143116       8   2.1   0.4  20   8770 UGC  1766            
N 877 021758.7 +143250 12.58 8   2.4   1.8 140   8775 UGC  1768            
N 878 021754.5 -232259       8   0.8   0.5 112   8771 ESO  478- 22         
N 879 021651.3 -085748       8                                             
N 880 021827.1 -041221 15.60 8                                             
N 881 021845.4 -063824 13.23 8   2.2   1.5 140   8822 MCG -1- 6- 89        
N 882 021936.0 +154800       8   1.2   0.6  82   8874 UGC  1789            
N 883 021905.3 -064731       8   1.7   1.3   0   8841 MCG -1- 6- 90        
N 884 022224.0 +570700  6.58 3                                              Chi Persei, Double Cluster           
N 885      		                                                  
N 886      		                                                  
N 887 021932.7 -160413       8   1.9   1.5   0   8868 MCG -3- 7-  1        
N 888 021727.9 -595147       8   1.1   0.9   0   8743 ESO  115-  2         
N 889 021906.9 -414456       8   1.0   0.9   0   8843 ESO  298- 27         
N 890 022201.1 +331557 12.20 8   2.5   1.7   0   8997 UGC  1823            
N 891 022233.1 +422048 10.81 8  13.5   2.5  22   9031 UGC  1831            
N 892 022052.0 -230650       8                                             
N 893 021959.1 -412416       8   1.3   1.0 115   8888 ESO  298- 29         
N 894 022136.2 -053113 11.5  8                                             
N 895 022136.6 -053118 12.26 8   3.6   2.6   0   8974 MCG -1- 7-  2        
N 896 022548.0 +615859       5                                             
N 897 022107.1 -334317 12.79 8   2.1   1.3  17   8944 ESO  355-  7         
N 898 022320.3 +415704       8   1.9   0.5 170   9073 UGC  1842            
N 899 022152.7 -204928       8   1.9   1.3 116   8990 ESO  545-  7         
N 900 022330.0 +263000       8   1.1   0.7  30   9079 UGC  1843            
N 901      		                                                  
N 902 022221.8 -164045 14.   8                                             
N 903 022400.9 +272123       8                                             
N 904 022406.0 +272000       8   1.2   0.9 130   9112 UGC  1852            
N 905 022243.6 -084308 15.92 8                                             
N 906 022516.3 +420523 13.76 8   1.8   1.6   0   9188 UGC  1868            
N 907 022302.2 -204248 13.21 8   1.8   0.6  81   9054 ESO  545- 10         
N 908 022304.6 -211400 10.83 8   6.0   2.6  75   9057 ESO  545- 11         
N 909 022522.9 +420208       8   0.9   0.9   0   9197 UGC  1872            
N 910 022526.8 +414927 13.18 8   2.0   2.0   0   9201 UGC  1875            
N 911 022542.4 +415722       8   1.7   0.9 115   9221 UGC  1878            
N 912 022542.7 +414638 15.0  8                                             
N 913 022544.8 +414757 16.00 8                                             
N 914 022605.1 +420838       8   1.8   1.3 117   9253 UGC  1887            
N 915 022545.6 +271315 15.0  8                                             
N 916 022547.6 +271433 14.9  8                                             
N 917 022607.8 +315442 14.5  8                                             
N 918 022550.6 +182949 13.05 8   3.5   2.0 158   9236 UGC  1888            
N 919 022618.0 +271200       8   1.2   0.3 138   9267 UGC  1894            
N 920 022752.0 +455649       8   1.5   1.1  10   9377 UGC  1920            
N 921 022633.6 -155051       8   1.3   0.6   0   9287 MCG -3- 7- 15        
N 922 022503.6 -244723 12.45 8   1.9   1.6   0   9172 ESO  478- 28         
N 923 022734.6 +415841       8   0.8   0.5  95   9355 UGC  1915            
N 924 022646.6 +202955       8   2.3   1.3  53   9302 UGC  1912            
N 925 022716.8 +333441 10.69 8  10.5   5.9 102   9332 UGC  1913            
N 926 022607.1 -001952 14.02 8   1.8   1.0  36   9256 UGC  1901            
N 927 022637.1 +120911       8   1.2   1.2   0   9292 UGC  1908            
N 928 022741.6 +271310       8   0.7   0.3   0   9368 MCG  4- 6- 50        
N 929 022718.2 -120512       8   1.0   0.6   0   9334 MCG -2- 7-  9        
N 930 022754.6 +201956       8   1.9   1.6   0   9379 UGC  1931            
N 931 022815.0 +311846       8   3.9   0.8   0   9399 UGC  1935            
N 932 022754.8 +201956 13.7  8                                             
N 933 022917.6 +455440       8   1.3   0.9  35   9465 UGC  1956            
N 934 022732.6 -001444 14.00 8   1.3   0.9 130   9352 UGC  1926            
N 935 022810.9 +193558       8   1.7   1.1 155   9388 UGC  1937            
N 936 022737.6 -010917 11.12 8   4.7   4.1 135   9359 UGC  1929            
N 937 022928.2 +421500       8   1.1   0.5 117   9480 UGC  1961            
N 938 022833.3 +201700       8   1.6   1.2 100   9423 UGC  1947            
N 939 022620.8 -442645       8   1.2   1.0 110   9271 ESO  246- 11         
N 940 022927.5 +313824       8   1.2   1.0   0   9478 UGC  1964            
N 941 022827.7 -010906 12.93 8   2.6   1.9 170   9414 UGC  1954            
N 942 022910.3 -105012       8   0.1   0.1   0   9458 MCG -2- 7- 18        
N 943 022909.6 -104943       8   0.1   0.1   0   9457 MCG -2- 7- 19        
N 944 022641.7 -143057       8   1.1   0.3   0   9300 MCG -3- 7- 16        
N 945 022837.3 -103222 12.79 8   2.4   2.0  10   9426 MCG -2- 7- 13        
N 946 023038.5 +421358       8   1.4   1.0  65   9556 UGC  1979            
N 947 022832.9 -190226 13.18 8   2.0   1.1  50   9420 ESO  545- 21         
N 948 022845.5 -103052       8   1.5   1.2   0   9431 MCG -2- 7- 15        
N 949 023048.9 +370809 12.40 8   2.4   1.3 145   9566 UGC  1983            
N 950 022911.7 -110132       8   1.3   0.8   0   9461 MCG -2- 7- 21        
N 951 022857.2 -222103       8   1.0   0.6  48   9442 ESO  479-  8         
N 952      		                                                  
N 953 023109.9 +293518       8   0.1   0.1   0   9586 UGC  1991            
N 954 022852.2 -412409 13.50 8   1.6   0.8  19   9438 ESO  299-  4         
N 955 023033.6 -010626 12.93 8   2.8   0.7  19   9549 UGC  1986            
N 956 023224.0 +443859       3                                             
N 957 023336.0 +573159  8.34 3                                             
N 958 023042.9 -025621 12.89 8   2.9   1.0  10   9560 MCG -1- 7- 19        
N 959 023224.0 +352942 12.95 8   2.3   1.4  65   9665 UGC  2002            
N 960 023141.4 -091801       8   1.2   0.3   0   9621 MCG -2- 7- 28        
N 961 000000.0 -000000       0                                             
N 962 023239.8 +280412       8   0.1   0.1   0   9682 UGC  2013            
N 963 023060.0 -041759       8                                             
N 964 023106.1 -360203       8   2.0   0.5  31   9582 ESO  355- 24         
N 965 023224.9 -183824       8   1.0   0.8  10   9666 ESO  545- 32         
N 966 023147.0 -195253       8   1.0   0.9 112   9626 ESO  545- 30         
N 967 023213.0 -171300       8   1.6   1.0   0   9654 ESO  545- 31         
N 968 023406.3 +342847       8   3.6   1.9  60   9779 UGC  2040            
N 969 023408.0 +325651       8   1.7   1.6   0   9781 UGC  2039            
N 970 023411.8 +325838 15.7  8                                             
N 971 023411.6 +325836       8                                             
N 972 023413.3 +291842 12.27 8   3.3   1.7 152   9788 UGC  2045            
N 973 023420.2 +323020       8   3.7   0.5  48   9795 UGC  2048            
N 974 023425.9 +325716       8   2.5   1.9   0   9802 UGC  2049            
N 975 023323.0 +093608       8   1.1   0.8   0   9735 UGC  2030            
N 976 023359.6 +205836 13.26 8   1.5   1.2   0   9776 UGC  2042            
N 977 023303.5 -104536       8   1.9   1.6  65   9713 MCG -2- 7- 31        
N 978A023447.1 +325045       8   2.0   1.7  80   9821 UGC  2057            
N 979 023138.5 -443129       8   1.2   1.0   0   9614 ESO  246- 23         
N 980 023518.8 +405535       8   1.7   0.9 110   9831 UGC  2063            
N 981 023259.9 -105830 14.   8                                             
N 982 023524.8 +405211       8   1.5   0.6 132   9838 UGC  2066            
N 983      		                                                  
N 984 023442.8 +232446       8   3.0   2.0 120   9819 UGC  2059            
N 985 023437.4 -084708 14.01 8   1.0   0.9   0   9817 MCG -2- 7- 35        
N 986A023240.6 -391750 13.97 8   1.8   0.7  72   9685 ESO  299-  6A        
N 986 023334.2 -390243 11.64 8   3.9   3.0 150   9747 ESO  299-  7         
N 987 023649.6 +331939       8   1.3   1.1  30   9911 UGC  2093            
N 988 023529.7 -092135 11.38 8   4.6   2.5   0   9843 MCG -2- 7- 37        
