I4419 142554.6 +163755 16.7  8   0.4   0.4   0  84167 DRCG 29-35            
I4420 142539.3 +252244 15.4  8   0.7   0.5  10  51520 MCG 4-34-27           
I4421 142831.2 -373501 13.4  8   1.1   0.7 164  51704 ESO 385-27            
I4422 142559.1 +302826 15.2  8   0.8   0.7  96  51530 MCG 5-34-39           
I4423 142617.6 +261444 15.3  8   1.1   0.6  73  51549 UGC 9247              
I4424 142732.3 +044917 14.6  8   0.9   0.3 111  51624 IC 1016               
I4425 142644.3 +271123 15.2  8   0.6   0.6   0  51575 ZWG 163.49            
I4426 142717.0 +164954 15.3  8   0.5   0.5   0  51607 MCG 3-37-16           
I4427 142659.6 +265150 15.4  8   0.8   0.3 120  51591 MCG 5-34-41           
I4428 142725.6 +161127 16.0  8   0.5   0.3  45  84193 DRCG 29-12            
I4429 142737.3 +165401 15.1  8   0.7   0.7   0  51637 MCG 3-37-17           
I4430 142919.3 -332718 13.0  8   2.3   1.3  15  51763 MCG -5-34-14          
I4431 142709.5 +305654 14.6  8   1.2   0.8 105  51600 IC 1012               
I4432 142849.7 -393307 16.4  8   1.1   0.2  50  51727 ESO 326-25            
I4433 142753.3 +161143 16.1  8   0.3   0.2   0  84202 KUG 1425+164          
I4434 142754.7 +161228 15.4  8   1.0   0.7   0  51651 ZWG 104.30            
I4435 142724.1 +372819 15.2  8   0.7   0.6  45  51615 MCG 6-32-37           
I4436 142758.2 +263015 14.9  8   1.0   0.9   0  51654 MCG 5-34-45           
I4437 142731.9 +413009       1   0.0   0.0   0                              
I4438 142834.5 +172003 16.6  8   0.5   0.4  84  51709 MCG 3-37-20           
I4439 142840.0 +170129 15.7  8   0.5   0.3  75  51720 ZWG 104.35            
I4440 142859.2 +171915 15.4  8   0.8   0.7   0  51734 MCG 3-37-22           
I4441 143138.8 -432506 12.2  8   1.5   1.3  90  51905 IC 4444               
I4442 142845.2 +285753 15.4  8   1.0   0.6  13  51725 UGC 9287              
I4443 142917.4 +161053 15.9  8   0.9   0.6  10  84220 DRCG 29-8             
I4444 143138.8 -432506 12.2  8   1.5   1.3  90  51905 IC 4441               
I4445 143154.3 -460207 15.0  8   1.2   0.4 153  51917 ESO 272-15            
I4446 142901.4 +372749 16.0  8   0.9   0.4 114  51742 MCG 6-32-44           
I4447 142917.9 +304957 14.6  8   1.2   0.8 175  51754 UGC 9306              
I4448 144027.5 -784833 13.9  8   1.0   0.8 168  52426 ESO 22-2              
I4449 143121.6 +151426 16.5  8   0.5   0.3 100                              
I4450 143212.4 +283326 15.2  8   1.2   0.5  48  51939 UGC 9349              
I4451 143437.0 -361710 12.7  8   1.8   1.1  89  52094 ESO 385-46            
I4452 143227.4 +272538 15.0  8   0.5   0.5   0  51951 ZWG 163.76            
I4453 143428.6 -273105 13.2  8   2.2   1.0 160  52084 ESO 512-4             
I4454 143316.6 +174244 17.4  8   0.5   0.3   0        NPM1G +17.0504        
I4455 143343.7 -143710 15.0  8   0.8   0.3  30  52033 NGC 5664              
I4456 143409.1 +161103 16.0  8   0.5   0.2 135                              
I4457 143428.9 +181328 16.2  8   0.3   0.2  75                              
I4458 143805.0 -382825       1   0.0   0.0   0                              
I4459 143432.2 +305826 15.5  8   0.5   0.2  10  52087 MCG 5-34-74           
I4460 143436.5 +301645 15.8  8   0.5   0.3 171  52089 MCG 5-34-75           
I4461 143501.8 +263239 15.2  8   1.3   0.7  45  52119 UGC 9384              
I4462 143504.1 +263229 16.8  8   0.3   0.3   0  52123 UGC 9384              
I4463 143549.0 +160110 15.1  8   0.4   0.4   0  52175 ZWG 104.46            
I4464 143748.9 -365243 12.8  8   1.6   0.6  61  52286 ESO 385-50            
I4465 143551.1 +153423 16.3  8   0.4   0.1  80                              
I4466 143647.9 +182035 15.5  8   1.0   0.9  10  52228 ZWG 104.48            
I4467 143653.6 +182216 16.6  8   0.4   0.4   0        NPM1G +18.0416        
I4468 143826.8 -222202 13.8  8   2.2   0.7 155  52324 ESO 580-6             
I4469 143720.6 +181456 15.6  8   1.6   0.2 110  52258 UGC 9414              
I4470 142822.8 +785310 15.2  8   1.0   0.2  85  51696 MCG 13-10-19          
I4471 143632.0 +414107 14.7  8   1.1   0.7  21  52207 NGC 5697              
I4472 144010.5 -441856 13.9  8   2.2   0.5   0  52410 ESO 272-23            
I4473 143754.0 +155149 15.5  8   0.7   0.4   5  52287 MCG 3-37-27           
I4473 143754.4 +155139 15.5  8   0.5   0.2  90        MCG 3-37-27           
I4474 143822.4 +232544 16.0  8   0.6   0.4  50                              
I4475 143823.2 +232003 14.9  8   0.9   0.8 174  52325 MCG 4-35-1            
I4476 143951.8 -161441 15.3  8   0.6   0.4 170 170358 NPM1G -16.0465        
I4477 143835.3 +282732 15.6  8   0.5   0.3  10  52327 ZWG 164.3             
I4478 143912.6 +155241 15.0  8   0.6   0.4  24  52363 ZWG 104.59            
I4479 143845.9 +283021 14.5  8   1.3   1.3   0  52338 UGC 9433              
I4480 143945.6 +182932 15.4  8   0.5   0.5   0  52394 MCG 3-37-34           
I4481 144010.1 +160830 16.5  8   0.3   0.2  85                              
I4482 144012.4 +185637 15.3  8   0.6   0.4   9  52408 ZWG 104.64            
I4483 144019.4 +164106 14.9  8   1.5   0.5  26  52417 UGC 9455              
I4484 144744.9 -731825 14.7  8   2.6   0.3 132  52837 ESO 41-9              
I4485 144031.4 +284010 15.6  8   0.6   0.4   0  52419 ZWG 164.10            
I4486 144140.7 +183327 15.2  8   0.4   0.2 145  52481 ZWG 104.68            
I4487 144152.2 +183437 15.5  8   0.8   0.8   0  52496 MCG 3-37-37           
I4488 144252.6 +183714 16.5  8   0.3   0.2   5                              
I4489 144316.0 +183143 16.5  8   0.3   0.2  90                              
I4490 144521.5 -361023       1   0.0   0.0   0        ESO 386-**17          
I4491 144426.0 -134330       0   0.0   0.0   0                              
I4492 144233.8 +372710 15.0  8   0.3   0.3   0  52536 MCG 6-32-88           
I4493 144420.7 +120755 14.4  8   0.8   0.8   0  52638 NGC 5747              
I4494 144427.1 +152852 15.0  8   0.6   0.4 160  52645 MCG 3-38-3            
I4495 144414.5 +233331 15.7  8   0.5   0.3  20  52634 ZWG 134.27            
I4496 144354.5 +332426 15.0  8   1.0   0.8  36  52610 MCG 6-32-90           
I4497 144420.7 +283304 15.1  8   0.5   0.5   0  52636 MCG 5-35-9            
I4498 144500.8 +261800 15.4  8   0.5   0.5   0  52667 MCG 5-35-10           
I4499 150019.1 -821246       4   8.0   0.0   0        GCL 30                
I4500 144435.5 +372858 15.7  8   0.3   0.2  84  52656 MCG 6-32-91           
I4501 144725.4 -222421 14.3  8   1.0   0.7  63  52810 ESO 580-25            
I4502 144515.7 +371759 15.8  8   0.7   0.3 105                              
I4503 144639.6 +160847 14.8  8   0.8   0.4   0  52763 MCG 3-38-10           
I4504 144636.9 +314159 15.4  8   0.3   0.2  95  52750 ZWG 164.23            
I4505 144633.3 +332433 14.8  8   1.2   1.0 174  52754 UGC 9520              
I4506 144639.8 +332406 15.8  8   0.3   0.3   0  52764 ZWG 192.62            
I4507 144742.1 +182721 15.6  8   0.8   0.4 160  52834 MCG 3-38-16           
I4508 144750.7 +314555 15.3  8   0.4   0.4   0  52843 ZWG 164.25            
I4508 144751.5 +314605 16.5  8   0.2   0.2   0        ZWG 164.25            
I4509 144827.0 +314729 14.8  8   0.9   0.2  46  52874 UGC 9536              
I4510 145038.6 -204421       0   0.0   0.0   0                              
I4511 145203.2 -403017       0   0.0   0.0   0                              
I4512 144954.3 +274201 16.0  8   0.4   0.4   0                              
I4513 145214.7 -204316       0   0.0   0.0   0                              
I4514 145055.5 +273443 15.2  8   0.9   0.7 125  53010 UGC 9557              
I4515 145106.6 +372943 15.8  8   0.7   0.5  60  53026 MCG 6-33-3            
I4516 145423.4 +162121 14.4  8   1.0   0.7 162  53274 UGC 9587              
I4517 145435.1 +233835 15.5  8   0.5   0.2 160  53291 ZWG 134.50            
I4518 145741.0 -430753 15.0  8   0.9   0.3 130  53466 ESO 273-12            
I4518 145741.2 -430725 17.0  8   1.3   0.1 115  53467 ESO 273-12A           
I4518 145745.2 -430752 14.3  8   2.2   0.6 108  53471 ESO 273-12            
I4519 145444.4 +372447 15.4  8   0.7   0.4 135  53311 MCG 6-33-7            
I4520 145507.0 +334328 16.1  8   0.4   0.4   0  53328 MCG 6-33-8            
I4521 145927.3 +253500 15.4  8   0.5   0.3 100  53558 MCG 4-35-22           
I4522 151129.7 -755132 13.5  8   2.0   0.5 115  54216 ESO 42-2              
I4523 150510.5 -433035 13.9  8   2.0   1.4   0  53845 ESO 273-15            
I4524 150206.2 +253602 15.6  8   0.5   0.5   0        ZWG 134.68            
I4525 150224.7 +253816 15.7  8   0.4   0.4   0  53705 MCG 4-35-25           
I4526 150238.3 +232104 16.6  8   0.4   0.3  10  53707 UGC 9673              
I4527 150541.0 -422656 13.7  8   1.3   0.7  46  53879 ESO 328-15            
I4528 150133.5 +490647 15.3  8   0.7   0.5 160  53658 MCG 8-27-55           
I4529 150625.7 -431400 15.0  8   0.7   0.6   0  53926 ESO 273-19            
I4530 150345.4 +260600 15.3  8   1.0   0.2  19  53752 UGC 9679              
I4531 150426.4 +232456 15.9  8   0.8   0.5  10  53792 ZWG 135.3             
I4532 150453.7 +231523 15.4  8   0.8   0.4  90  53828 ZWG 135.6             
I4533 150430.3 +274736 14.8  8   1.0   0.7 160  53803 UGC 9687              
I4534 150641.7 +233830 14.5  8   1.5   0.9 160  53943 UGC 9713              
I4535 150824.7 +373952 15.8  8   0.3   0.3   0  54053 MCG 6-33-24           
I4536 151317.3 -180815 13.7  8   2.2   1.8  10  54324 ESO 581-24            
I4537 151732.3 +020252 15.2  8   0.3   0.2  30  54583 ZWG 21.70             
I4538 152111.6 -233930 12.7  8   2.6   2.0  32  54776 ESO 514-10            
I4539 151831.0 +322334 16.3  8   0.4   0.4   0  54642 MCG 6-34-3            
I4540 152002.0 +014700       0   0.0   0.0   0                              
I4541 152955.7 -703502 14.2  8   2.3   0.6 151  55252 ESO 68-6              
I4542 152205.5 +330855 15.1  8   0.8   0.5 123  54855 IC 4542A              
I4542A152205.5 +330855 15.1  8   0.8   0.5 123  54855 IC 4542               
I4542B152206.0 +330849 15.9  8   0.3   0.1 170  54856 MCG 6-34-7            
I4543 152459.4 +132644 15.1  8   1.0   0.6  84  55035 IC 1118               
I4544 152922.5 -503518       0   0.0   0.0   0                              
I4545 154128.6 -813735 14.0  8   1.9   0.9 158  55799 ESO 22-11             
I4546 152658.4 +285107 15.2  8   0.7   0.5 120  55115 MCG 5-36-31           
I4547 152715.0 +284722 15.3  8   0.7   0.6 150  55130 ZWG 165.58            
I4548 152723.9 +285101 16.6  8   0.3   0.3   0  55136 NPM1G +29.0345        
I4549 152914.7 +324933 15.6  8   0.5   0.2  99  55217 MCG 6-34-11           
I4550 153528.5 -503932       4   3.0   0.0   0        NGC 5946              
I4551 153736.2 +055825 12.9  8   4.1   3.3 145  55637 NGC 5964              
I4552 153458.1 +044145       1   0.0   0.0   0                              
I4553 153457.2 +233009 14.0  8   1.8   1.7 144  55497 IC 1127               
I4554 153504.7 +232847 16.7  8   0.3   0.2 135        NPM1G +23.0402        
I4555 154814.8 -781046 13.5  8   1.9   0.5  61  56077 ESO 22-12             
I4556 153522.4 +251752 14.9  8   0.8   0.5 171  55523 MCG 4-37-7            
I4557 153436.9 +394346 15.7  8   0.4   0.3 135  55483 ZWG 222.26            
I4558 153546.2 +252043 15.4  8   0.3   0.2 160  55537 ZWG 136.24            
I4559 153553.4 +252030 15.3  8   0.4   0.3  80  55553 MCG 4-37-8            
I4560 153554.0 +394853 16.7  8   0.4   0.2 105        NPM1G +39.0382        
I4561 153647.0 +252459 15.2  8   0.4   0.2 135  55610 MCG 4-37-11           
I4562 153557.1 +432935 13.7  8   1.2   1.2   0  55559 UGC 9928              
I4562A153602.7 +433014 15.4  8   0.3   0.3   0  55563 ZWG 222.31            
I4563 153603.5 +394954 15.1  8   0.8   0.4 165  55565 MCG 7-32-33           
I4564 153626.9 +433107 14.4  8   1.3   0.5  70  55584 UGC 9930              
I4565 153635.2 +432531 14.8  8   0.9   0.5   8  55592 UGC 9931              
I4566 153642.2 +433223 14.1  8   1.6   1.0 165  55601 UGC 9933              
I4567 153713.3 +431752 13.5  8   1.4   1.0 125  55620 UGC 9940              
I4568 154007.6 +280907 15.3  8   0.6   0.3  30  55746 ZWG 166.28            
I4569 154048.3 +281733 14.9  8   0.9   0.6 132  55783 MCG 5-37-13           
I4570 154122.5 +281345 15.0  8   0.9   0.8  63  55797 UGC 9975              
I4571 154851.6 -671925 13.4  8   1.4   0.5 142  56106 ESO 99-11             
I4572 154154.2 +280801 15.0  8   1.0   0.7  69  55817 MCG 5-37-16           
I4573 154212.2 +234801 15.5  8   0.4   0.2 135  55825 ZWG 136.57            
I4574 154159.2 +281424 15.7  8   0.3   0.1  20  55820 ZWG 166.38            
I4575 154219.6 +234829 15.5  8   0.7   0.6  85  55828 ZWG 136.58            
I4576 154235.4 +234014 14.6  8   1.0   0.6  63  55840 ZWG 136.59            
I4577 154245.5 +234735 15.3  8   0.8   0.8   0  55848 ZWG 136.61            
I4578 155311.6 -744932 13.7  8   1.2   0.5 133  56305 ESO 42-13             
I4579 154251.4 +234625 15.4  8   0.7   0.5  66  55852 ZWG 136.63            
I4580 154314.3 +282123 15.4  8   0.6   0.2 170  55862 ZWG 166.41            
I4581 154401.4 +281636 15.1  8   0.9   0.8   0  55893 MCG 5-37-19           
I4582 154539.4 +280519 14.9  8   1.3   0.3 171  55967 UGC 10021             
I4583 154621.9 +234832 15.2  8   1.0   0.3  36  55999 MCG 4-37-32           
I4584 160012.5 -662257 15.0  8   1.8   1.5  96  56627 ESO 100-4             
I4585 160017.1 -661921 13.0  8   2.6   0.8  54  56630 ESO 100-5             
I4586 155557.5 +055554 13.5  8   1.7   1.6 171  56413 NGC 6014              
I4587 155951.5 +255628 15.3  8   0.4   0.4   0  56614 ZWG 137.12            
I4588 160504.2 +235500 16.0  8   0.3   0.3   0  57025                       
I4589 160722.1 -062314       1   0.0   0.0   0                              
I4590 160821.1 +282843 15.7  8   0.3   0.3   0  57260 MCG 5-38-18           
I4591 161218.0 -275540       5  12.0  10.0   0        LBN 1096              
I4592 161159.6 -192735       5 150.0  60.0   0        LBN 1113              
I4593 161144.5 +120419 10.9  6   0.7   0.0   0        PK 25+40.1            White-Eyed Pea
I4594 161124.5 +234028 16.5  8   0.4   0.2  50                              
I4595 162043.8 -700833 12.7  8   2.7   0.5  63  57876 ESO 69-2              
I4596 161603.6 -223729 15.5  8   1.5   0.5  54  57665 ESO 516-9             
I4597 161739.7 -342158 14.4  8   1.2   1.0 120  57746 ESO 380-2             
I4598 161813.2 -312629 15.0  8   1.5   0.4 175  57772 ESO 451-18            
I4599 161923.2 -421534 12.4  6   0.2   0.0   0        PK 338+5.1            
I4600 161605.3 -224659 16.4  8   0.4   0.4   0  57668 ESO 516-10            
I4601 162000.0 -200200       5  20.0  10.0   0        ESO 585-*N1           
I4602 162324.0 +124500       0   0.0   0.0   0                              
I4603 162536.0 -242800       5  35.0  20.0   0        LBN 1109              
I4604 162535.0 -232700       5  60.0  50.0   0        LBN 1112              Rho Ophiucus Nebula
I4605 163012.5 -250653       5  30.0  30.0   0        LBN 1110              
I4606 163136.0 -260300 10.0  5  60.0  40.0   0        LBN 1107              
I4607 163015.8 +243428 16.0  8   0.4   0.3   0                              
I4607 163016.1 +243416 17.0  8   0.2   0.1  95                              
I4608 164654.1 -772921 14.2  8   0.9   0.8  80  58968 ESO 43-4              
I4609 163301.5 +224753 15.3  8   0.8   0.8   0  58489 MCG 4-39-14           
I4610 163339.2 +391527 16.0  8   0.6   0.2  40  58499 KUG 1632+393A         
I4611 163342.1 +391108 16.0  8   0.5   0.5   0  58498 MCG 7-34-112          
I4612 163349.7 +391548 15.2  8   0.6   0.6   0  58505 MCG 7-34-113          
I4613 163709.1 +360710       0   0.0   0.0   0                              
I4614 163747.2 +360653 15.4  8   0.8   0.6  83  58641 MCG 6-36-57           
I4615 163753.8 +360423 14.0  8   2.0   1.2 140  58644 NGC 6196              
I4616 163759.8 +355945 15.5  8   1.3   0.5  37  58655 NGC 6197              
I4617 164208.1 +364103 16.0  8   1.2   0.4  32                              
I4618 165750.0 -765933 12.7  8   1.7   1.3 118  59325 ESO 43-9              
I4619 164411.1 +174532 14.9  8   0.5   0.5   0  58871 ZWG 110.5             
I4620 164830.0 +191820 15.6  8   0.5   0.3 100  59034 MCG 3-43-4            
I4621 165051.1 +084703 14.8  8   0.9   0.7 122  59104 UGC 10576             
I4622 165204.3 -161417       0   0.0   0.0   0                              
I4623 165105.4 +223139 15.4  8   0.7   0.2 120  59115 MCG 4-40-3            
I4624 165133.5 +172656 15.5  8   0.4   0.4   0  59131 ZWG 110.13            
I4625 165258.8 +022411 13.8  8   2.1   1.0  20  59186 NGC 6240              
I4626 165320.7 +022016       1   0.0   0.0   0                              
I4627 165408.6 -073809 15.5  8   0.8   0.3  50 165701 IRAS16514-0733        
I4628 165700.0 -402000       5  90.0  60.0   0        ESO 332-EN14          
I4629 165612.0 -164300       0   0.0   0.0   0                              
I4630 165509.5 +263948 14.7  8   0.8   0.5   6  59257 UGC 10607             
I4631 171059.0 -773600       0   0.0   0.0   0                              
I4632 165838.2 +225526       0   0.0   0.0   0                              
I4633 171347.1 -773209 13.7  8   4.0   3.0 145  59884 ESO 44-3              
I4634 170133.6 -214932 10.7  6   0.4   0.0   0        PK 0+12.1             
I4635 171540.4 -772921 14.8  8   3.0   0.7 165  59959 ESO 44-5              
I4636 165904.2 +471204       3   0.0   0.0   0                              
I4637 170510.4 -405305 13.6  6   0.4   0.0   0        PK 345+0.1            
I4638 170113.6 +333050 15.6  8   0.8   0.8   0  59446 MCG 6-37-21           
I4639 170254.7 +225550 16.5  8   0.4   0.3 170        NPM1G +22.0562        
I4640 172357.8 -800348 14.2  8   0.9   0.8  90  60209 ESO 24-1              
I4641 172410.7 -800850 13.8  8   1.3   1.3   0  60221 ESO 24-2              
I4642 171145.3 -552358 13.4  6   0.4   0.0   0        PK 334-9.1            
I4643 170832.7 +422021 14.2  8   1.8   1.1 115  59681 NGC 6301              
I4644 172435.8 -735619 14.9  8   1.9   0.4 134  60234 ESO 44-11             
I4645 171443.0 +430615 15.7  8   0.4   0.4   0  59915 ZWG 225.80            
I4646 172353.4 -600001 12.6  8   2.8   1.7   0  60208 ESO 138-23            
I4647 172604.2 -801142 14.3  8   1.6   0.8   3  60280 ESO 24-5              
I4648 171610.3 +435145       1   0.0   0.0   0                              
I4649 171550.0 +572201 15.7  8   1.0   0.2 142  59962 IC 1252               
I4650 171551.9 +571855       1   0.0   0.0   0                              
I4651 172442.0 -495500       3  10.0   0.0   0        OCL 987               
I4652 172626.5 -594342 14.2  8   0.8   0.4  10  60290 ESO 138-25            
I4653 172707.0 -605245 13.2  8   1.1   0.6  52  60311 ESO 138-28            
I4654 173707.9 -742252 13.9  8   1.6   1.1 102  60582 ESO 44-15             
I4655 173435.8 -604317       3   0.6   0.0   0                              
I4656 173744.1 -634347 13.7  8   2.3   0.6  90  60595 ESO 102-10            
I4657 173248.0 -173100       5   0.0   0.0   0        CED 146               
I4658 173609.0 -593524       0   0.0   0.0   0                              
I4659 173412.0 -175600       0   0.0   0.0   0                              
I4660 172145.0 +755055 14.4  8   1.3   0.3 170  60124 UGC 10848             
I4661 175102.4 -740158 12.9  8   1.6   1.2  31  60990 ESO 44-21             
I4662 174708.5 -643831 11.7  8   3.2   1.9 105  60851 ESO 102-14            
I4662A175136.6 -645734 14.5  8   1.4   0.8  44  61002 ESO 102-16            
I4663 174528.7 -445416 13.1  6   0.3   0.0   0        PK 346-8.1            
I4664 174858.8 -631514 13.6  8   1.8   1.0 114  60907 ESO 102-15            
I4665 174612.0 +054300       3  70.0   0.0   0        OCL 85                
I4666 174602.3 +554633       1   0.0   0.0   0                              
I4667 174624.0 +555300       0   0.0   0.0   0                              
I4668 174657.4 +572407       0   0.0   0.0   0                              
I4669 174712.8 +612602 14.9  8   0.7   0.3  94  60856 UGC 10992             
I4670 175507.0 -214439 13.1  6   0.1   0.0   0        PK 7+1.1              
I4671 175505.5 -101705       3   0.0   0.0   0                              
I4672 180214.8 -624956 15.3  8   0.9   0.4  43  61307 ESO 102-21            
I4673 180318.4 -270622 12.9  6   0.2   0.0   0        PK 3-2.3              
I4674 180813.3 -622342 14.9  8   1.1   0.4  89  61445 ESO 140-1             
I4675 180311.3 -090140       0   0.0   0.0   0                              
I4676 180253.0 +114923 15.6  8   0.3   0.3   0  61317 ZWG 84.13             
I4677 175815.7 +663802 15.7  6   1.1   0.7  60        MCG 11-22-17          
I4678 180633.4 -235716       5   0.0   0.0   0        ESO 521-N*26          
I4679 181124.2 -561513 13.5  8   2.2   0.9  99  61522 ESO 182-5             
I4680 181329.5 -642834 13.9  8   1.7   0.8  75  61598 ESO 103-9             
I4681 180908.6 -232609       5   3.0   2.0   0        IC 4684               
I4682 181625.9 -713455 13.3  8   2.3   1.6 144  61669 ESO 71-5              
I4683 180842.0 -261400       0   0.0   0.0   0                              
I4684 180908.6 -232609       5   3.0   2.0   0        IC 4681               
I4685 180917.4 -235914       3  15.0  10.0   0        OCL 22                
I4686 181338.7 -574356 14.7  8   0.6   0.5 125  61601 ESO 140-9             
I4687 181339.4 -574332 14.3  8   0.9   0.5  54  61602 ESO 140-10            
I4688 180811.9 +114243 14.4  8   1.5   1.1 164  61441 UGC 11125             
I4689 181340.3 -574454 15.1  8   0.9   0.3 143  61604 ESO 140-11            
I4690 181651.7 -194641       5   5.0   3.0   0        NGC 6589              
I4691 180845.6 +114944 15.5  8   0.8   0.6 170  61456 ZWG 84.19             
I4692 181450.0 -584139 14.3  8   1.8   0.9   0  61638 ESO 140-13            
I4693 180910.8 +172052       1   0.0   0.0   0                              
I4694 181527.2 -581230 13.8  8   2.3   0.9  18  61647 ESO 140-14            
I4695 181723.8 -585532       1   0.0   0.0   0                              
I4696 182018.0 -644358 13.5  8   2.4   0.9  77  61750 ESO 103-13            
I4697 181227.0 +252538 15.2  8   0.9   0.2   0  61560 MCG 4-43-13           
I4698 182100.0 -632051 15.3  8   1.3   0.3  39  61762 ESO 103-15            
I4699 181832.0 -455900 11.9  6   0.2   0.0   0        PK 348-13.1           
I4700 181704.8 -195158  7.0  5  11.0   0.0   0        NGC 6595              
I4701 181600.0 -164400       5  60.0  40.0   0        LBN 56                
I4702 182303.9 -591420 14.0  8   1.5   1.0 151  61810 ESO 140-20            
I4703 181836.0 -135800       5  35.0  28.0   0        LBN 67                Star Queen Nebula
I4704 182753.7 -713633 13.1  8   1.5   1.2 165  61906 ESO 71-11             
I4705 182810.4 -714135 13.8  8   1.2   0.8  48  61914 ESO 71-12             
I4706 181942.0 -160100       5   3.5   3.5   0        CED 160A              
I4707 181954.0 -160000       5   3.5   3.5   0        CED 160B              
I4708 181346.1 +610925 15.4  8   0.3   0.3   0  61605 ZWG 301.24            
I4709 182419.4 -562207 14.4  8   1.1   0.6   4  61835 ESO 182-14            
I4710 182838.8 -665859 12.5  8   3.6   2.8   5  61922 ESO 103-22            
I4711 182802.0 -645654       0   0.0   0.0   0                              
I4712 183106.7 -714138 13.1  8   2.3   1.2  60  61981 ESO 71-14             
I4713 182958.9 -671328 14.3  8   1.1   0.9 105  61956 ESO 103-23            
I4714 183055.7 -663910 15.1  8   1.3   0.3 176  61976 ESO 103-24            
I4715 182634.8 -182326       3   0.0   0.0   0        ESO 591-**1           
I4716 183245.0 -565743 16.0  8   0.6   0.4  97  62013 ESO 183-1             
I4717 183317.1 -575830 14.2  8   1.6   0.3  93  62024 ESO 140-24            
I4718 183350.0 -600743 13.8  8   1.3   0.6 116  62048 ESO 140-26            
I4719 183311.7 -564358 13.6  8   1.4   1.0 116  62022 ESO 183-2             
I4720 183332.7 -582417 13.6  8   2.6   0.9 163  62030 ESO 140-25            
I4721 183424.7 -582950 12.5  8   5.2   1.5 146  62066 ESO 140-27            
I4721A183426.9 -583201 14.5  8   0.5   0.5   0  62067                       
I4722 183431.3 -574736 13.7  8   1.6   1.2  55  62071 ESO 140-28            
I4723 183556.2 -632236 14.7  8   0.6   0.6   0  62099 ESO 103-27            
I4724 183840.3 -700732 15.1  8   0.8   0.4 159  62183 ESO 71-19             
I4725 183146.7 -190654       3  26.0   0.0   0                        M  25 
I4726 183658.5 -625115 14.7  8   0.9   0.8  23  62133 ESO 103-32            
I4727 183755.8 -624201 14.1  8   1.1   1.1   0  62165 ESO 103-33            
I4728 183757.0 -623151 14.3  8   2.0   0.7 173  62166 ESO 103-34            
I4729 183956.3 -672534 13.4  8   1.6   1.3 150  62218 ESO 103-40            
I4730 183850.3 -632101 14.5  8   1.4   0.7 152  62192 ESO 103-38            
I4731 183842.7 -625636 12.8  8   1.5   0.7  82  62187 ESO 103-37            
I4732 183354.6 -223839 13.3  6   0.2   0.0   0        PK 10-6.1             
I4733 182646.0 +645819 18.0  8   0.1   0.1   0                              
I4734 183825.4 -572926 14.2  8   1.3   0.8  94  62175 ESO 140-33            
I4735 183950.0 -625721 15.5  8   0.7   0.6  39  62213 ESO 103-41            
I4736 183839.8 -575335 14.6  8   1.0   0.9 117  62181 ESO 140-34            
I4737 183958.4 -623550 15.0  8   0.8   0.7 108  62222 ESO 103-42            
I4738 184027.3 -615406 15.3  8   1.2   0.6 150  62234 ESO 140-35            
I4739 184051.7 -615404 15.2  8   1.0   0.8  85  62246 ESO 140-36            
I4740 184300.5 -682136 15.3  8   0.9   0.9   0  62306 ESO 71-20             
I4741 184143.6 -635651 13.8  8   1.4   0.9  35  62269 ESO 103-47            
I4742 184152.2 -635142 13.1  8   1.7   1.4  20  62270 ESO 103-48            
I4743 184129.3 -614619 14.9  8   0.8   0.4  97  62262 ESO 140-37            
I4744 184155.1 -631324 15.3  8   0.6   0.3  85  62271 ESO 103-50            
I4745 184235.7 -645635 13.9  8   2.2   0.9 179  62292 ESO 103-52            
I4746 184555.0 -724016 16.0  8   0.5   0.5   0  62371 ESO 45-14             
I4747 184557.7 -723747 14.9  8   1.1   0.2  72  62372 ESO 45-15             
I4748 184245.9 -640420 14.3  8   0.8   0.8   0  62299 ESO 103-53            
I4749 184249.4 -631232 14.3  8   0.7   0.7   0  62300 ESO 103-54            
I4750 184302.4 -625816 15.1  8   1.1   0.4 112  62308 ESO 103-55            
I4751 184319.5 -620642 14.1  8   1.0   0.7   3  62317 ESO 140-40            
I4752 184347.7 -640454 15.5  8   0.7   0.7   0  62323 ESO 103-57            
I4753 184333.0 -620628 14.1  8   0.7   0.6   5  62319 ESO 140-41            
I4754 184400.4 -615921 14.4  8   1.3   1.2 122  62331 ESO 140-42            
I4755 184500.9 -634130 15.1  8   1.3   0.3  95  62349 ESO 103-58            
I4756 183854.0 +052600       3  40.0   0.0   0        OCL 94                
I4757 184356.0 -571003 14.6  8   0.9   0.4  57  62327 ESO 183-9             
I4758 184618.0 -654524 14.2  8   1.1   0.9 140  62381 ESO 103-62            
I4759 184541.2 -630511 15.4  8   0.9   0.6  10  62367 ESO 103-60            
I4760 184545.9 -625729 15.1  8   0.8   0.8   0  62369 ESO 103-61            
I4761 184355.5 -525112 13.9  8   1.6   1.3 115  62326 ESO 183-10            
I4762 183228.7 +675130       1   0.0   0.0   0                              
I4763 183330.4 +670813 14.1  8   0.4   0.3  90  62029 UGC 11288             
I4764 184707.6 -632904 14.7  8   1.3   0.3 127  62396 ESO 104-4             
I4765 184718.1 -631952 12.3  8   3.5   1.9 115  62407 ESO 104-6             
I4766 184735.6 -631732 14.2  8   1.2   0.4 110  62421 ESO 104-9             
I4767 184741.8 -632419 14.4  8   1.5   0.5  30  62427 ESO 104-10            
I4768 184149.2 -053154       3   0.0   0.0   0                              
I4769 184744.0 -630926 14.1  8   1.9   1.2 130  62428 ESO 104-11            
I4770 184810.3 -632301 15.5  8   0.8   0.6  65  62439 ESO 104-13            
I4771 184823.8 -631452 15.2  8   1.1   0.5 178  62445 ESO 104-15            
I4772 183956.4 +400137 14.9  8   0.4   0.3   0  62217 MCG 7-38-14           
I4773 185121.5 -695534 14.4  8   1.6   0.9 137  62498 ESO 72-2              
I4774 184810.4 -575608 14.5  8   1.1   1.0 114  62438 ESO 141-5             
I4775 184826.3 -571101 14.7  8   1.6   0.3  17  62447 ESO 183-14            
I4776 184550.7 -332032 11.7  6   0.3   0.0   0        PK 2-13.1             
I4777 184811.1 -530849 14.6  8   0.9   0.7 128  62440 ESO 183-13            
I4778 185000.4 -614309 14.1  8   1.2   0.9  37  62472 ESO 141-6             
I4779 185030.4 -630047 14.9  8   0.9   0.8 121  62480 ESO 104-17            
I4780 184956.5 -591513 14.9  8   0.8   0.6  99  62470 ESO 141-7             
I4781 185137.7 -624734 15.2  8   0.9   0.5   2  62505 ESO 104-18            
I4782 185054.4 -552928 14.7  8   1.4   0.2  99  62495 ESO 183-18            
I4783 185133.5 -584848 14.6  8   1.1   1.0   0  62502 ESO 141-8             
I4784 185248.0 -631534 13.7  8   1.4   1.1  90  62527 ESO 104-20            
I4785 185255.2 -591518 13.0  8   3.1   1.4 140  62528 ESO 141-9             
I4786 185244.8 -564142 15.9  8   0.8   0.2 178  62526 ESO 183-24            
I4787 185603.9 -684057 14.6  8   1.3   1.1 167  62579 ESO 72-4              
I4788 185440.9 -632709 16.0  8   1.6   0.2  12  62555 ESO 104-21            
I4789 185618.4 -683402 14.0  8   1.5   0.7 174  62582 ESO 72-5              
I4790 185632.2 -645542 14.0  8   1.2   0.7  57  62590 ESO 104-23            
I4791 184901.2 +191954 15.8  8   0.5   0.5   0                              
I4792 185542.0 -562414 15.0  8   1.2   0.3 156  62573 ESO 183-26            
I4793 185655.7 -612359 14.5  8   1.2   0.5 120  62599 ESO 141-12            
I4794 185709.7 -620525 14.1  8   0.9   0.5  25  62605 ESO 141-13            
I4795 185716.7 -613632 15.8  8   1.1   0.2  70  62608 ESO 141-14            
I4796 185627.9 -541248 13.3  8   1.6   1.0 140  62588 ESO 183-28            
I4797 185629.8 -541817 12.3  8   2.1   1.1 146  62589 ESO 183-29            
I4798 185821.0 -620704 13.2  8   1.5   0.8 108  62630 ESO 141-15            
I4799 185856.9 -635550 14.0  8   1.5   1.1  30  62643 ESO 104-27            
I4800 185843.5 -630821 13.1  8   1.8   1.0 164  62637 ESO 104-25            
I4801 185938.3 -644029 13.6  8   1.8   1.0  90  62655 ESO 104-28            
I4802 185507.2 -224151       3   0.0   0.0   0                              
I4803 190051.1 -620340 15.7  8   1.2   0.4  10  62681 ESO 141-17            
I4803 190054.8 -620339 16.0  8   0.7   0.3 140  62684 ESO 141-17A           
I4803 190039.5 -620354 15.6  8   0.8   0.4   5  62677 ESO 141-17B           
I4804 190107.5 -614959 14.8  8   1.2   1.0 147  62685 ESO 141-18            
I4805 190201.4 -630251 14.9  8   1.3   0.4  21  62693 ESO 104-30            
I4806 190130.7 -573157 13.2  8   2.3   0.6   9  62689 ESO 141-20            
I4807 190217.8 -565548 14.2  8   1.0   0.6   7  62696 ESO 183-37            
I4808 190107.5 -451851 13.0  8   2.0   0.8  45  62686 ESO 282-3             
I4809 190405.3 -621139 15.1  8   1.0   0.6  14  62733 ESO 141-22            
I4810 190300.1 -560937 13.8  8   3.5   0.4 136  62706 ESO 184-2             
I4811 190544.5 -670803 15.8  8   0.6   0.5   0  62760 ESO 104-34            
I4812 190103.5 -370337       5  10.0   7.0   0        ESO 396-*N12          
I4813 190541.8 -663122 14.5  8   1.4   1.1  35  62758 ESO 104-35            
I4814 190459.4 -583447 14.3  8   1.1   0.4  93  62749 ESO 141-23            
I4815 190650.8 -614204 14.4  8   0.8   0.6 162  62778 ESO 141-26            
I4816 190144.4 -130850 17.0  8   0.2   0.1  60                              
I4817 190612.6 -560933 14.5  8   1.6   0.5  12  62771 ESO 184-10            
I4818 190602.9 -550810 15.4  8   1.5   0.3  78  62766 ESO 184-9             
I4819 190707.5 -592802 14.1  8   2.9   0.3 125  62782 ESO 141-27            
I4820 190913.5 -632756 14.8  8   1.3   0.9 110  62824 ESO 104-39            
I4821 190932.2 -550059 13.6  8   1.8   0.7   4  62830 ESO 184-17            
I4822 191445.6 -722628 15.0  8   0.7   0.3  75  62952 ESO 45-19             
I4823 191216.0 -635833 14.7  8   1.1   0.8  20  62894 ESO 104-45            
I4823 191214.0 -635901 15.5  8   0.5   0.4   0  62891 ESO 104-45A           
I4824 191314.1 -620519 16.8  8   1.7   1.0 103  62918 ESO 141-33            
I4825 191715.7 -724456 15.6  8   0.4   0.3   0  63014 ESO 45-20             
I4826 191221.3 -571209 14.5  8   1.4   0.8  45  62897 ESO 184-27            
I4827 191321.1 -605134 13.3  8   2.8   0.5 166  62922 ESO 141-34            
I4828 191340.6 -620456 14.8  8   1.1   0.5  68  62930 ESO 141-36            
I4829 191233.7 -563224 14.7  8   1.9   0.4  23  62902 ESO 184-31            
I4830 191348.4 -591740 13.0  8   1.7   1.3  28  62934 ESO 141-37            
I4831 191444.1 -621619 12.5  8   3.5   0.9 111  62951 ESO 141-38            
I4832 191403.9 -563635 13.8  8   2.2   0.5 144  62938 ESO 184-39            
I4833 191541.4 -621945 14.7  8   0.7   0.5  99  62980 ESO 141-40            
I4834 191631.1 -640023 14.8  8   1.1   0.5 125  62996 ESO 104-47            
I4835 191527.4 -581415 14.7  8   0.8   0.6 166  62970 ESO 141-41            
I4836 191618.1 -601200 13.3  8   1.5   1.4  12  62990 ESO 141-43            
I4837 191514.2 -543943 13.0  8   2.1   1.0   8  62963 ESO 184-46            
I4837A191515.9 -540759 12.6  8   4.1   0.7 165  62964 ESO 184-47            
I4838 191646.3 -613650 14.2  0   1.3   0.5  64  63002 ESO 141-45            
I4839 191533.9 -543735 13.2  8   2.2   1.6 147  62975 ESO 184-48            
I4840 191551.8 -561231 14.3  8   1.1   0.7 131  62983 ESO 184-49            
I4841 192042.8 -721335 14.9  8   1.0   0.7 130  63092 ESO 72-14             
I4842 191924.5 -603839 13.4  8   1.5   0.8  20  63065 ESO 141-52            
I4843 191921.6 -591833 15.1  8   1.3   0.2  89  63064 ESO 141-53            
I4844 191902.7 -560137 14.0  8   1.4   1.0 164  63056 ESO 184-54            
I4845 192022.1 -602320 12.4  8   1.5   1.0  87  63081 ESO 141-54            
I4846 191628.3 -090235 12.7  6   0.2   0.0   0        PK 27-9.1             
I4847 192331.7 -653023 15.0  8   0.9   0.6 159  63160 ESO 104-49            
I4848 192254.5 -564650 14.9  8   0.7   0.5  32  63152 ESO 184-61            
I4849 192535.8 -625558 14.5  8   1.1   0.5 116  63192 ESO 104-54            
I4850 192024.0 -000800       1   0.0   0.0   0                              
I4851 192529.4 -574015 14.2  8   1.6   0.6  13  63189 ESO 142-3             
I4852 192625.7 -602010 13.6  8   1.5   1.3 178  63204 ESO 142-6             
I4853 193047.2 -710413 14.9  8   1.1   0.3 169  63304 ESO 72-16             
I4854 192721.2 -591854 13.8  8   1.3   1.2  28  63223 IC 4855               
I4855 192721.2 -591854 13.8  8   1.3   1.2  28  63223 IC 4854               
I4856 192730.5 -545431 14.5  8   1.3   0.6  33  63226 ESO 184-69            
I4857 192839.1 -584605 13.8  8   1.8   1.2  35  63256 IC 4858               
I4858 192839.1 -584605 13.8  8   1.8   1.2  35  63256 IC 4857               
I4859 193046.7 -661849 14.8  8   1.1   0.6  35  63302 ESO 104-58            
I4860 193127.2 -672205 14.7  8   1.0   0.8 141  63326 ESO 105-1             
I4861 192916.6 -573434 15.5  8   1.1   0.3  29  63274 ESO 142-15            
I4862 193140.1 -671922 14.6  8   1.4   0.4   3  63334 ESO 105-3             
I4863 192751.5 -361302       1   0.0   0.0   0        ESO 398-**1           
I4864 194006.0 -773326 14.9  8   1.5   0.4 176  63494 ESO 25-13             
I4865 193052.4 -464153       3   0.0   0.0   0                              
I4866 193434.8 -610845 13.9  8   1.5   1.1 163  63376 ESO 142-21            
I4867 192631.9 +500733 14.3  8   1.2   0.7  17  63207 IC 1301               
I4868 193333.4 -455332  9.4  1   0.0   0.0   0                              
I4869 193602.4 -610141 13.6  8   1.1   1.0  76  63398 ESO 142-25            
I4870 193737.7 -654840 14.5  8   1.6   0.9 136  63432 ESO 105-11            
I4871 193542.2 -573108 14.0  8   3.5   0.4   6  63395 IC 4872               
I4872 193542.2 -573108 14.0  8   3.5   0.4   6  63395 IC 4871               
I4873 193454.6 -460810 15.0  8   1.2   0.8  25  63382 ESO 283-8             
I4874 193621.4 -471557 14.8  8   1.2   0.7  60  63403 ESO 283-11            
I4875 193738.7 -520431 14.5  8   0.7   0.4  73  63433 ESO 232-12            
I4876 193742.5 -525035 14.3  8   1.3   0.9 120  63434 ESO 185-4             
I4877 193755.8 -515929 14.6  8   1.3   0.2  82  63443 ESO 232-14            
I4878 193849.8 -581338 15.1  8   1.5   0.4  41  63467 ESO 142-29            
I4879 193936.8 -522208 14.5  8   0.9   0.4  80  63480 ESO 232-16            
I4880 194030.8 -562435 14.3  8   1.7   0.4 116  63508 ESO 185-10            
I4881 194026.1 -555127 14.6  8   0.9   0.5 156  63506 ESO 185-8             
I4882 194023.3 -551147 14.6  8   1.0   0.8 165  63505 ESO 185-9             
I4883 194200.6 -553243 14.6  8   1.4   0.5 163  63537 ESO 185-11            
I4884 194241.2 -580743 14.7  8   1.3   0.4 166  63546 ESO 142-33            
I4885 194351.8 -603905 14.6  8   1.9   0.4 113  63577 ESO 142-36            
I4886 194314.5 -514826 14.2  8   1.4   0.7 107  63555 ESO 232-18            
I4887 194821.0 -693513 14.2  8   1.0   0.8  95  63681 ESO 73-9              
I4888 194452.2 -542723 14.7  8   1.0   0.7  93  63609 ESO 185-12            
I4889 194515.0 -542037 12.1  8   2.2   1.5   0  63620 IC 4891               
I4890 194535.4 -563241 14.7  8   1.1   0.9  75  63631 ESO 185-16            
I4891 194515.0 -542037 12.1  8   2.2   1.5   0  63620 IC 4889               
I4892 194931.6 -701340 15.4  8   1.6   0.3   3  63709 ESO 73-11             
I4893 195032.9 -723036 16.2  8   0.5   0.4   0  63726 ESO 46-4              
I4894 194658.8 -515048 14.6  8   0.9   0.6 175  63662 ESO 232-25            
I4895 194456.6 -144823  9.3  8  15.4  14.2   5  63616 NGC 6822              
I4896 194905.0 -585853 15.4  8   0.9   0.6   7  63698 ESO 142-45            
I4897 194919.6 -515204 15.6  8   0.8   0.5 117  63703 ESO 233-1             
I4898 194749.1 -331932       0   0.0   0.0   0                              
I4899 195426.3 -703523 14.5  8   1.0   0.7   9  63799 ESO 73-15             
I4900 195022.0 -512045 16.2  8   0.7   0.2 177  63718 ESO 233-2             
I4900 195023.4 -512027 17.0  8   0.3   0.2  90  63719 ESO 233-2A            
I4901 195423.5 -584248 12.3  8   3.8   2.7 126  63797 ESO 142-50            
I4902 195424.1 -562246 16.1  8   0.7   0.3  16  63798 ESO 185-24            
I4903 195813.4 -702712 15.2  8   1.4   0.4 177  63897 ESO 73-16             
I4904 195839.0 -701104 14.8  8   1.0   0.8  62  63913 ESO 73-17             
I4905 195606.2 -611315 15.9  8   1.4   0.3 117  63828 ESO 142-55            
I4906 195647.7 -602807 13.0  8   1.6   0.9  69  63849 ESO 142-57            
I4907 195613.1 -522713 16.1  8   0.5   0.4   0  63831 ESO 185-28            
I4908 195656.6 -554728 15.0  8   0.6   0.6   0  63855 ESO 185-30            
I4909 195645.4 -500319 14.6  8   0.9   0.4  83  63848 ESO 233-8             
I4910 195747.2 -565148 15.6  8   0.5   0.4 125  63879 ESO 185-33            
I4911 195741.7 -515911 16.1  8   0.6   0.5 135  63877 ESO 233-9             
I4912 200649.7 -772127 15.5  8   1.1   0.4  41  64115 ESO 25-16             
I4913 195647.5 -371943 14.0  8   1.1   0.7 130  63850 ESO 399-5             
I4914 195756.5 -500752 15.9  8   0.5   0.4   0  63885 ESO 233-11            
I4915 195831.9 -523833 14.8  8   1.0   0.7 103  63909 ESO 185-38            
I4916 195819.2 -501619 14.4  8   0.7   0.5   7  63902 ESO 233-13            
I4917 195854.8 -521623 15.3  8   0.8   0.7   0  63923 ESO 233-15            
I4917 195848.3 -521635 16.0  8   0.5   0.2 125        AM 1955-522           
I4918 195913.2 -521630 16.1  8   0.5   0.3 110  63929 ESO 233-16            
I4919 200009.1 -552226 15.0  8   1.5   0.7  31  63956 ESO 185-43            
I4920 200008.7 -532303 16.6  8   0.6   0.3  38  63957 ESO 185-44            
I4921 200319.3 -674933 15.3  8   0.7   0.4 134  64037 ESO 73-20             
I4922 195929.3 -402159       0   0.0   0.0   0                              
I4923 200057.2 -523755 14.5  8   1.0   0.9  87  63984 ESO 185-45            
I4924 195949.4 -413258       0   0.0   0.0   0                              
I4925 200109.9 -525200 16.4  8   0.9   0.2 165  63991 ESO 185-46            
I4926 200012.2 -383441 13.7  8   1.2   1.0  40  63961 ESO 339-18            
I4927 200149.4 -535506 15.1  8   1.2   0.4 165  64000 ESO 185-48            
I4928 201011.9 -771833 16.5  8   0.7   0.2  24  64198 ESO 46-6              
I4929 200642.6 -714052 14.3  8   1.4   0.4  19  64108 ESO 73-22             
I4930 200224.3 -541837       0   0.0   0.0   0                              
I4931 200050.1 -383430 12.9  8   2.4   2.0 127  63976 ESO 339-23            
I4932 200215.5 -525048 15.5  8   0.8   0.5   5  64012 ESO 185-49            
I4933 200328.8 -545848 13.0  8   1.9   1.7   0  64042 ESO 185-55            
I4934 200714.6 -692849 14.9  8   1.6   0.4  30  64133 ESO 73-23             
I4935 200434.0 -573555 14.0  8   1.7   0.4 177  64064 ESO 143-3             
I4936 200552.3 -612542 14.6  8   1.5   0.8  10  64088 ESO 143-6             
I4937 200517.4 -561522 14.9  8   1.9   0.4   3  64074 ESO 185-60            
I4938 200611.6 -601240 13.4  8   1.3   1.1  29  64096 ESO 143-7             
I4939 200711.1 -604418 15.1  8   1.3   0.6 158  64131 ESO 143-8             
I4940 200543.4 -444229       0   0.0   0.0   0                              
I4941 200658.5 -533910 15.5  8   0.9   0.7   0  64124 ESO 185-66            
I4942 200649.3 -523637 16.3  8   0.7   0.4 130  64114 ESO 185-65            
I4943 200628.2 -482233 13.6  8   1.4   1.1  38  64102 ESO 233-28            
I4944 200709.1 -542648 14.6  8   1.0   0.4   6  64129 ESO 185-67            
I4945 201117.1 -710046 14.8  8   1.2   0.3 178  64222 NGC 6876A             
I4946 202358.0 -435943 12.6  8   2.4   1.0  68  64614 ESO 285-7             
I4947 200731.8 -530834 15.1  8   0.8   0.6  84  64138 ESO 185-69            
I4948 202427.9 -433911 11.8  8   5.6   3.9 153  64632 NGC 6902              
I4949 200719.4 -482210 12.1  8   3.0   2.0 140  64136 NGC 6861              
I4950 200827.3 -560943 15.2  8   1.3   0.4  39  64159 ESO 185-70            
I4951 200931.7 -615101 14.0  8   2.7   0.5 176  64181 ESO 143-10            
I4952 200837.6 -552712 14.0  8   1.3   0.6   8  64163 ESO 186-1             
I4953 201000.0 -624731 15.7  8   0.6   0.4  69  64193 ESO 105-27            
I4954 200445.0 +291512       5   3.0   3.0   0        LBN 153               
I4955 200453.0 +291124       5   5.0   5.0   0        LBN 153               
I4956 201131.1 -453535 13.3  8   1.7   1.6  14  64230 ESO 284-23            
I4957 200935.7 -554232 15.3  8   0.9   0.6   1  64183 ESO 186-3             
I4958 201535.2 -724241 16.0  8   0.3   0.3   0  64370 ESO 46-7              
I4959 201052.1 -530605       0   0.0   0.0   0                              
I4960 201524.0 -703213 14.5  8   1.1   0.3 166  64363 ESO 73-28             
I4961 201128.7 -530732 15.1  8   1.5   0.5  90  64229 ESO 186-8             
I4962 201642.1 -710748 16.2  8   1.1   0.2 155  64402 ESO 73-30             
I4963 201205.5 -551444 14.3  8   1.0   0.5 160  64255 ESO 186-10            
I4964 201723.9 -735307 15.0  8   1.3   0.7 162  64432 ESO 46-8              
I4965 201227.3 -564934 14.6  8   1.0   1.0   0  64272 ESO 186-11            
I4966 201216.4 -533711       1   0.0   0.0   0                              
I4967 201623.0 -703351 14.8  8   0.7   0.6  90  64396 ESO 73-29             
I4968 201450.0 -644754 15.0  8   0.8   0.6  44  64345 ESO 106-1             
I4969 201256.1 -535514 15.1  8   0.7   0.7   0  64288 ESO 186-13            
I4970 201657.4 -704458 14.6  8   0.7   0.2   6  64415 ESO 73-33             
I4971 201703.0 -703713 16.1  8   0.8   0.3   4  64417 ESO 73-31             
I4972 201743.0 -705449 15.4  8   1.2   0.2  15  64436 ESO 73-34             
I4973 201434.1 -582218 15.8  8   0.7   0.5 107  64337 ESO 143-15            
I4974 201526.2 -615126 15.2  8   0.5   0.5   0  64366 ESO 143-16            
I4974 201527.2 -615146 15.5  8   0.5   0.4 110  64361 ESO 143-16            
I4975 201402.9 -524320 14.3  8   1.1   1.0   0  64325 ESO 186-17            
I4976 201541.3 -615230 15.6  8   0.9   0.4  64  64374 ESO 143-17            
I4977 201153.8 -213815       0   0.0   0.0   0        ESO 596-?2            
I4978 201437.8 -542518 15.4  8   0.7   0.3  89  64338 ESO 186-18            
I4979 201441.9 -532731 15.0  8   1.1   0.9   4  64342 ESO 186-19            
I4980 201528.9 -575445 14.2  8   1.5   0.7 122  64367 ESO 143-18            
I4981 201939.1 -705054 14.4  8   1.0   0.3 135  64486 ESO 73-38             
I4982 202021.0 -710025 15.2  8   0.7   0.3  49  64498 ESO 73-39             
I4983 201605.5 -520514 14.3  8   1.0   0.9  42  64382 ESO 233-48            
I4984 201617.5 -524212 15.4  8   0.9   0.5 116  64388 ESO 186-23            
I4985 202044.1 -705912 14.9  8   0.8   0.6  66  64505 ESO 73-40             
I4986 201711.4 -550209 14.2  8   2.0   0.9  20  64423 ESO 186-26            
I4987 201719.3 -521646 15.2  8   1.0   0.8  57  64428 ESO 233-52            
I4988 202153.1 -612327       0   0.0   0.0   0                              
I4989 201923.7 -583306 15.3  8   1.1   0.3 154  64476 ESO 143-19            
I4990 202125.4 -665326 15.7  8   0.8   0.4  23  64520 ESO 106-3             
I4991 201746.0 -413503       0   0.0   0.0   0                              
I4992 202327.0 -713355 14.5  8   2.3   0.2  58  64597 ESO 73-42             
I4993 202156.3 -665907 15.7  8   0.5   0.5   0  64541 ESO 106-4             
I4994 201944.3 -532649 13.9  8   0.7   0.7   0  64489 ESO 186-33            
I4995 201959.0 -523718 14.3  8   0.9   0.6 153  64491 ESO 186-34            
I4996 201632.0 +373900       3   7.0   0.0   0        OCL 158               
I4997 202008.8 +164356 11.6  6   0.2   0.0   0        PK 58-10.1            
I4998 202210.6 -381831 14.0  8   1.6   1.2 105  64546 IC 5018               
I4999 202356.3 -260053 13.5  8   1.8   1.1  95  64613 ESO 527-21            
I5000 202221.6 +062547 14.8  8   1.4   0.5  63  64552 NGC 6901              
I5001 202620.2 -544628 15.2  8   1.1   0.5   5  64681 ESO 186-42            
I5002 202640.0 -544757 14.2  8   1.2   0.8  92  64695 ESO 186-44            
I5003 202510.8 -295226       0   0.0   0.0   0                              
I5004 202522.3 -305212       0   0.0   0.0   0                              
I5005 202520.0 -254944 13.6  8   1.9   1.6  67  64657 ESO 528-4             
I5006 202342.6 +062806       1   0.0   0.0   0                              
I5007 202535.1 -294222       0   0.0   0.0   0                              
I5008 203244.7 -724140 15.5  8   1.1   0.4  79  64929 ESO 47-1              
I5009 203234.4 -721003 14.4  8   1.2   0.6  90  64923 ESO 74-1              
I5010 203026.5 -660551 15.9  8   0.7   0.3   0  64836 ESO 106-6             
I5011 202833.8 -360138 12.7  8   2.4   1.3  19  64772 MCG -6-45-4           
I5012 202932.0 -564436 15.3  8   1.1   0.5  70  64802 ESO 186-53            
I5013 202834.9 -360233 15.0  8   0.7   0.6 172  64773 MCG -6-45-3           
I5014 203515.6 -732709 14.4  0   0.5   0.5   0  65015 ESO 47-2              
I5015 202834.5 -314205       0   0.0   0.0   0                              
I5016 203537.3 -725441 15.8  8   0.6   0.6   0  65025 ESO 47-3              
I5017 203203.9 -573514 15.0  8   1.0   0.6   5  64902 ESO 143-29            
I5018 202210.6 -381831 14.0  8   1.6   1.2 105  64546 IC 4998               
I5019 203052.0 -361918       0   0.0   0.0   0                              
I5020 203038.4 -332908 13.0  8   2.9   2.0 153  64845 ESO 400-34            
I5021 203334.3 -543117 15.0  0   0.8   0.6   2  64960 ESO 186-61            
I5022 204106.3 -762659 15.5  8   0.9   0.6 142  65186 ESO 47-5              
I5023 203810.0 -671104 14.2  8   1.4   0.5 118  65109 ESO 106-8             
I5024 204009.5 -710630 14.9  8   0.9   0.8 101  65160 ESO 74-3              
I5025 204459.6 -765904 15.4  8   1.5   0.3 108  65304 ESO 47-10             
I5026 204827.6 -780408 15.5  8   2.3   0.3  76  65426 ESO 26-6              
I5027 204108.9 -552821 15.3  8   0.5   0.5   0  65188 ESO 186-74            
I5028 204322.2 -653849 15.2  8   1.2   1.0   0  65250 ESO 106-10            
I5029 204314.0 -295107 13.3  8   2.1   0.6 156  65249 IC 5039               
I5030 204334.3 -294211 13.2  8   1.7   1.2  31  65258 IC 5041               
I5031 204520.2 -673221 13.5  8   0.7   0.4  31  65314 ESO 74-8A             
I5032 204522.1 -673305 13.5  8   0.7   0.4 156  65317 ESO 74-8              
I5033 204355.1 -572004 15.3  8   1.0   0.5  45  65272 ESO 144-1             
I5034 204341.7 -570148 14.7  8   1.5   0.7  22  65261 ESO 187-10            
I5035 204414.5 -570739 15.9  8   0.7   0.3 128  65285 ESO 187-11            
I5036 204437.4 -573735 16.3  8   0.8   0.3 118  65296 ESO 144-2             
I5037 204539.3 -582659 15.3  8   1.0   0.2 159  65327 ESO 144-3             
I5038 204651.3 -650100 13.4  8   1.4   0.7  75  65365 ESO 106-12            
I5039 204314.0 -295107 13.3  8   2.1   0.6 156  65249 IC 5029               
I5040 205219.5 -764111 15.2  8   0.8   0.6   6  65615 ESO 47-14             
I5041 204334.3 -294211 13.2  8   1.7   1.2  31  65258 IC 5030               
I5042 204746.1 -650501 13.3  8   1.2   0.8  43  65394 ESO 106-13            
I5043 204638.4 -565901 16.4  8   0.6   0.3  20  65355 ESO 187-14            
I5044 205041.4 -715356 15.5  8   0.6   0.4  90  65515 ESO 74-10             
I5045 205050.2 -715435 15.3  8   0.7   0.4  75  65525 ESO 74-11             
I5046 204314.0 -295107 13.3  8   2.1   0.6 156  65249 IC 5029               
I5047 204334.3 -294211 13.2  8   1.7   1.2  31  65258 IC 5030               
I5048 205140.6 -714802 15.8  8   0.6   0.5   0  65570 ESO 74-12             
I5049 204723.4 -382447 15.1  8   0.8   0.5 168  65377 ESO 341-14            
I5049 204723.8 -382505 14.6  8   1.0   0.8   0  65378 ESO 341-14A           
I5050 204515.0 -053723 14.3  8   1.3   0.9  75  65310 MCG -1-53-5           
I5051 205222.9 -714720 15.6  8   0.6   0.4  45  65618 ESO 74-14             
I5052 205207.1 -691219 11.3  8   5.9   0.9 143  65603 ESO 74-15             
I5053 205336.0 -710830 13.7  8   1.6   0.6  55  65662 ESO 74-18             
I5054 205345.2 -710129 13.9  8   2.0   0.4   5  65665 ESO 74-19             
I5055 205257.6 -682641 15.1  8   0.7   0.4  20  65643 ESO 74-17             
I5056 204912.8 -391324 15.3  8   0.6   0.4  20  65452 ESO 341-16            
I5057 204713.4 +001919       1   0.0   0.0   0                              
I5058 204720.5 +002903 15.0  8   0.6   0.4  66  65376 NGC 6965              
I5059 205113.5 -574119 15.5  8   0.8   0.5  13  65539 ESO 144-6             
I5060 205446.2 -713814 15.5  8   1.0   0.2  80  65695 ESO 74-21             
I5061 204737.2 +002012       1   0.0   0.0   0                              
I5062 204810.3 -082132       1   0.0   0.0   0                              
I5063 205202.0 -570410 12.9  8   2.1   1.4 116  65600 ESO 187-23            
I5064 205238.1 -571357 14.3  8   1.0   0.7  57  65634 ESO 187-28            
I5065 205145.8 -295050 14.6  8   1.1   0.9 148  65580 ESO 463-30            
I5066 205703.1 -730851 15.1  8   0.7   0.7   0  65768 ESO 47-18             
I5067 205048.0 +442100  8.0  5  25.0  10.0   0        LBN 353               
I5068 205048.0 +423100       5  40.0  30.0   0        LBN 328               
I5069 210010.3 -714838 14.2  8   0.9   0.9   0  65870 ESO 74-22             
I5070 205048.0 +441100  8.0  5  60.0  50.0   0        LBN 350               Pelican Nebula
I5071 210119.9 -723835 13.3  8   3.4   0.8  15  65915 ESO 47-19             
I5072 210156.5 -725917 15.6  8   0.8   0.4 104  65938 ESO 47-20             
I5073 210319.7 -724116 14.9  8   1.2   1.0  20  65992 ESO 47-21             
I5074 210100.6 -630912 14.6  8   0.8   0.6 166  65902 ESO 107-1             
I5075 210437.5 -715205 14.6  8   1.1   0.4 149  66040 ESO 74-23             
I5076 205554.0 +472500       5   9.0   7.0   0        LBN 394               
I5077 210854.0 -733826 15.7  8   0.6   0.6   0  66197 ESO 47-23             
I5078 210231.2 -164906 13.6  8   4.1   0.8  85  65960 MCG -3-53-21          
I5079 210530.0 -561454       0   0.0   0.0   0                              
I5080 210233.0 +191251 15.4  8   0.5   0.4  45  65956 ZWG 448.31            
I5081 210301.2 +191121 15.5  8   0.3   0.2  80  65971 ZWG 448.32            
I5082 210439.4 -122016 14.0  8   1.9   1.0  36  66039 NGC 7010              
I5083 210351.5 +114550 15.2  8   0.5   0.5   0  66011 ZWG 425.38            
I5084 210914.4 -631723 12.8  8   1.6   1.0 137  66208 ESO 107-7             
I5085 211327.6 -740611 15.3  8   0.6   0.6   0  66370 ESO 47-25             
I5086 210832.0 -294608 13.7  8   1.3   1.3   0  66179 ESO 464-25            
I5087 211421.8 -734625 15.0  8   0.7   0.4 104  66391 ESO 47-26             
I5088 210926.7 -225241 14.5  8   1.2   1.1   0  66219 ESO 530-10            
I5089 211054.4 -035144 16.0  8   0.7   0.3  35        NPM1G -04.0559        
I5090 211130.6 -020155 14.4  8   1.2   0.5  26  66299 UGC 11691             
I5091 211737.1 -703910 15.9  8   0.5   0.4   0  66505 ESO 74-27             
I5092 211614.2 -642754 12.7  8   2.9   2.3   8  66452 ESO 107-17            
I5093 211846.4 -703720 16.0  8   0.7   0.3 125  66543 ESO 75-1              
I5094 211749.4 -662540 14.5  8   1.0   0.6 148  66515 ESO 107-18            
I5095 211722.0 -595651 15.4  8   0.9   0.4  70  66498 ESO 145-2             
I5096 211821.5 -634539 13.3  8   3.2   0.5 148  66530 ESO 107-19            
I5097 211457.8 +042908       1   0.0   0.0   0                              
I5098 211501.3 +042939       1   0.0   0.0   0                              
I5099 212149.1 -705858 15.4  8   0.7   0.4   7  66633 ESO 75-3              
I5100 212143.4 -655559 14.6  8   1.9   0.4 114  66628 ESO 107-24            
I5101 212155.9 -655009 14.0  8   1.3   0.9   0  66636 ESO 107-25            
I5102 212613.4 -731836 14.8  8   0.9   0.7 124  66751 ESO 47-30             
I5103 212913.4 -740410 15.0  8   0.8   0.5  33  66841 ESO 47-31             
I5104 212129.3 +211429 14.3  8   1.6   0.4 173  66622 UGC 11731             
I5105 212421.9 -403218 12.6  8   1.9   1.3  40  66694 ESO 342-39            
I5105A212530.8 -401628 13.5  8   2.1   1.1 103  66723 ESO 342-43            
I5105B212600.2 -405006 13.7  8   1.3   0.5  65  66740 ESO 342-46            
I5106 212837.9 -705005 13.8  8   1.4   0.9 143  66824 ESO 75-9              
I5107 212814.8 -654407 15.2  8   1.0   0.4   5  66813 ESO 107-29            
I5108 213251.1 -723933 15.1  8   1.2   0.4 101  66944 ESO 48-25             
I5109 213342.7 -740642 14.7  8   0.9   0.7 174  66963 ESO 48-1              
I5110 213043.5 -600007 14.1  0   1.4   1.1  49  66878 ESO 145-7             
I5111 212810.9 +022828 15.3  8   0.7   0.6  27  66811 MCG 0-54-21           
I5112 212929.3 +064657       1   0.0   0.0   0                              
I5113 212939.6 +064906       1   0.0   0.0   0                              
I5114 213407.7 -363914 13.4  8   2.1   1.7  78  66972 NGC 7091              
I5115 213057.1 +114549 15.7  8   0.4   0.3  90  66882 ZWG 426.60            
I5116 213705.2 -705859 13.9  8   1.6   1.2  15  67055 ESO 75-18             
I5117 213231.0 +443550 13.3  6   0.2   0.0   0        PK 89-5.1             
I5118 214213.9 -712256 15.5  8   1.1   0.3  48  67202 ESO 75-20             
I5119 213355.9 +215015 15.4  8   0.9   0.2 150  66969 UGC 11766             
I5120 213848.2 -642101 14.2  8   2.0   0.6 102  67093 NGC 7096A             
I5121 214119.1 -635430 12.8  8   1.8   1.6 130  67168 NGC 7096              
I5122 213945.8 -222422 15.8  8   0.6   0.3  45  67123 ESO 531-14            
I5123 214449.3 -722514 14.5  8   1.5   0.5  18  67283 ESO 48-6              
I5124 213955.2 -222536 16.4  8   0.4   0.1 129  67127 ESO 531-16            
I5125 214150.3 -524624 14.1  8   0.7   0.7   0  67187 ESO 188-16            
I5126 214028.6 -062045 15.7  8   0.5   0.5   0                              
I5127 213946.4 +061358       0   0.0   0.0   0                              
I5128 214311.7 -385805 14.1  8   1.1   0.7 135  67232 ESO 343-22            
I5129 214746.5 -652315 15.3  8   0.7   0.6   0  67363 ESO 108-3             
I5130 215024.7 -735951 14.5  8   1.9   0.6 109  67445 ESO 48-8              
I5131 214725.3 -345304 13.3  8   1.0   1.0   0  67352 ESO 403-27            
I5132 214240.1 +661006       5   0.0   0.0   0        LBN 497               
I5133 214247.1 +661052       5   0.0   0.0   0        LBN 1181              
I5134 214258.6 +660608       5   7.5   0.0   0        CED 196               
I5135 214819.3 -345710 13.0  8   1.6   1.5 105  67387 NGC 7130              
I5136 214850.4 -333909       0   0.0   0.0   0                              
I5137 215137.9 -653459       0   0.0   0.0   0                              
I5138 215321.5 -685710 14.0  8   0.9   0.5 128  67585 ESO 75-34             
I5139 215025.6 -305942 13.3  8   2.1   1.0  27  67447 ESO 466-11            
I5140 215415.8 -671952 15.2  8   2.0   0.3 136  67613 ESO 75-37             
I5141 215317.1 -592935 13.5  8   1.7   1.3  30  67580 ESO 145-22            
I5142 215520.1 -653037 14.5  8   1.6   0.8  72  67640 ESO 108-6             
I5143 215609.8 -493119 13.2  8   2.3   2.0   4  67663 NGC 7155              
I5144 215409.4 +150214 15.3  8   0.6   0.5   0  67614 MCG 2-55-27           
I5145 215422.9 +150923 14.4  8   1.6   0.9 170  67619 UGC 11844             
I5146 215324.0 +471600       5  10.0  10.0   0        OCL 213               Cocoon Nebula
I5147 215926.2 -652659 15.1  8   1.2   0.6  30  67787 ESO 108-9             
I5148 215935.1 -392306 12.9  6   2.2   0.0   0        IC 5150               
I5149 215858.9 -272452 14.5  8   1.2   0.5  32  67770 ESO 466-27            
I5150 215935.1 -392306 12.9  6   2.2   0.0   0        IC 5148               
I5151 215852.8 +034546 15.4  8   0.4   0.3  10  67768 ZWG 403.11            
I5152 220241.9 -511746 11.1  8   5.0   3.2 100  67908 ESO 237-27            
I5153 220023.6 +175149       1   0.0   0.0   0                              
I5154 220429.6 -660651 15.0  4   0.5   0.3 175  67984 ESO 108-10            
I5155 220206.2 +002918       1   0.0   0.0   0                              
I5156 220314.5 -335013 13.0  8   2.2   0.8 175  67932 ESO 404-25            
I5157 220327.0 -345629 13.0  8   1.3   1.3   0  67941 ESO 404-26            
I5158 220624.9 -673103 15.2  8   0.9   0.6  54  68038 ESO 75-55             
I5159 220240.5 +002129       1   0.0   0.0   0                              
I5160 220304.8 +105531 15.4  8   1.1   0.8  22  67929 UGC 11884             
I5161 220538.9 +093826 15.2  8   0.4   0.2  10  68016 ZWG 403.22            
I5162 220802.9 -524249 15.1  8   0.9   0.3 114  68108 ESO 189-25            
I5163 220546.4 +270500       1   0.0   0.0   0                              
I5164 220558.3 +270251       1   0.0   0.0   0                              
I5165 221006.9 -643442 14.8  8   1.3   0.4  45  68196 ESO 108-15            
I5166 220612.0 +270248       3   0.0   0.0   0                              
I5167 220730.2 -080814       1   0.0   0.0   0                              
I5168 220845.5 -275124 15.5  8   1.3   0.3 144  68133 ESO 467-11            
I5169 221010.0 -360520 13.8  8   1.9   0.5  22  68198 ESO 404-36            
I5170 221229.6 -471317 13.4  8   1.8   0.8  26  68284 ESO 237-46            
I5171 221056.6 -460455 13.4  8   3.1   0.5 158  68223 ESO 288-46            
I5172 220955.4 +124904 15.6  8   0.4   0.2  90  68190 ZWG 428.39            
I5173 221444.5 -692157 15.2  8   1.4   0.3  73  68380 ESO 76-8              Southern Integral Galaxy
I5173A221438.3 -692203 15.8  8   0.3   0.2  70  68379 ESO 76-8A             
I5174 221244.5 -381018 15.0  8   2.1   1.1   1  68292 ESO 344-13            
I5175 221248.2 -380738 15.0  8   1.4   0.5  94  68296 ESO 344-14            
I5176 221455.0 -665100 13.5  8   4.4   0.5  28  68389 ESO 108-20            
I5177 221134.3 +114743 14.8  8   1.6   0.8  25  68244 UGC 11939             
I5178 221233.2 -225716 14.7  8   1.1   0.8  88  68287 ESO 532-31            
I5179 221609.0 -365041 12.3  8   2.4   1.2  57  68455 IC 5183               
I5180 221112.0 +385536 14.6  8   1.0   0.8 120  68234 UGC 11938             
I5181 221321.6 -460105 12.5  8   2.5   0.9  74  68317 ESO 289-1             
I5182 221605.0 -652717 15.3  8   0.7   0.4 140  68452 ESO 108-22            
I5183 221609.0 -365041 12.3  8   2.4   1.2  57  68455 IC 5179               
I5184 221609.0 -365041 12.3  8   2.4   1.2  57  68455 IC 5179               
I5185 221743.8 -655127 14.9  8   0.5   0.4  68  68513 ESO 108-24            
I5186 221846.5 -364806 12.6  8   1.8   1.2 106  68548 ESO 405-7             
I5187 221818.0 -593626 14.7  8   0.5   0.5   0  68536 ESO 146-16            
I5188 221826.2 -593826 13.8  8   1.3   1.1  65  68539 ESO 146-17            
I5189 221614.2 -050017       1   0.0   0.0   0                              
I5190 221900.9 -595258 14.8  8   1.2   0.7 138  68556 ESO 146-18            
I5191 221502.4 +371801 15.0  8   1.1   0.2  65  68399 UGC 11963             
I5192 221514.1 +371615 16.0  8   0.3   0.3   0  68407 MCG 6-48-22           
I5193 221543.5 +371436 15.5  8   0.3   0.3   0  68436 MCG 6-48-26           
I5194 221708.0 -155645       0   0.0   0.0   0                              
I5195 221541.5 +371810 16.4  8   0.3   0.3   0  68435 ZWG 513.23            
I5196 222011.3 -652417 15.4  8   1.3   0.1 100  68591 ESO 108-25            
I5197 221949.4 -600811 15.0  8   1.1   0.5  30  68584 ESO 146-19            
I5198 221742.6 -153412 15.4  8   1.5   0.8 162  68512 NGC 7246              
I5199 221932.9 -373203 15.0  8   1.5   0.2 155  68574 ESO 344-20            
I5200 222215.6 -654559 16.0  8   0.7   0.4 125  68660 ESO 108-26            
I5201 222057.5 -460205 11.5  8   8.5   3.9  33  68618 ESO 289-18            
I5202 222255.3 -654809 14.7  8   1.3   0.6 127  68707 ESO 108-27            
I5203 222234.3 -594624 14.7  8   1.3   0.7  42  68684 ESO 146-20            
I5204 222042.0 -142400       0   0.0   0.0   0                              
I5205 222247.7 -594712 16.0  8   0.8   0.4   0  68700 ESO 146-21            
I5206 222404.5 -665128 15.3  8   0.9   0.6  20  68762 ESO 108-28            
I5207 222329.2 -603356 15.2  8   1.5   0.9   0  68738 ESO 146-22            
I5208 222434.1 -651339 14.8  8   1.6   0.2  64  68788 ESO 108-29            
I5209 222309.1 -375937 15.6  8   0.6   0.5 125  68722 ESO 345-4             
I5210 222231.1 -185209 14.0  8   1.2   1.1   0  68674 ESO 602-12            
I5211 222242.9 -185247 14.7  8   1.0   0.6 160  68695 ESO 602-14            
I5212 222330.2 -380216 14.6  8   1.1   0.7  42  68739 ESO 345-6             
I5213 222504.9 -602834 15.8  8   0.6   0.5   0  68809 ESO 146-23            
I5214 222243.4 -272120 15.2  8   1.0   0.2  55  68694 MCG -5-52-67          
I5215 222658.0 -655858 15.7  8   0.6   0.5  10  68888 ESO 109-3             
I5216 222442.7 -180546       0   0.0   0.0   0                              
I5217 222355.7 +505803 12.6  6   0.2   0.0   0        PK 100-5.1            
I5218 222805.8 -602341 15.1  8   1.3   0.5  22  68927 ESO 146-26            
I5219 222844.1 -655337 15.9  8   0.8   0.5  20  68955 ESO 109-4             
I5220 222802.4 -594322 15.1  8   1.1   0.3 111  68925 ESO 146-25            
I5221 222857.9 -655415 15.9  8   0.5   0.4   0  68967 ESO 109-5             
I5222 222954.7 -653941 13.5  8   1.9   1.3  93  68993 ESO 109-6             
I5223 222944.7 +075921 15.4  8   1.0   0.3   0  68988 UGC 12055             
I5224 223030.0 -455945 14.4  8   1.5   0.4 167  69011 ESO 289-31            
I5225 223207.8 -252353 13.5  8   2.0   1.2  47  69088 NGC 7294              
I5226 223145.4 -243934       0   0.0   0.0   0                              
I5227 223403.6 -644152 14.0  8   1.4   1.0 177  69170 ESO 109-8             
I5228 223223.9 -140715 13.3  8   1.8   1.1  97  69094 NGC 7302              
I5229 223450.3 -612252 15.1  8   0.7   0.7   0  69217 ESO 147-1             
I5230 223540.2 -613250 15.1  8   1.1   0.4  41  69249 ESO 147-2             
I5231 223400.6 +232021 15.5  8   1.0   0.9  69  69166 MCG 4-53-4            
I5232 223738.3 -685217 15.4  8   0.7   0.3   3  69358 ESO 76-20             
I5233 223633.0 +254549 14.7  8   1.0   0.8  19  69290 UGC 12106             
I5234 224011.4 -654929 15.3  8   1.0   0.4 147  69446 ESO 109-11            
I5235 224125.6 -663449 13.5  8   0.5   0.4  90  69497 ESO 109-13            
I5236 224130.4 -663704 15.4  8   0.8   0.4  63  69503 ESO 109-14            
I5237 224217.9 -300327 13.0  8   3.9   1.0   4  69539 NGC 7361              
I5238 224129.9 -604528 15.8  8   0.8   0.3  60  69501 ESO 147-4             
I5239 224045.0 -380236       0   0.0   0.0   0                              
I5240 224152.1 -444601 12.6  8   2.8   1.8 100  69521 ESO 290-2             
I5241 224138.5 +023823 14.7  8   1.0   0.8  21  69504 UGC 12152             
I5242 224115.1 +232425 14.7  8   0.8   0.8   0  69487 UGC 12148             
I5243 224124.5 +232232 14.6  8   0.7   0.6  30  69495 UGC 12153             
I5244 224413.5 -640235 13.7  8   3.0   0.4 178  69620 ESO 109-15            
I5245 224456.6 -652127 15.1  8   0.8   0.7   0  69645 ESO 109-16            
I5246 224639.5 -645352 14.7  8   1.0   0.6 151  69696 ESO 109-19            
I5247 224649.9 -651625 15.0  8   1.3   0.4 124  69700 ESO 109-20            
I5248 224442.0 -002100       0   0.0   0.0   0                              
I5249 224706.4 -644950 14.3  8   3.6   0.4  14  69707 ESO 109-21            
I5250A224717.2 -650338 12.1  8   3.1   3.0   0  69713 ESO 109-22            
I5250B224721.9 -650331 12.2  8   3.0   2.9   0  69714 ESO 109-22A           
I5251 224510.7 +110930       1   0.0   0.0   0                              
I5252 224808.8 -685410 13.8  8   1.2   0.8 172  69744 ESO 76-25             
I5253 224529.0 +214829 15.5  8   0.9   0.3 163  69659 UGC 12180             
I5254 224600.6 +210732 15.6  8   0.7   0.4  85  69680 ZWG 453.5             
I5255 224548.0 +361400       0   0.0   0.0   0                              
I5256 224945.6 -684125 14.6  8   1.1   0.5  19  69820 ESO 76-28             
I5257 225216.4 -672509 15.2  8   0.7   0.4  13  69885 ESO 76-29             
I5258 225131.5 +230452 14.1  8   1.2   0.9 105  69869 UGC 12217             
I5259 225248.0 +364300       0   0.0   0.0   0                              
I5260 225418.6 -391853 13.8  8   1.5   0.8   2  69964 NGC 7404              
I5261 225425.2 -202148 13.9  8   1.5   1.3  59  69969 ESO 603-26            
I5262 225520.5 -335317 14.3  8   1.3   0.8 130  70007 ESO 406-20            
I5262 225522.3 -335341 15.2  8   0.5   0.4   0  70010 MCG -6-50-10          
I5263 225813.6 -690306 14.2  8   1.4   0.3 146  70137 ESO 76-32             
I5264 225652.7 -363316 13.5  8   2.4   0.5  82  70081 ESO 406-29            
I5265 225710.4 -362745 11.0  8   5.2   1.8  40  70090 IC 1459               
I5266 225821.0 -650745 14.7  8   1.6   0.4  33  70142 ESO 109-29            
I5267 225713.7 -432345 11.4  8   5.2   3.9 140  70094 ESO 290-29            
I5267A225556.3 -432603 13.8  8   2.2   0.8 172  70036 ESO 290-26            
I5267B225657.0 -434537 12.8  8   1.8   0.8 106  70085 ESO 290-27            
I5268 225616.2 +363606       3   0.0   0.0   0                              
I5269 225743.4 -360136 13.4  8   1.7   0.8  51  70110 ESO 406-32            
I5269A225555.6 -362052 14.2  8   1.3   0.9  35  70039 ESO 406-23            
I5269B225636.5 -361500 13.4  8   4.0   0.7  96  70070 ESO 406-26            
I5269C230048.2 -352211 14.2  8   2.1   0.9  66  70253 ESO 406-41            
I5270 225755.0 -355128 13.0  8   3.2   0.6 103  70117 ESO 406-33            
I5271 225801.6 -334432 11.6  8   2.6   0.9 138  70128 ESO 406-34            
I5272 225931.2 -651134 14.8  8   1.2   0.8  33  70188 ESO 109-30            
I5273 225926.7 -374219 11.9  8   2.6   1.7  56  70184 ESO 346-22            
I5274 225827.6 +185509 14.9  8   0.8   0.8   0  70149 UGC 12275             
I5275 225839.2 +185145       1   0.0   0.0   0                              
I5276 225839.8 +184912 15.1  8   0.7   0.3  45  70157 ZWG 453.35            
I5277 230159.4 -651153 15.3  8   0.5   0.5   0  70294 ESO 109-31            
I5278 230015.9 -081043 15.8  8   1.2   0.4  85  70232 MCG -1-58-14          
I5279 230302.6 -691236 14.3  8   1.3   0.8  27  70335 ESO 77-1              
I5280 230350.0 -651227 15.1  8   1.4   0.5   4  70372 ESO 109-33            
I5281 230203.4 +270311 14.4  8   1.5   0.5  26  70299 NGC 7466              
I5282 230248.2 +215228 15.0  8   1.4   0.6 173  70323 UGC 12325             
I5283 230317.7 +085338 15.0  8   0.7   0.4 135  70350 MCG 1-58-26           
I5284 230646.3 +190717 14.9  8   1.0   0.2 141  70492 UGC 12364             
I5285 230658.9 +225613 13.7  8   1.6   1.2 100  70497 UGC 12365             
I5286 230956.0 -681512 16.2  8   0.9   0.2 114  70595 ESO 77-5              
I5287 230920.3 +004525 14.8  8   1.1   1.0 138  70575 UGC 12393             
I5288 231144.3 -680539 14.8  8   1.1   0.8  60  70662 ESO 77-6              
I5289 231117.2 -322705 14.3  5   1.1   0.8  23  70645 ESO 407-8             
I5290 231253.1 -232808 14.0  8   1.3   0.8  66  70705 ESO 535-8             
I5291 231339.6 +091430 15.7  8   0.3   0.3   0  70729 ZWG 406.22            
I5292 231347.1 +134113 15.5  8   0.6   0.6   0  70740 ZWG 431.20            
I5293 231444.6 +250828 15.4  8   0.4   0.2 175  70792 ZWG 475.49            
I5294 231610.6 -423505 11.4  8   3.4   2.7   1  70884 NGC 7552              
I5295 231529.1 +250716 15.7  8   0.7   0.5   0  70839 ZWG 475.52            
I5296 231543.7 +250539 15.4  8   0.9   0.6  25  70847 UGC 12460             
I5297 231558.4 +250133 15.6  8   0.3   0.3   0  70875 ZWG 475.55            
I5298 231600.6 +253326 15.0  8   0.7   0.6 108  70877 MCG 4-54-38           
I5299 231619.1 +205121 15.8  8   0.4   0.3  10                              
I5300 231634.1 +204943 15.7  8   0.5   0.3 130  70898 ZWG 454.18            
I5301 231858.8 -693345 15.4  8   1.4   0.6  87  71040 ESO 77-12             
I5302 231936.6 -643408 15.0  8   1.2   0.3  23  71082 ESO 110-9             
I5303 231754.8 +001553       1   0.0   0.0   0                              
I5304 231852.5 -101532 14.4  8   1.4   0.9  12  71028 MCG -2-59-11          
I5305 231806.1 +101801 15.3  8   0.4   0.3 141  70987 MCG 2-59-21           
I5306 231811.3 +101445 15.6  8   0.7   0.3  80  70992 MCG 2-59-22           
I5307 231821.9 +101411 17.1  8   0.4   0.3  60        NPM1G +09.0600        
I5308 231920.8 -421529 12.2  8   4.4   1.4  57  71066 NGC 7599              
I5309 231911.7 +080636 14.5  8   1.4   0.6  23  71051 UGC 12498             
I5310 232047.7 -220856 15.8  8   0.5   0.5   0  71146 ESO 605-1             
I5311 232033.6 +171528       1   0.0   0.0   0                              
I5312 232058.2 +191907 15.2  8   0.4   0.3  99  71152 MCG 3-59-41           
I5313 232200.9 -422849 13.1  8   2.4   1.2  92  71213 NGC 7632              
I5314 232108.5 +191843 15.7  8   0.5   0.5   0  71160 MCG 3-59-42           
I5315 232118.2 +252309 14.6  8   0.7   0.6 138  71174 UGC 12541             
I5316 232154.0 +211211 16.3  8   0.3   0.3   0        NPM1G +20.0602        
I5317 232328.7 +210948 15.1  8   1.0   0.7  21  71296 ZWG 454.58            
I5318 232406.9 -115137 14.7  8   0.9   0.6 135  71338 NGC 7646              
I5319 232448.9 +135949 16.1  8   0.3   0.3   0        NPM1G +13.0568        
I5320 232821.8 -674536 15.2  8   0.6   0.5 135  71530 ESO 77-21             
I5321 232620.0 -175724 14.0  8   1.3   0.8  43  71430 ESO 605-7             
I5322 232830.8 -674538 15.1  8   0.7   0.5  83  71536 ESO 77-22             
I5323 232737.1 -674855 14.0  8   1.6   1.1 160  71489 ESO 77-19             
I5324 232817.6 -674916 14.0  8   1.1   1.0  37  71526 ESO 77-20             
I5325 232843.1 -412001 11.8  8   2.8   2.5   8  71548 ESO 347-18            
I5326 232935.2 -284953 14.9  8   1.0   0.4 117  71581 ESO 470-11            
I5327 233047.5 -132907 14.1  8   1.4   1.0 170  71631 IC 1495               
I5328 233316.3 -450056 12.3  8   2.4   1.5  40  71730 ESO 291-29            
I5328A233313.6 -450129 14.7  8   0.5   0.2 151  71724 ESO 291-28            
I5328B233358.8 -451232 15.0  8   1.7   0.5 169  71760 ESO 291-30            
I5329 233309.7 +211413 15.5  8   1.7   0.2 111  71731 UGC 12660             
I5330 233325.8 -025206       1   0.0   0.0   0                              
I5331 233324.9 +210748 15.1  8   1.0   0.3  18  71740 UGC 12662             
I5332 233427.4 -360605 11.1  8   8.9   8.2 159  71775 ESO 408-9             
I5333 233452.3 -652346 14.3  8   1.6   0.3  87  71800 NGC 7697              
I5334 233436.4 -043202 14.1  8   1.8   0.6 127  71784 MCG -1-60-8           
I5335 233547.2 -672347 15.1  8   1.1   0.5 135  71846 ESO 77-25             
I5336 233618.7 +210558 16.0  8   0.3   0.2  45                              
I5336 233620.4 +210548 16.0  8   0.3   0.2 130                              
I5337 233625.1 +210901 15.3  8   0.8   0.1   3  71875 MCG 3-60-12           
I5338 233630.4 +210843 15.0  8   1.0   0.7  30  71884 UGC 12703             
I5339 233805.3 -682630 14.6  8   1.0   0.9 114  71965 ESO 77-26             
I5340 233832.0 -045146       0   0.0   0.0   0                              
I5341 233826.7 +265908 15.7  8   0.3   0.3   0  71981 MCG 4-55-35           
I5342 233838.7 +270043 15.6  8   0.3   0.3   0  71984 MCG 4-55-39           
I5343 233922.4 -222950 15.2  4   0.8   0.6   0  72032 ESO 536-15            
I5344 233916.1 -045830       0   0.0   0.0   0                              
I5345 233932.3 -222448 14.5  8   0.8   0.6 153  72040 ESO 536-16            
I5346 234106.3 +245701 15.5  8   0.4   0.3  90  72105 ZWG 476.110           
I5347 234136.6 +245311 15.5  8   0.3   0.2 135  72130 ZWG 476.113           
I5348 234459.2 -425436 12.9  8   2.2   1.8 105  72300 NGC 7744              
I5349 234622.8 -280018 15.2  8   0.9   0.2  20  72358 ESO 471-11            
I5350 234714.7 -275729 14.4  8   0.9   0.9   0  72396 ESO 471-14            
I5351 234718.9 -021850 14.7  8   0.5   0.4 177  72404 MCG -1-60-32          
I5352 234719.8 -021652 16.6  8   0.3   0.3   0  72405 HCG 97E               
I5353 234728.6 -280632 13.8  8   1.5   1.0 137  72421 ESO 471-17            
I5354 234728.4 -280809 15.0  8   0.6   0.3  71  72416 ESO 471-16            
I5354 234729.7 -280801 16.0  8   0.3   0.2  45  85759 DRCG 54-57            
I5355 234715.2 +324657 14.4  8   1.0   0.6  10  72397 UGC 12781             
I5356 234723.9 -022104 15.0  8   0.7   0.4  33  72409 MCG -1-60-34          
I5357 234723.0 -021802 14.0  8   0.9   0.5 150  72408 MCG -1-60-33          
I5358 234745.1 -280829 13.5  8   2.6   1.1 131  72441 ESO 471-19            
I5358 234743.3 -280837 15.5  8   0.4   0.2  80  72437 DRCG 54-43            
I5359 234737.8 -021902 15.5  8   1.1   0.2 135  72430 MCG -1-60-36          
I5360 234754.1 -370333       0   0.0   0.0   0                              
I5361 235128.8 -132252 14.1  8   1.2   1.2   0  72641 NGC 7761              
I5362 235136.8 -282155 13.8  8   1.3   1.3   0  72648 ESO 471-26            
I5363 235211.1 -283819       0   0.0   0.0   0                              
I5364 235625.2 -290125 14.2  8   0.7   0.7   0  72950 ESO 471-47A           
I5364 235624.0 -290125 16.4  8   0.7   0.4 130  72955 ESO 471-47            
I5365 235711.0 -370007 15.9  8   0.7   0.5 123  73012 ESO 349-11            
I5366 235742.0 +524800       5  30.0   0.0   0        CED 213               
I5367 235838.8 +222659 16.8  8   0.5   0.3  45        NPM1G +22.0730        
I5368 235906.5 +065225 16.3  8   0.3   0.2  10        IC 1523               
I5369 235950.6 +324209 15.2  8   1.0   0.5  85  73190 ZWG 499.27            
I5370 000009.1 +324420 15.0  8   0.8   0.7 117      5 MCG 5-1-18            
I5371 000014.8 +324956 15.7  8   0.5   0.5   0     24 ZWG 499.30            
I5372 000016.3 +324735 15.5  8   0.5   0.5   0        NPM1G +32.0621        
I5373 000029.3 +324655 15.5  8   0.8   0.2 150     36 MCG 5-1-19            
I5374 000104.6 +043000 15.3  8   0.7   0.6  18     79 MCG 1-1-10            
I5375 000104.9 +043231 15.1  8   1.0   0.2   0     80 MCG 1-1-9             
I5376 000119.9 +343133 14.6  8   2.0   0.3   4    102 UGC 12909             
I5377 000205.5 +163526 15.3  8   1.0   0.6 175    156 UGC 12918             
I5378 000237.8 +163839 14.6  8   1.1   0.9   0    177 UGC 1                 
I5378 000237.5 +163906 15.3  8   1.6   1.4 177    178 UGC 1                 
I5379 000240.8 +163603 15.9  8   0.4   0.2  70    185 MCG 3-1-17            
I5380 000249.5 -661112 15.5  8   0.8   0.4 134    188 ESO 78-11             
I5381 000311.1 +155755 14.9  8   1.3   0.3  54    212 UGC 7                 
I5382 000326.3 -651148 15.3  8   0.8   0.7   0    236 ESO 78-13             
I5383 000346.8 +160012       0   0.0   0.0   0                              
