 5062 CEN 13 18 23.6 -35 27 34 8 S0   12.6   2.30   0.7 130     46351                   
 5063 CEN 13 18 25.7 -35 21 13 8 Sa   13.3   2.30   1.8         46357                   
 5064 CEN 13 19 00.0 -47 54 37 8 Sb   12.9   2.40   1.1  38     46409                   
 5065 COM 13 17 30.6 +31 05 30 8 SBcd 14.3   1.30   0.8  90     46293  8356             
 5066 VIR 13 18 28.4 -10 14 04 8 Sa   14.4   0.70   0.5   0     46360                   
 5067 VIR 13 18 27.6 -10 08 43 0 *2                                                     
 5068 VIR 13 18 54.5 -21 02 19 8 SBc  10.5   7.30   6.4 110     46400                   
 5069 VIR 13 18 28.4 -10 14 04 8 Sa   14.4   0.70   0.5   0     46360                   
 5070 VIR 13 19 12.6 -12 32 25 8 E-S0 14.5   1.00   0.7  90     46432                   
 5071 VIR 13 18 37.1 +07 56 08 8 S    15.3   0.40   0.2 160     46375                   
 5072 VIR 13 19 12.6 -12 32 25 8 E-S0 14.5   1.00   0.7  90     46432                   
 5073 VIR 13 19 20.8 -14 50 49 8 SBc  13.1   3.40   0.7 151     46441                   
 5074 CVN 13 18 25.8 +31 28 04 8 Sb   14.5   0.70   0.6         46354                   
 5075 VIR 13 19 06.2 +07 49 52 8 E    14.9   1.00   0.7         46424                   
 5076 VIR 13 19 30.4 -12 44 28 8 S0-a 14.0   1.30   0.7  15     46453                   
 5077 VIR 13 19 31.6 -12 39 26 8 E    12.4   1.90   1.6  10     46456                   
 5078 HYA 13 19 49.8 -27 24 37 8 Sa   12.0  19.50   5.8 148     46490                   
 5079 VIR 13 19 37.9 -12 42 01 8 SBbc 12.8   1.50   0.8  35     46473                   
 5080 VIR 13 19 19.2 +08 25 45 8 E?   14.3   1.20   1.1         46440                   
 5081 COM 13 19 08.3 +28 30 21 8 SBb  14.4   2.20   0.8 103     46427  8366             
 5082 CEN 13 20 39.8 -43 42 03 8 SB0  13.8   1.50   1.0  23     46566                   
 5083 CVN 13 19 03.1 +39 35 20 8 SBc  15.0   1.30   1.1 130     46413  8367             
 5084 VIR 13 20 16.7 -21 49 41 8 S0   11.5  10.60   1.8  80     46525                   
 5085 HYA 13 20 17.5 -24 26 27 8 Sc   13.4   3.50   3.0  38     46531                   
 5086 CEN 13 20 59.3 -43 44 00 0 *2                                                     
 5087 VIR 13 20 24.9 -20 36 41 8 E-S0 12.4   2.50   1.9  10     46541                   
 5088 VIR 13 20 20.2 -12 34 22 8 Sbc  13.4   2.70   0.7 178     46535                   
 5089 COM 13 19 39.4 +30 15 18 8 SBc  14.2   1.70   0.8 120     46477  8371             
 5090 CEN 13 21 12.7 -43 42 20 8 E    12.5   2.70   2.2         46618                   
 5091 CEN 13 21 17.9 -43 43 15 8 Sb   13.9   1.80   0.5 130     46626                   
 5092 COM 13 19 51.6 +22 59 58 8 E    14.5   1.00   1.0         46493  8376             
 5093 CVN 13 19 37.8 +40 23 09 8 Sa   14.6   1.40   0.7 143     46472  8373             
 5094 VIR 13 20 46.8 -14 04 53 8 S    14.2   1.10   0.8 105     46580                   
 5095 VIR 13 20 36.8 -02 17 23 8 S0-a 14.7   1.20   0.4 126     46561  8381             
 5096 CVN 13 20 08.6 +33 05 15 8 S0-a 14.9   1.20   0.9         46506                   
 5097 VIR 13 20 59.6 -12 28 20 8 C    15.0   0.50   0.3  45     46602         
 5098 CVN 13 20 14.7 +33 08 34 8 E    14.6   0.80   0.8         46529                   
 5099 VIR 13 21 19.5 -13 02 32 8 E    14.7   0.60   0.6         46627                   
 5100 VIR 13 20 59.4 +08 58 37 8 S    15.1   0.80   0.5         46599  8389             
 5101 HYA 13 21 46.0 -27 25 53 8 SB0- 11.4   5.70   4.7         46661                   
 5102 CEN 13 21 57.0 -36 37 56 8 E-S0 10.5   8.60   2.7  48     46674                   
 5103 CVN 13 20 30.0 +43 05 02 8 P    13.6   1.40   1.0 143     46552  8388             
 5104 VIR 13 21 22.9 +00 20 32 8 Sa   14.5   1.20   0.4 170     46633  8391             
 5105 VIR 13 21 49.0 -13 12 28 8 SBc  12.8   2.00   1.5 140     46664                   
 5106 VIR 13 20 59.4 +08 58 37 8 S    15.1   0.80   0.5         46599  8389             
 5107 CVN 13 21 24.4 +38 32 16 8 SBcd 13.8   1.70   0.5 128     46636  8396             
 5108 CEN 13 23 18.7 -32 20 33 8 SBbc 15.0   1.20   0.3   2     46774                   
 5109 UMA 13 20 52.6 +57 38 30 8 Sbc  13.7   1.70   0.5 153     46589  8393             
 5110 VIR 13 22 56.4 -12 57 53 8 E-S0 14.3   2.00   1.7 120     46737                   
 5111 VIR 13 22 56.4 -12 57 53 8 E-S0 14.3   2.00   1.7 120     46737                   
 5112 CVN 13 21 56.6 +38 44 05 8 SBc  12.3   4.00   2.9 130     46671  8403             
 5113 UMA 13 20 52.6 +57 38 30 8 Sbc  13.7   1.70   0.5 153     46589  8393             
 5114 CEN 13 24 01.6 -32 20 40 8 E-S0 13.5   1.80   1.0  80     46828                   
 5115 VIR 13 23 00.4 +13 57 02 8 SBc  14.6   1.40   0.7  97     46754  8408             
 5116 COM 13 22 55.7 +26 58 51 8 SBc  13.6   2.00   0.7  40     46744  8410             
 5117 CVN 13 22 56.4 +28 18 54 8 SBc  14.2   2.20   1.0 154     46746  8411             
 5118 VIR 13 23 27.4 +06 23 32 8 SBc  14.4   0.80   0.7 100     46782  8413             
 5119 VIR 13 24 00.3 -12 16 36 8 S?   13.0   1.30   0.4  19     46826                   
 5120 CEN 13 25 40.3 -63 27 29 3 III3 13.0   3.00                             
 5121 CEN 13 24 45.4 -37 40 59 8 Sa   11.6   1.90   1.5  36     46896                   
 5122 VIR 13 24 14.9 -10 39 18 8 S?   13.8   0.90   0.3 115     46848                   
 5123 CVN 13 23 10.4 +43 05 08 8 Sc   13.5   1.30   1.1         46767  8415             
 5124 CEN 13 24 50.2 -30 18 31 8 E    13.1   2.20   0.7   9     46902                   
 5125 VIR 13 24 00.7 +09 42 35 8 Sb   13.4   1.70   1.3 170     46827  8421             
 5126 CEN 13 24 53.4 -30 20 03 8 S0-a 14.1   1.40   0.4  57     46910                   
 5127 CVN 13 23 45.2 +31 33 53 8 E    13.5   2.30   1.7  75     46809  8419             
 5128 CEN 13 25 29.0 -43 01 00 8 S0    7.6  27.60  20.5  35     46957        Centaurus A           
 5129 VIR 13 24 10.0 +13 58 34 8 E    13.0   1.70   1.4  10     46836  8423             
 5130 VIR 13 24 27.2 -10 12 39 8 S    14.5   0.90   0.5  40     46866                   
 5131 CVN 13 23 57.0 +30 59 13 8 Sa   14.4   2.10   0.3  81     46819  8422             
 5132 VIR 13 24 28.9 +14 05 31 8 SB0- 14.1   1.30   0.9  75     46868  8428             
 5133 VIR 13 24 52.9 -04 04 57 8 E-S0 12.6   1.00   0.7  30     46909                   
 5134 VIR 13 25 18.5 -21 08 07 8 SBb  12.2   2.90   2.0 155     46938                   
 5135 HYA 13 25 44.0 -29 50 03 8 SBab 12.8   2.80   2.8         46974                   
 5136 VIR 13 24 51.4 +13 44 15 8 E    15.0   0.30   0.3         46905                   
 5137 VIR 13 24 52.5 +14 04 35 8 S    15.6   0.60   0.3 120     46907                   
 5138 CEN 13 27 16.0 -59 02 00 3 II2p  7.0   7.00                             
 5139 CEN 13 26 47.0 -47 28 53 4 VIII  3.7  36.30                            Omega Centauri 
 5140 CEN 13 26 21.7 -33 52 09 8 E-S0 12.8   2.10   1.7  52     47031                   
 5141 CVN 13 24 51.4 +36 22 42 8 S0   13.8   1.30   1.0  80     46906  8433             
 5142 CVN 13 25 01.2 +36 23 57 8 S0   14.2   1.00   0.7   5     46919  8435             
 5143 CVN 13 25 01.4 +36 26 13 8 SBd  15.6   0.40   0.2  95     46918                   
 5144 UMI 13 22 53.9 +70 30 51 8 Sc/P 13.4   1.20   0.8 150     46742  8420             
 5145 CVN 13 25 13.9 +43 16 00 8 Sb   13.4   2.00   1.8  90     46934  8439             
 5146 VIR 13 26 37.4 -12 19 26 8 E-S0 13.6   1.90   1.3  35     47055                   
 5147 VIR 13 26 19.6 +02 05 59 8 SBd  12.3   1.90   1.6 120     47027  8443             
 5148 VIR 13 26 38.8 +02 18 47 8 SBcd 15.2   0.80   0.8         47060                   
 5149 CVN 13 26 09.1 +35 56 02 8 SBbc 13.7   1.60   0.9 155     47011  8444             
 5150 HYA 13 27 36.4 -29 33 47 8 SBbc 12.7   1.30   1.0 115     47169                   
 5151 COM 13 26 40.8 +16 52 24 8 S    14.8   0.80   0.8         47056                   
 5152 HYA 13 27 51.5 -29 37 11 8 SBb  13.3   2.10   0.7 117     47187                   
 5153 HYA 13 27 54.3 -29 37 06 8 E  M 12.9   2.00   1.4 175     47194                   
 5154 CVN 13 26 28.6 +36 00 36 8 Sc   14.6   1.30   1.3         47041  8447             
 5155 CEN 13 29 35.4 -63 25 29 3 OCL                                                    
 5156 CEN 13 28 44.2 -48 55 02 8 SBab 12.5   2.50   2.0         47283                   
 5157 CVN 13 27 16.8 +32 01 49 8 SBa  14.3   1.30   0.9 140     47131  8455             
 5158 COM 13 27 46.9 +17 46 42 8 SBab 13.7   1.30   1.2         47180  8459             
 5159 VIR 13 28 16.1 +02 58 59 8 Scd  15.0   1.40   0.4 162     47235  8460             
 5160 VIR 13 28 21.6 +05 59 43 0 *2                                                     
 5161 CEN 13 29 13.7 -33 10 30 8 Sc   12.1   5.60   2.3  77     47321                   
 5162 VIR 13 29 25.9 +11 00 26 8 Sc   13.2   3.20   1.7 160     47346  8475             
 5163 UMA 13 26 54.1 +52 45 13 8 E    15.1   1.10   0.7  10     47096  8453             
 5164 UMA 13 27 11.9 +55 29 11 8 SBb  14.5   1.00   0.9         47124  8458             
 5165 VIR 13 28 39.1 +11 23 13 8 S0   14.9   0.80   0.5   0     47281                   
 5166 CVN 13 28 15.0 +32 01 54 8 Sb   14.3   2.30   0.4  67     47234  8463             
 5167 VIR 13 28 40.2 +12 42 39 8 Sc   14.6   0.90   0.9         47277                   
 5168 CEN 13 31 07.2 -60 56 21 3 I3p   9.0   4.00                             
 5169 CVN 13 28 10.0 +46 40 18 8 SBbc 14.4   2.10   0.8 103     47231  8465             
 5170 VIR 13 29 48.8 -17 57 57 8 Sc   12.1   8.20   1.0 127     47396                   
 5171 VIR 13 29 21.6 +11 44 05 8 E-S0 13.9   1.10   0.8  10     47339  8476             
 5172 COM 13 29 19.0 +17 03 04 8 SBbc 12.6   3.40   1.8 103     47330  8477             
 5173 CVN 13 28 25.2 +46 35 30 8 E    13.2   1.00   1.0         47257  8468             
 5174 VIR 13 29 25.9 +11 00 26 8 Sc   13.2   3.20   1.7 160     47346  8475             
 5175 VIR 13 29 26.3 +10 59 42 0 *                                                      
 5176 VIR 13 29 24.9 +11 46 53 8 E  M 15.3   0.40   0.4         47338                   
 5177 VIR 13 29 24.2 +11 47 46 8 S?   15.3   0.70   0.2 135     47337                   
 5178 VIR 13 29 29.3 +11 37 28 8 S0-a 14.9   0.90   0.6  95     47358  8478             
 5179 VIR 13 29 30.8 +11 44 45 8 S?   15.0   0.70   0.4  45     47363                   
 5180 COM 13 29 26.9 +16 49 31 8 S0   14.0   1.40   1.0  25     47352  8479             
 5181 VIR 13 29 41.9 +13 18 14 8 S0   14.9   0.90   0.8         47373                   
 5182 HYA 13 30 41.6 -28 09 03 8 SBbc 13.2   1.90   1.6   5     47489                   
 5183 VIR 13 30 06.1 -01 43 16 8 Sb   13.5   1.90   0.8 122     47432  8485             
 5184 VIR 13 30 11.4 -01 39 51 8 Sbc  13.5   2.00   1.2 135     47438  8487             
 5185 VIR 13 30 02.2 +13 24 56 8 Sb   14.4   1.80   0.7  58     47422  8488             
 5186 VIR 13 30 03.9 +12 10 29 8 S    15.6   0.40   0.3  30     47426                   
 5187 CVN 13 29 48.2 +31 07 46 8 Sb   14.5   1.30   0.8  50     47393                   
 5188 CEN 13 31 27.9 -34 47 44 8 SBbc 12.8   3.00   1.1 104     47549                   
 5189 MUS 13 33 32.9 -65 58 27 6 PN   10.3   2.60                                       
 5190 COM 13 30 38.4 +18 08 02 8 SBb  13.8   1.00   0.8         47482  8500             
 5191 VIR 13 30 47.3 +11 12 03 8 Sb   14.8   0.70   0.4  90     47498                   
 5192 VIR 13 30 51.7 -01 46 46 8 Sa   15.0   0.60   0.3  20     47503                   
 5193 CEN 13 31 53.5 -33 14 07 8 E    12.5   1.90   1.8         47582                   
 5194 CVN 13 29 52.6 +47 11 42 8 Sbc   8.9  10.80   6.6 163  51 47404  8493  Whirlpool Galaxy           
 5195 CVN 13 29 59.2 +47 16 01 8 SB0- 10.5   5.90   4.6  79     47413  8494             
 5196 VIR 13 31 19.6 -01 36 54 8 E-S0 15.2   0.80   0.7  85     47540                   
 5197 VIR 13 31 25.0 -01 41 35 8 S0-a 15.2   0.60   0.3 150     47546                   
 5198 CVN 13 30 11.4 +46 40 13 8 E    12.7   2.00   1.7         47441  8499             
 5199 CVN 13 30 42.7 +34 49 50 8 S0   14.7   0.80   0.8         47492  8504             
 5200 VIR 13 31 42.4 -00 01 49 0 *2                                                     
 5201 UMA 13 29 16.2 +53 04 52 8 S?   14.1   1.70   1.1 145     47324  8480             
 5202 VIR 13 32 00.5 -01 41 57 8 Sb   15.4   1.30   0.3   0     47589                   
 5203 VIR 13 32 13.4 -08 47 13 8 E-S0 13.3   1.80   1.1  88     47610                   
 5204 UMA 13 29 36.1 +58 25 04 8 Sm   11.7   5.00   3.0   5     47368  8490             
 5205 UMA 13 30 03.1 +62 30 43 8 Sb   13.2   2.00   1.4  10     47425  8501             
 5206 CEN 13 33 43.8 -48 09 09 8 E-S0 11.6   3.80   3.3  16     47762                   
 5207 VIR 13 32 13.9 +13 53 27 8 Sb   14.4   1.70   1.0 140     47612  8518             
 5208 VIR 13 32 27.9 +07 18 59 8 S0   14.9   1.70   0.6 162     47637  8519             
 5209 VIR 13 32 42.5 +07 19 38 8 E    14.5   1.20   1.1         47654  8522             
 5210 VIR 13 32 49.4 +07 10 10 8 Sa   14.1   1.30   1.3         47678  8523             
 5211 VIR 13 33 05.3 -01 02 11 8 SBab 13.6   2.10   1.6  30     47709  8530             
 5212 VIR 13 32 56.1 +07 17 15 8 S    15.1   0.40   0.3 110     47687                   
 5213 VIR 13 34 39.2 +04 07 49 8 SBb  14.8   0.90   0.8         47842  8552             
 5214 CVN 13 32 48.5 +41 52 18 8 Sc   14.5   0.80   0.4 140     47675  8531             
 5215 CEN 13 35 06.6 -33 28 54 8 S0   14.2   1.00   0.6 105     47883                   
 5216 UMA 13 32 07.1 +62 42 01 8 E    13.6   1.00   1.0         47598  8528  Keenan's System    
 5217 COM 13 34 05.9 +17 51 24 8 E    13.7   1.50   1.4         47793  8546             
 5218 UMA 13 32 10.2 +62 46 03 8 SBb/ 13.1   1.80   1.3 100     47603  8529  Keenan's System     
 5219 CEN 13 38 41.8 -45 51 19 8 Sb   13.3   1.30   0.8  17     48236                   
 5220 CEN 13 35 56.7 -33 27 18 8 Sa   13.2   2.40   0.7  97     47972                   
 5221 VIR 13 34 56.2 +13 49 55 8 Sb   14.2   2.40   0.8 128     47869  8559             
 5222 VIR 13 34 55.9 +13 44 26 8 E    14.1   1.30   1.0  15     47871  8558             
 5223 CVN 13 34 25.1 +34 41 24 8 E    13.7   1.50   1.3         47822  8553             
 5224 VIR 13 35 08.8 +06 28 52 8 S    14.8   0.70   0.7         47884                   
 5225 CVN 13 33 20.0 +51 29 25 8 S    14.5   0.70   0.7         47731  8540             
 5226 VIR 13 35 03.6 +13 55 15 8 S    16.4   0.30   0.1  10     47877                   
 5227 VIR 13 35 24.7 +01 24 36 8 SBb  13.7   1.80   1.6 145     47915  8566             
 5228 CVN 13 34 35.1 +34 46 38 8 E-S0 14.4   1.00   0.9         47837  8556             
 5229 CVN 13 34 02.9 +47 54 50 8 SBcd 14.4   3.30   0.5 167     47788  8550             
 5230 VIR 13 35 32.1 +13 40 29 8 SBc  13.0   2.10   1.9         47932  8573             
 5231 VIR 13 35 48.3 +02 59 54 8 SBa  14.5   1.10   0.9         47953  8574             
 5232 VIR 13 36 08.2 -08 29 54 8 S0-a 13.9   1.50   1.4 110     47998                   
 5233 CVN 13 35 13.4 +34 40 36 8 Sa-b 14.8   1.10   0.5  80     47895  8568             
 5234 CEN 13 37 29.8 -49 50 16 8 SB0- 14.0   1.30   0.8  48     48129                   
 5235 VIR 13 36 01.4 +06 35 04 8 SBbc 14.8   1.20   0.5 120     47984  8582             
 5236 HYA 13 37 00.2 -29 52 04 8 SBc   8.0  13.10  12.2      83 48082               
 5237 CEN 13 37 38.9 -42 50 54 8 E?   13.2   2.00   1.6 128     48139                   
 5238 CVN 13 34 42.6 +51 36 48 8 Sd   14.3   1.50   1.2 160     47853  8565             
 5239 BOO 13 36 26.3 +07 22 09 8 SBbc 14.2   1.80   1.8         48023  8589             
 5240 CVN 13 35 55.1 +35 35 16 8 SBc  13.8   1.90   1.4  60     47971  8587             
 5241 VIR 13 36 39.9 -08 24 08 8 Sab  15.0   1.10   0.5  55     48043                   
 5243 CVN 13 36 15.1 +38 20 34 8 Sbc  14.1   1.50   0.4 126     48011  8592             
 5244 CEN 13 38 41.8 -45 51 19 8 Sb   13.3   1.37   0.8  17     48236                   
 5245 VIR 13 37 23.2 +03 53 51 8 S    15.0   0.80   0.3  90     48110                   
 5246 VIR 13 37 29.3 +04 06 14 8 SBb  14.7   1.00   0.8         48128  8612             
 5247 VIR 13 38 02.9 -17 53 07 8 SBbc 10.7   5.40   4.9  20     48171                   
 5248 BOO 13 37 32.0 +08 53 08 8 SBbc 10.9   5.90   4.5 110     48130  8616             
 5249 BOO 13 37 37.5 +15 58 18 8 S0   14.2   1.60   1.2 170     48134  8618             
 5250 UMA 13 36 07.1 +51 14 09 8 S0   14.0   1.00   0.9         47997  8594             
 5251 BOO 13 37 24.8 +27 25 07 8 S0-a 14.7   0.70   0.7         48119                   
 5252 VIR 13 38 15.9 +04 32 31 8 S0   14.3   1.40   0.9  10     48189  8622             
 5253 CEN 13 39 55.8 -31 38 32 8 S?   11.0   4.60   1.7  45     48334                   
 5254 VIR 13 39 38.0 -11 29 41 8 Sc   13.1   2.90   1.5 125     48307                   
 5255 UMA 13 37 17.9 +57 06 33 8 S?   15.4   0.80   0.2  20     48124                   
 5256 UMA 13 38 17.4 +48 16 37 8 Sab  13.9   1.20   1.1         48192  8632             
 5257 VIR 13 39 52.8 +00 50 23 8 SBb/ 12.9   1.60   0.8  61     48330  8641             
 5258 VIR 13 39 57.8 +00 49 52 8 SBb  12.9   1.50   1.3 154     48338  8645             
 5259 CVN 13 39 24.6 +30 59 26 8 E    15.1   1.10   0.7         48292                   
 5260 HYA 13 40 19.8 -23 51 32 8 SBbc 13.6   1.60   1.4         48371                   
 5261 VIR 13 40 16.0 +05 04 35 8 S    15.0   0.80   0.4 140     48360                   
 5262 UMI 13 35 38.5 +75 02 22 8 E-S0 15.2   1.20   0.7 170     47923  8606             
 5263 CVN 13 39 55.6 +28 23 57 8 Sc   14.1   1.60   0.4  26     48333  8648             
 5264 HYA 13 41 36.6 -29 54 45 8 Irr  12.6   2.60   1.5  65     48467                   
 5265 CVN 13 40 09.0 +36 51 39 8 SBcd 14.9   0.70   0.6         48354                   
 5266 CEN 13 43 01.8 -48 10 11 8 E-S0 12.0   3.30   2.3  92     48593                   
 5267 CVN 13 40 40.0 +38 47 38 8 SBb  14.3   1.40   0.5  56     48393  8655             
 5269 CEN 13 44 44.1 -62 54 57 3 OCL                                                    
 5270 VIR 13 42 10.9 +04 15 43 8 SBb  14.5   1.10   0.8  20     48527  8673             
 5271 CVN 13 41 42.4 +30 07 29 8 SBa  15.2   0.90   0.7  75     48477                   
 5272 CVN 13 42 11.2 +28 22 32 4 VI    6.2  18.60             3                       
 5273 CVN 13 42 08.3 +35 39 12 8 S0   12.5   2.70   2.2  10     48521  8675             
 5274 CVN 13 42 23.3 +29 50 50 8 C    15.6   0.50   0.5         48536                   
 5275 CVN 13 42 23.6 +29 49 29 8 S0   15.2   0.50   0.5         48544                   
 5276 CVN 13 42 21.9 +35 37 25 8 SBb  14.7   0.90   0.5 153     48542  8680             
 5277 CVN 13 42 38.4 +29 57 13 8 Sbc  15.4   0.60   0.4  90     48563                   
 5278 UMA 13 41 39.9 +55 40 12 8 Sb/P 13.7   0.80   0.6  50     48473  8677             
 5279 UMA 13 41 43.7 +55 40 22 8 SBa/ 15.0   1.00   0.6  20     48482  8678             
 5280 CVN 13 42 55.5 +29 52 07 8 E    14.9   0.80   0.8         48580                   
 5281 CEN 13 46 35.1 -62 54 59 3 I1p   5.0   7.00                             
 5282 CVN 13 43 24.8 +30 04 10 8 E    14.8   1.40   1.2         48614  8687             
 5283 DRA 13 41 05.7 +67 40 21 8 S0   14.5   1.10   1.0         48425  8672             
 5284 CEN 13 46 41.0 -59 11 59 3 OCL  10.0   3.00                                       
 5285 VIR 13 44 25.7 +02 06 36 8 E    15.2   0.80   0.8         48688                   
 5286 CEN 13 46 26.5 -51 22 24 4 V     7.3   9.10                             
 5287 CVN 13 44 52.5 +29 46 13 8 S0   16.3   0.70   0.3 100     48741                   
 5288 CIR 13 48 44.9 -64 41 07 3 II2p 12.0   3.00                             
 5289 CVN 13 45 08.7 +41 30 11 8 SBab 13.7   1.60   0.5 100     48749  8699             
 5290 CVN 13 45 19.1 +41 42 45 8 Sb-c 12.9   3.70   1.0  95     48767  8700             
 5291 CEN 13 47 24.3 -30 24 21 8 E    14.9   1.20   0.8 168     48893                   
 5292 CEN 13 47 40.0 -30 56 24 8 Sab  12.8   1.80   1.6  55     48909                   
 5293 BOO 13 46 52.6 +16 16 20 8 Sc   13.8   1.80   1.5 120     48854  8710             
 5294 UMA 13 45 18.2 +55 17 23 8 E    15.2   0.30   0.3         48761                   
 5295 CAM 13 38 39.3 +79 27 32 8 E-S0 15.1   0.60   0.6         48215  
 5296 CVN 13 46 18.6 +43 51 04 8 S0-a 15.0   0.90   0.6 177     48811                   
 5297 CVN 13 46 23.4 +43 52 19 8 SBc  12.4   5.70   1.0 148     48815  8709             
 5298 CEN 13 48 36.3 -30 25 47 8 SBb  13.9   1.40   0.6  69     48985                   
 5299 CEN 13 50 26.0 -59 56 54 0 *Grp       30.00                                       
 5300 VIR 13 48 15.9 +03 57 00 8 SBc  12.5   3.80   2.4 150     48959  8727             
 5301 CVN 13 46 24.2 +46 06 25 8 SBc  13.0   4.00   0.8 151     48816  8711             
 5302 CEN 13 48 49.8 -30 30 45 8 SB0- 13.1   1.70   1.0 153     49007                   
 5303 CVN 13 47 45.2 +38 18 14 8 Sc   13.1   0.90   0.4  92     48917  8725             
 5304 CEN 13 50 01.4 -30 34 45 8 E-S0 13.6   1.50   1.0 146     49090                   
 5305 CVN 13 47 55.7 +37 49 32 8 SBb  14.4   1.50   1.1  30     48930  8729             
 5306 VIR 13 49 11.2 -07 13 26 8 S0   13.0   1.30   1.0  32     49039                   
 5307 CEN 13 51 03.3 -51 12 21 6 PN   12.0   0.20                                       
 5308 UMA 13 47 00.0 +60 58 20 8 S0   12.4   3.70   0.7  60     48860  8722             
 5310 VIR 13 49 47.8 +00 04 08 0 *                                                      
 5311 CVN 13 48 55.8 +39 59 09 8 S0-a 13.4   2.60   2.3 110     49011  8735             
 5312 CVN 13 49 50.5 +33 37 18 8 S0-a 14.5   0.80   0.4  30     49075                   
 5313 CVN 13 49 44.3 +39 59 05 8 Sb   12.9   1.70   1.0  40     49069  8744             
 5314 UMI 13 46 11.1 +70 20 21 8 S    14.7   1.00   0.5 135     48810                   
 5315 CIR 13 53 57.1 -66 30 50 6 PN   13.0   0.10                                       
 5316 CEN 13 53 57.1 -61 52 08 3 III1  6.0  14.00                             
 5317 VIR 13 56 11.9 +05 00 54 8 Sbc/ 11.2   6.10   4.2  30     49555  8853             
 5318 CVN 13 50 35.9 +33 42 17 8 SB0  13.4   1.50   0.9 165     49139  8751             
 5319 CVN 13 50 40.5 +33 45 40 8 S    16.4   0.60   0.2  56     84061         
 5320 CVN 13 50 20.2 +41 21 56 8 SBc  12.9   3.60   1.7  18     49112  8749             
 5321 CVN 13 50 43.6 +33 37 57 8 SB0- 15.3   0.80   0.7         49148                   
 5322 UMA 13 49 14.9 +60 11 23 8 E    11.1   6.00   4.1  95     49044  8745             
 5323 UMI 13 45 36.0 +76 49 40 8 Sa-b 14.3   1.40   0.4 163     48785  8719             
 5324 VIR 13 52 05.8 -06 03 31 8 Sc   12.5   2.30   2.1 170     49236                   
 5325 CVN 13 50 54.0 +38 16 27 8 Sc   15.5   0.90   0.8         49163                   
 5326 CVN 13 50 50.5 +39 34 29 8 Sa-b 12.9   2.20   1.2 137     49157  8764             
 5327 VIR 13 52 04.1 -02 12 25 8 SBb  13.8   1.90   1.6  90     49234  8768             
 5328 HYA 13 52 53.4 -28 29 23 8 E    12.7   1.80   1.2  87     49307                   
 5329 VIR 13 52 10.0 +02 19 30 8 E  M 13.4   1.30   1.3         49248  8771             
 5330 HYA 13 52 59.2 -28 28 16 8 E  M 14.8   0.50   0.5         49316                   
 5331 VIR 13 52 16.3 +02 06 28 8 Sbc  14.9   0.60   0.4  55     49266  8774             
 5332 BOO 13 52 07.9 +16 58 09 8 E-S0 14.0   0.90   0.9         49243  8773             
 5333 CEN 13 54 24.1 -48 30 48 8 SB0  11.9   1.90   1.0  52     49424                   
 5334 VIR 13 52 54.5 -01 06 51 8 SBc  12.3   4.10   3.3  15     49308  8790             
 5335 VIR 13 52 56.5 +02 48 51 8 SBb  14.1   2.10   1.4  90     49310  8791             
 5336 CVN 13 52 09.8 +43 14 33 8 Sc   13.5   1.40   1.3 115     49250  8785             
 5337 CVN 13 52 23.0 +39 41 15 8 S?   13.4   1.70   0.8  20     49275  8789             
 5338 VIR 13 53 26.5 +05 12 26 8 SB0  13.8   2.50   1.4  97     49353  8800             
 5339 VIR 13 54 00.0 -07 55 52 8 SBa  15.5   1.70   1.5  55     49388                   
 5340 UMI 13 48 59.8 +72 39 14 8 S    15.5   0.80   0.5  85     49012                   
 5341 CVN 13 52 32.1 +37 48 59 8 SBd  14.2   1.30   0.5 164     49285  8792             
 5342 UMA 13 51 25.9 +59 51 48 8 S0   14.5   1.10   0.4 152     49192  8776             
 5343 VIR 13 54 11.7 -07 35 20 8 E-S0 13.1   1.50   1.2  50     49412                   
 5344 UMI 13 50 12.0 +73 57 10 8 S  M 15.5   0.60   0.4  80     49085                   
 5345 VIR 13 54 14.1 -01 26 11 8 Sa   13.4   1.60   1.6         49415  8820             
 5346 CVN 13 53 02.0 +39 34 49 8 Sc   14.6   2.00   0.8 158     49322  8804             
 5347 CVN 13 53 18.0 +33 29 25 8 SBbc 13.4   1.60   1.3 130     49342  8805             
 5348 VIR 13 54 11.1 +05 13 36 8 SBbc 14.2   3.50   0.5 177     49411  8821             
 5349 CVN 13 53 13.1 +37 52 57 8 SBb  14.9   1.70   0.5  82     49336  8803             
 5350 CVN 13 53 21.5 +40 21 48 8 SBbc 12.4   3.20   2.6  40     49347  8810             
 5351 CVN 13 53 28.0 +37 54 52 8 SBb  13.0   2.90   1.6 100     49359  8809             
 5352 CVN 13 53 38.3 +36 08 01 8 E-S0 14.0   1.20   1.0         49370  8812             
 5353 CVN 13 53 26.7 +40 16 57 8 S0   12.1   2.80   1.9 145     49356  8813             
 5354 CVN 13 53 26.7 +40 18 09 8 S0   12.5   2.20   2.0         49354  8814             
 5355 CVN 13 53 45.5 +40 20 18 8 S0   14.0   1.20   0.7  35     49380  8819             
 5356 VIR 13 54 58.3 +05 19 58 8 SBbc 13.8   2.90   0.8  15     49468  8831             
 5357 CEN 13 55 59.4 -30 20 32 8 E    13.0   1.60   1.4  23     49534                   
 5358 CVN 13 54 00.4 +40 16 38 8 S0-a 14.6   1.10   0.3 138     49389  8826             
 5359 CIR 14 00 09.5 -70 23 32 3 OCL                                                    
 5360 VIR 13 55 38.4 +04 59 01 8 SB0- 14.6   1.60   0.7  70     49513  8838             
 5361 CVN 13 54 35.3 +38 26 56 8 S?   14.8   0.80   0.5  50     49441                   
 5362 CVN 13 54 53.1 +41 18 47 8 Sb   13.2   2.20   1.0  88     49464  8835             
 5363 VIR 13 56 07.1 +05 15 12 8 S0-a 11.4   4.60   3.1 135     49547  8847             
 5364 VIR 13 56 11.9 +05 00 54 8 Sbc/ 11.2   6.10   4.2  30     49555  8853             
 5365 CEN 13 57 50.5 -43 55 57 8 SB0  12.4   3.00   1.8   4     49673                   
 5366 VIR 13 56 24.9 -00 14 53 8 S0-a 14.7   0.70   0.6         49569                   
 5367 CEN 13 57 43.8 -39 58 42 5 RN          4.00                                       
 5368 UMA 13 54 29.1 +54 19 49 8 SBab 13.9   0.90   0.8  10     49431  8834             
 5369 VIR 13 56 37.7 -05 28 13 8 E    14.6   1.00   1.0         49583                   
 5370 UMA 13 54 09.1 +60 40 41 8 SB0  14.1   1.10   1.1         49408  8832             
 5371 CVN 13 55 40.0 +40 27 42 8 SBbc 11.3   4.20   3.4   8     49514  8846             
 5372 UMA 13 54 45.9 +58 39 59 8 P    13.9   0.60   0.4 140     49451  8843             
 5373 VIR 13 57 07.4 +05 15 07 8 C    15.0   0.50   0.5         49620                   
 5374 VIR 13 57 29.5 +06 05 47 8 SBbc 13.5   1.60   1.5         49650  8874             
 5375 CVN 13 56 55.9 +29 09 49 8 SBab 12.8   3.30   2.8  80     49604  8865             
 5376 UMA 13 55 15.8 +59 30 23 8 SBab 13.0   2.10   1.3  70     49489  8852             
 5377 CVN 13 56 16.7 +47 14 06 8 SBa  12.2   4.10   2.4  20     49563  8863             
 5378 CVN 13 56 50.9 +37 47 48 8 SBa  13.4   2.70   2.2  90     49598  8869             
 5379 UMA 13 55 34.4 +59 44 34 8 SB0- 13.9   2.10   1.0  60     49508  8860             
 5380 CVN 13 56 56.7 +37 36 35 8 E-S0 13.2   1.90   1.9         49605  8870             
 5381 CEN 14 00 41.9 -59 35 12 3 II2p       11.00                             
 5382 VIR 13 58 14.8 +06 15 27 8 S0   13.5   1.50   1.1  25     49711  8885             
 5383 CVN 13 57 04.9 +41 50 44 8 SBb  12.3   2.60   2.2  85     49618  8875             
 5384 VIR 13 58 12.8 +06 31 03 8 S0   14.1   1.50   0.8  56     49707  8886             
 5385 UMI 13 52 31.8 +76 09 46 0 *Grp        6.00                                       
 5386 VIR 13 58 22.2 +06 20 17 8 S0-a 13.9   1.00   0.4  51     49719  8890             
 5387 VIR 13 58 24.7 +06 04 12 8 Sb-c 14.8   1.60   0.3  22     49724  8891             
 5389 UMA 13 56 06.4 +59 44 28 8 SB0- 12.9   3.60   1.0   3     49548  8866             
 5390 CVN 13 55 40.0 +40 27 42 8 SBbc 11.3   4.20   3.4   8     49514  8846             
 5392 VIR 13 59 24.9 -03 12 34 8 S0-a 14.8   1.20   0.8  50     49792                   
 5393 HYA 14 00 32.0 -28 52 32 8 Sa   14.0   0.90   0.7         49863                   
 5394 CVN 13 58 33.7 +37 27 11 8 SBb/ 13.7   1.70   0.8   0     49739  8898             
 5395 CVN 13 58 37.9 +37 25 29 8 Sb-c 12.5   2.70   1.3 167     49747  8900             
 5396 CVN 13 56 55.9 +29 09 49 8 SBab 12.8   3.30   2.8  80     49604  8865             
 5397 CEN 14 01 10.5 -33 56 46 8 E-S0 13.9   1.40   1.0  60     49908                   
 5398 CEN 14 01 21.7 -33 03 49 8 SBdm 13.2   2.80   1.7 172     49923                   
 5399 CVN 13 59 31.2 +34 46 22 8 Sbc  14.8   1.20   0.3  88     49799  8912             
 5400 VIR 14 00 37.2 -02 51 29 8 E-S0 14.1   1.50   0.9 100     49869                   
 5401 CVN 13 59 43.5 +36 14 15 8 Sa   14.6   1.50   0.3  81     49810  8916             
 5402 UMA 13 58 16.5 +59 48 50 8 S?   14.7   1.30   0.3 167     49712  8903             
 5403 CVN 13 59 50.9 +38 10 53 8 SBb  14.5   3.10   0.7 145     49820  8919             
 5404 VIR 14 01 07.6 +00 05 08 0 *3                                                     
 5405 BOO 14 01 09.5 +07 42 05 8 Sc   14.5   0.80   0.8         49906  8928             
 5406 CVN 14 00 20.1 +38 54 53 8 SBbc 13.1   1.90   1.4 120     49847  8925             
 5407 CVN 14 00 50.0 +39 09 22 8 E?   14.1   1.40   1.0 100     49890  8930             
 5408 CEN 14 03 21.0 -41 22 45 8 Irr  12.2   1.90   1.0  70     50073                   
 5409 BOO 14 01 46.0 +09 29 24 8 SBb  14.2   1.70   1.1  50     49952  8938             
 5410 CVN 14 00 54.5 +40 59 15 8 SBRM 14.0   1.50   0.8  75     49893  8931             
 5411 BOO 14 01 59.1 +08 56 14 8 E-S0 14.4   1.40   0.8 140     49967  8940             
 5412 UMI 13 57 13.4 +73 37 00 8 E-S0 14.9   1.20   1.0  20     49644  8905             
 5413 DRA 13 57 53.5 +64 54 39 8 E    14.8   1.10   0.9  45     49677  8901             
 5414 BOO 14 02 03.5 +09 55 44 8 P    13.8   1.00   0.8 172     49976  8942             
 5415 UMI 13 56 56.8 +70 45 16 8 S    15.1   1.00   0.6 135     49610                   
 5416 BOO 14 02 11.4 +09 26 22 8 Sc   14.0   1.40   0.8 110     49991  8944             
 5417 BOO 14 02 13.0 +08 02 10 8 Sa   13.8   1.50   0.6 120     49995  8943             
 5418 BOO 14 02 17.5 +07 41 00 8 SBbc 14.4   1.10   0.5  44     49997  8946             
 5419 CEN 14 03 38.7 -33 58 44 8 E    11.9   4.10   3.3         50100                   
 5420 VIR 14 03 59.8 -14 37 04 8 Sb   13.5   1.40   0.7 130     50121                   
 5421 CVN 14 01 41.4 +33 49 34 8 E?   14.2   1.10   1.1         49950  8941             
 5422 UMA 14 00 41.8 +55 09 51 8 S0-a 12.9   3.50   0.6 152     49874  8935             
 5423 BOO 14 02 48.5 +09 20 29 8 E-S0 14.0   1.50   0.9  75     50028  8952             
 5424 BOO 14 02 55.7 +09 25 14 8 S0   14.0   1.60   1.3 110     50035  8956             
 5425 UMA 14 00 47.9 +48 26 33 8 Scd  14.2   1.90   0.5 127     49889  8933             
 5426 VIR 14 03 24.9 -06 04 10 8 Sc   12.7   3.00   1.7 170     50083                   
 5427 VIR 14 03 26.0 -06 01 53 8 SBc  11.9   2.90   2.2 170     50084                   
 5428 VIR 14 03 28.0 -05 59 04 0 *2                                                     
 5429 VIR 14 03 33.3 -06 02 18 0 *2                                                     
 5430 UMA 14 00 45.6 +59 19 42 8 SBb  12.8   2.30   1.3   0     49881  8937             
 5431 BOO 14 03 07.2 +09 21 45 8 S?   15.2   0.80   0.6  50     50046                   
 5432 VIR 14 03 40.5 -05 58 30 0 *2                                                     
 5433 CVN 14 02 36.1 +32 30 35 8 Sd   14.1   1.60   0.4   3     50012  8954             
 5434 BOO 14 03 23.1 +09 26 50 8 Sc   13.9   1.80   1.8         50077  8965             
 5435 VIR 14 04 00.2 -05 55 52 0 *2                                                     
 5436 BOO 14 03 41.1 +09 34 24 8 S0-a 14.9   1.10   0.4 126     50104  8971             
 5437 BOO 14 03 47.3 +09 31 23 8 Sb   15.1   0.90   0.4   0     50113                   
 5438 BOO 14 03 47.9 +09 36 38 8 E-S0 14.4   1.70   1.6         50112                   
 5439 CVN 14 01 57.5 +46 18 39 8 Sbc  14.7   1.10   0.4   9     49965  8947             
 5440 CVN 14 03 00.6 +34 45 22 8 Sa   13.2   3.10   1.2  50     50042  8963             
 5441 CVN 14 03 11.9 +34 41 02 8 Sc   14.9   0.50   0.5         50057                   
 5442 VIR 14 04 43.2 -09 42 48 8 Sb   14.5   1.20   0.5 145     50189                   
 5443 UMA 14 02 11.6 +55 48 50 8 SBb  13.1   2.70   1.0  34     49993  8958             
 5444 CVN 14 03 24.1 +35 07 55 8 E    12.7   2.50   2.0  90     50080  8974             
 5445 CVN 14 03 31.3 +35 01 27 8 S0   14.0   1.50   0.7  27     50090  8976             
 5446 BOO 14 03 47.9 +09 36 38 8 E-S0 14.4   1.70   1.6         50112                   
 5447 UMA 14 02 29.0 +54 16 19 5 GxyP                                                   
 5448 UMA 14 02 50.4 +49 10 19 8 SBa  12.1   3.80   2.0 115     50031  8969             
 5449 UMA 14 02 28.2 +54 19 51 5 GxyP                                                   
 5450 UMA 14 02 29.3 +54 16 19 5 GxyP                                                   
 5451 UMA 14 02 36.5 +54 21 47 5 GxyP                                                   
 5452 UMI 13 54 24.3 +78 13 12 8 SBcd 13.9   2.00   1.5 120     49426  8867             
 5453 UMA 14 02 56.7 +54 18 29 5 GxyP                                                   
 5454 BOO 14 04 45.7 +14 22 53 8 S0   14.1   1.80   1.3 110     50192  8997             
 5455 UMA 14 03 01.0 +54 14 25 5 GxyP                                                   
 5456 BOO 14 04 58.8 +11 52 16 8 S0   14.0   1.20   1.0 175     50213  9004             
 5457 UMA 14 03 12.4 +54 20 56 8 SBc   8.2  28.50  28.3     101 50063  8981  Pinwheel Galaxy           
 5458 UMA 14 03 12.4 +54 17 54 5 GxyP                                                   
 5459 BOO 14 05 00.1 +13 07 55 8 S0   14.6   1.10   1.0  10     50215  9005             
 5460 CEN 14 07 27.7 -48 20 33 3 II3m  5.0  35.00                             
 5461 UMA 14 03 41.5 +54 19 03 5 GxyP                                                   
 5462 UMA 14 03 53.0 +54 22 00 5 GxyP                                                   
 5463 BOO 14 06 10.6 +09 21 09 8 S?   13.8   1.20   0.5  49     50299  9017             
 5464 HYA 14 07 04.1 -30 01 04 8 SBm  13.3   1.30   0.8  85     50356                   
 5465 VIR 14 06 27.3 -05 30 26 0 *                                                      
 5466 BOO 14 05 27.3 +28 32 04 4 XII   9.0   9.20                             
 5467 VIR 14 06 29.2 -05 28 56 0 *                                                      
 5468 VIR 14 06 35.0 -05 27 13 8 SBc  12.8   2.40   2.3 105     50323                   
 5469 BOO 14 12 29.9 +08 38 55 8 S0   14.9   0.50   0.4 140     50740                   
 5470 VIR 14 06 31.9 +06 01 43 8 Sb   14.4   2.50   0.4  63     50317  9020             
 5471 UMA 14 04 28.9 +54 23 49 8 P    15.5   0.60   0.5  60                             
 5472 VIR 14 06 54.9 -05 27 38 8 Sa-b 15.1   1.20   0.3  38     50345                   
 5473 UMA 14 04 43.5 +54 53 34 8 E-S0 12.4   2.20   1.7 160     50191  9011             
 5474 UMA 14 05 01.4 +53 39 44 8 Sc   11.3   4.50   3.3 178     50216  9013             
 5475 UMA 14 05 12.2 +55 44 30 8 Sa   13.5   1.90   0.5 166     50231  9016             
 5476 VIR 14 08 08.4 -06 05 34 8 Sd   13.0   1.50   1.2 150     50429                   
 5477 UMA 14 05 33.0 +54 27 37 8 Sm   14.3   1.60   1.3  95     50262  9018             
 5478 VIR 14 08 08.5 -01 42 10 8 SBbc 14.5   1.10   0.8 145     50430  9034             
 5479 UMI 14 05 57.3 +65 41 26 8 E-S0 15.3   0.70   0.5  15     50282                   
 5480 UMA 14 06 21.5 +50 43 28 8 Sc   13.0   1.60   1.0   5     50312  9026             
 5481 BOO 14 06 41.1 +50 43 23 8 E    13.5   1.40   1.1 115     50331  9029             
 5482 BOO 14 08 30.8 +08 55 51 8 S0   14.1   1.20   0.9  88     50459  9038             
 5483 CEN 14 10 25.0 -43 19 32 8 SBc  11.9   3.90   3.6  25     50600                   
 5484 UMA 14 06 48.1 +55 01 47 8 E    15.7   0.80   0.7   0     50338                   
 5485 UMA 14 07 11.4 +55 00 03 8 S0   12.3   2.80   2.1 170     50369  9033             
 5486 UMA 14 07 24.9 +55 06 09 8 Sm   13.9   1.50   0.9  80     50383  9036             
 5487 BOO 14 09 43.9 +08 04 08 8 SBbc 14.7   0.90   0.4  80     50537                   
 5488 CEN 14 08 02.9 -33 18 55 8 SBbc 12.7   3.40   1.0  22     50423                   
 5489 CEN 14 12 00.7 -46 05 22 8 Sa   13.1   1.50   1.0 129     50701                   
 5490 BOO 14 09 57.3 +17 32 42 8 E    13.0   2.50   2.3   5     50558  9058             
 5491 VIR 14 10 57.4 +06 21 52 8 Sb   13.9   1.40   0.8  78     50630  9072             
 5492 BOO 14 10 35.2 +19 36 41 8 Sb/P 13.7   2.40   0.7 150     50613  9065             
 5493 VIR 14 11 29.4 -05 02 40 8 S0   12.3   1.70   1.5 124     50670                   
 5494 CEN 14 12 23.7 -30 38 43 8 Sc   12.7   2.30   2.1         50732                   
 5495 HYA 14 12 23.5 -27 06 30 8 SBc  13.5   1.50   1.2         50729                   
 5496 VIR 14 11 37.8 -01 09 32 8 SBcd 12.9   4.70   0.9 172     50676  9079             
 5497 BOO 14 10 31.5 +38 53 36 8 SBb  14.9   1.20   0.7  75     50610  9069             
 5498 BOO 14 11 04.4 +25 41 50 8 E-S0 14.8   1.00   0.8 120     50639  9075             
 5499 BOO 14 10 47.7 +35 54 47 8 S0-a 14.5   0.90   0.6 150     50623  9074             
 5500 BOO 14 10 15.2 +48 32 46 8 E    14.3   1.00   0.9         50588  9070             
 5501 VIR 14 12 20.1 +01 16 20 8 S0-a 14.8   1.10   0.8  50     50724                   
 5502 UMA 14 09 33.9 +60 24 34 8 S    16.0   0.30   0.1  85     50508                   
 5503 UMA 14 09 33.9 +60 24 34 8 S    16.0   0.30   0.1  85     50508                   
 5504 BOO 14 12 15.7 +15 50 27 8 SBbc 13.8   1.30   1.1 130     50718  9085             
 5505 BOO 14 12 31.6 +13 18 15 8 SBa  13.9   1.00   0.7 130     50745  9092             
 5506 VIR 14 13 14.8 -03 12 27 8 Sa/P 12.8   2.70   0.8  91     50782                   
 5507 VIR 14 13 19.8 -03 08 56 8 SB0  13.4   1.60   0.9  62     50786                   
 5508 BOO 14 12 29.0 +24 38 06 8 S0   14.8   2.00   1.3 135     50741  9094             
 5509 BOO 14 12 39.9 +20 23 16 8 S0   15.1   1.10   0.8 100     50751                   
 5510 VIR 14 13 37.1 -17 59 05 8 Irr  13.6   1.40   1.2  40     50807                   
 5511 BOO 14 13 05.4 +08 37 54 8 S?   15.4   0.40   0.2 165     50771                   
 5512 BOO 14 12 41.1 +30 51 18 8 E    15.4   0.50   0.3  80     50749                   
 5513 BOO 14 13 08.8 +20 24 54 8 S0   13.9   1.90   1.1 115     50776  9099             
 5514 BOO 14 13 38.7 +07 39 34 8 Sab  14.1   1.40   0.8  90     50809  9102             
 5515 BOO 14 12 38.1 +39 18 34 8 Sa-b 13.8   1.30   0.7 108     50750  9096             
 5516 CEN 14 15 54.6 -48 06 55 8 E-S0 13.0   2.30   1.8 169     50960                   
 5517 BOO 14 12 51.3 +35 42 38 8 S0-a 14.8   1.00   0.8 125     50758  9100             
 5518 BOO 14 13 47.6 +20 50 54 8 E-S0 14.8   1.00   1.0         50817                   
 5519 BOO 14 14 20.9 +07 30 54 8 Sa   14.3   1.60   1.0  75     50865  9111             
 5520 BOO 14 12 22.7 +50 20 53 8 Sb   13.2   2.00   1.1  66     50728  9097             
 5521 VIR 14 15 23.7 +04 24 29 8 S?   14.5   0.60   0.5         50931  9122             
 5522 BOO 14 14 50.2 +15 08 46 8 Sb   14.2   1.80   0.4  50     50889  9116             
 5523 BOO 14 14 51.4 +25 19 04 8 Sc   12.9   4.70   1.1  91     50895  9119             
 5524 BOO 14 13 48.7 +36 22 51 0 *2                                                     
 5525 BOO 14 15 39.2 +14 16 54 8 S0   13.8   1.50   0.9  23     50946  9124             
 5526 UMA 14 13 53.3 +57 46 18 8 Sb-c 14.3   1.80   0.2 136     50832  9115             
 5527 BOO 14 14 27.2 +36 24 14 8 Sbc  15.2   0.80   0.7 160     50868                   
 5528 BOO 14 16 19.8 +08 17 33 8 Sb   14.9   0.90   0.3  10     50981                   
 5529 BOO 14 15 34.0 +36 13 35 8 Sc   12.8   6.00   0.7 115     50942  9127             
 5530 LUP 14 18 27.1 -43 23 15 8 SBbc 11.8   4.20   1.8 127     51106                   
 5531 BOO 14 16 43.2 +10 53 06 8 S0   14.7   0.90   0.9         50999                   
 5532 BOO 14 16 52.9 +10 48 25 8 S0   12.9   1.60   1.6         51006  9137             
 5533 BOO 14 16 07.4 +35 20 36 8 Sab  12.7   3.10   1.9  30     50973  9133             
 5534 VIR 14 17 40.3 -07 25 03 8 SBab 13.0   1.40   1.0  55     51055                   
 5535 BOO 14 17 31.1 +08 12 25 8 C    16.0   0.30   0.3  45     97424                   
 5536 BOO 14 16 23.7 +39 30 06 8 SBa  14.5   0.90   0.9         50986  9136             
 5537 VIR 14 17 37.0 +07 03 15 8 S?   15.1   1.00   0.5  35     51047                   
 5538 BOO 14 17 42.4 +07 28 32 8 Scd  15.4   0.80   0.2  70     51056                   
 5539 BOO 14 17 37.7 +08 10 41 8 S  M 15.4   0.40   0.3         51054                   
 5540 UMA 14 14 54.2 +60 00 37 8 E-S0 14.9   0.80   0.6  10     50883                   
 5541 BOO 14 16 31.7 +39 35 16 8 S?   13.6   0.80   0.6   0     50991  9139             
 5542 BOO 14 17 53.2 +07 33 29 8 S?   15.2   0.50   0.3 170     51066                   
 5543 BOO 14 18 04.0 +07 39 13 8 S    15.5   0.50   0.2 140     51079                   
 5544 BOO 14 17 02.4 +36 34 14 8 SB0- 14.2   0.90   0.9         51018  9142             
 5545 BOO 14 17 04.8 +36 34 27 8 Sb-c 15.8   1.00   0.3  58     51023  9143             
 5546 BOO 14 18 09.1 +07 33 48 8 E    13.4   1.30   1.1  10     51084  9148             
 5547 UMI 14 09 45.1 +78 36 04 8 S/P  14.8   0.90   0.4  20     50543  9095             
 5548 BOO 14 17 59.4 +25 08 10 8 S0-a 13.2   1.50   1.2 110     51074  9149             
 5549 VIR 14 18 38.7 +07 22 35 8 S0   14.0   1.60   0.8 120     51118  9156             
 5550 BOO 14 18 28.0 +12 52 58 8 Sb   14.1   1.20   0.8 100     51108  9154             
 5551 VIR 14 18 54.8 +05 27 02 8 E    15.0   0.40   0.3 100     51139                   
 5552 VIR 14 19 03.9 +07 01 54 8 S    14.9   0.80   0.3 175     51140                   
 5553 BOO 14 18 29.6 +26 17 12 8 Sa   14.9   1.30   0.3  88     51105  9160             
 5554 VIR 14 19 15.0 +07 01 14 8 S    15.2   0.70   0.5  10     51160                   
 5555 VIR 14 18 48.1 -19 08 23 8 Sb   15.7   1.00   0.4 115     51124                   
 5556 HYA 14 20 34.0 -29 14 31 8 SBcd 12.4   4.10   3.3 148     51245                   
 5557 BOO 14 18 25.6 +36 29 35 8 E    11.9   2.40   1.9 105     51104  9161             
 5558 VIR 14 19 03.9 +07 01 54 8 S    14.9   0.80   0.3 175     51140                   
 5559 BOO 14 19 12.5 +24 47 54 8 SBb  14.9   1.40   0.4  67     51155  9166             
 5560 VIR 14 20 04.4 +03 59 32 8 SBb/ 13.2   3.60   0.9 115     51223  9172             
 5561 UMA 14 17 22.8 +58 44 59 8 C    15.5   0.50   0.5                                 
 5562 BOO 14 20 11.0 +10 15 46 8 S    14.4   0.70   0.7         51227  9174             
 5563 VIR 14 20 13.2 +07 03 18 8 S    15.3   0.70   0.4  80     51226                   
 5564 VIR 14 19 15.0 +07 01 14 8 S    15.2   0.70   0.5  10     51160                   
 5565 VIR 14 19 18.6 +06 59 00 0 *                                                      
 5566 VIR 14 20 20.0 +03 55 57 8 SBab 11.5   6.60   2.3  35     51233  9175             
 5567 BOO 14 19 17.6 +35 08 16 8 S0-a 14.9   0.90   0.9         51161                   
 5568 BOO 14 19 21.4 +35 05 30 8 Sc   15.7   0.50   0.4         51168                   
 5569 VIR 14 20 32.2 +03 58 57 8 SBc  14.4   1.70   1.6         51241  9176             
 5570 BOO 14 14 20.9 +07 30 54 8 Sa   14.3   1.60   1.0  75     50865  9111             
 5571 BOO 14 19 33.0 +35 09 00 0 *4                                                     
 5572 BOO 14 19 35.3 +36 08 25 8 Sb   15.1   0.90   0.7         51196  9173             
 5573 VIR 14 20 41.4 +06 54 26 8 S    14.9   1.30   0.2 105     51257                   
 5574 VIR 14 20 55.9 +03 14 15 8 E-S0 13.2   1.50   1.1  63     51270  9181             
 5575 VIR 14 20 59.5 +06 12 08 8 S0   14.4   0.90   0.9         51272  9184             
 5576 VIR 14 21 03.7 +03 16 15 8 E    11.8   3.00   2.3  95     51275  9183             
 5577 VIR 14 21 13.2 +03 26 09 8 Sbc  13.4   3.20   0.9  56     51286  9187             
 5578 VIR 14 20 59.5 +06 12 08 8 S0   14.4   0.90   0.9         51272  9184             
 5579 BOO 14 20 26.4 +35 11 19 8 Sc   14.4   1.90   1.4 165     51236  9180             
 5580 BOO 14 21 38.3 +35 12 16 8 S0   13.3   1.80   1.8         51312  9200             
 5581 BOO 14 21 16.2 +23 28 46 8 E-S0 15.1   0.80   0.7   0     51282                   
 5582 BOO 14 20 43.2 +39 41 36 8 E    12.5   2.80   1.7  25     51251  9188             
 5583 BOO 14 21 40.5 +13 13 54 8 S    14.3   0.80   0.6  80     51313  9196             
 5584 VIR 14 22 23.8 -00 23 19 8 SBc  12.2   3.40   2.7 140     51344  9201             
 5585 UMA 14 19 47.7 +56 43 42 8 SBcd 11.2   5.80   3.6  30     51210  9179             
 5587 BOO 14 22 10.8 +13 55 01 8 S0-a 13.8   2.60   0.8 162     51332  9202             
 5588 BOO 14 21 24.9 +35 16 12 8 SBa  14.2   1.10   1.1         51300  9197             
 5589 BOO 14 21 24.9 +35 16 12 8 SBa  14.2   1.10   1.1         51300  9197             
 5590 BOO 14 21 38.3 +35 12 16 8 S0   13.3   1.80   1.8         51312  9200             
 5591 BOO 14 22 33.3 +13 42 59 8 Sc   14.1   1.30   0.6  95     51360  9207             
 5592 HYA 14 23 54.9 -28 41 20 8 SBbc 13.5   1.50   0.8  88     51428                   
 5593 LUP 14 25 39.1 -54 47 55 3 III1        5.00                             
 5594 BOO 14 23 10.2 +26 15 57 8 S    14.7   1.10   0.6 150     51391                   
 5595 LIB 14 24 13.3 -16 43 23 8 SBc  12.6   2.40   1.3  49     51445                   
 5596 BOO 14 22 28.6 +37 07 20 8 S0   14.6   1.10   0.8 100     51355  9208             
 5597 LIB 14 24 27.4 -16 45 50 8 SBc  12.6   2.10   1.9  60     51456                   
 5598 BOO 14 22 28.4 +40 19 11 8 S0   14.1   1.60   1.1  50     51354  9209             
 5599 VIR 14 23 50.6 +06 34 30 8 Sb   14.6   1.40   0.5 160     51423  9218             
 5600 BOO 14 23 49.3 +14 38 17 8 Sc   12.7   1.50   1.5         51422  9220             
 5601 BOO 14 22 53.2 +40 18 34 8 S?   15.6   0.80   0.3   0     51370                   
 5602 BOO 14 22 18.4 +50 30 08 8 Sa   13.6   1.50   0.8 166     51340  9210             
 5603 BOO 14 23 01.6 +40 22 38 8 S0   14.0   1.10   1.1         51382  9217             
 5604 VIR 14 24 42.8 -03 12 45 8 Sa   13.5   1.90   1.0  20     51471                   
 5605 LIB 14 25 07.5 -13 09 51 8 SBc  13.0   1.50   1.3         51492                   
 5606 CEN 14 27 47.2 -59 37 56 3 I1p   7.0   3.00                             
 5607 UMI 14 19 26.7 +71 35 15 8 S?   14.0   0.90   0.8         51182  9189             
 5608 BOO 14 23 17.6 +41 46 30 8 Irr  14.0   2.60   1.4  95     51396  9219             
 5609 BOO 14 23 48.3 +34 50 32 8 S    16.5   0.30   0.3                                 
 5610 BOO 14 24 23.0 +24 36 50 8 SBab 14.3   2.00   0.7 108     51450  9230             
 5611 BOO 14 24 04.8 +33 02 50 8 S0   13.6   1.30   0.6  63     51431  9227             
 5612 APS 14 34 01.5 -78 23 18 8 Sab  13.0   1.90   1.1  63     52057                   
 5613 BOO 14 24 05.9 +34 53 31 8 SB0- 15.2   0.90   0.7         51433  9228             
 5614 BOO 14 24 07.3 +34 51 31 8 Sab  12.5   2.40   2.0 160     51439  9226             
 5615 BOO 14 24 06.4 +34 51 53 8    M 15.5   0.20   0.2         51435                   
 5616 BOO 14 24 20.6 +36 27 39 8 SBbc 14.6   2.10   0.4 157     51448  9231             
 5617 CEN 14 29 44.0 -60 42 39 3 I3m   6.0  10.00                             
 5618 VIR 14 27 11.8 -02 15 48 8 SBc  14.2   1.60   1.2  10     51603  9250             
 5619 VIR 14 27 18.2 +04 48 09 8 Sb   13.7   2.20   1.2   8     51610  9255             
 5620 UMI 14 22 40.5 +69 35 41 8 E-S0 15.2   0.60   0.6         51356                   
 5621 BOO 14 27 50.0 +08 14 30 0 *3                                                     
 5622 BOO 14 26 12.0 +48 33 50 8 Sb   14.0   1.70   1.0  90     51541  9248             
 5623 BOO 14 27 08.7 +33 15 09 8 E    13.5   1.60   1.1  17     51598  9260             
 5624 BOO 14 26 35.4 +51 35 03 8 S?   14.1   1.10   0.8   3     51568  9256             
 5625 BOO 14 27 02.4 +39 57 25 8 Sbc  14.8   1.20   0.8  90     51592                   
 5626 HYA 14 29 49.0 -29 45 00 8 S0-a 14.0   1.20   1.0 127     51794                   
 5627 BOO 14 28 34.2 +11 22 40 8 S0   14.3   1.70   1.0 120     51705  9280             
 5628 BOO 14 28 25.7 +17 55 28 8 E    14.7   1.10   0.7 175     51699  9278             
 5629 BOO 14 28 16.1 +25 50 55 8 S0   13.1   1.80   1.8         51681  9281             
 5630 BOO 14 27 36.5 +41 15 27 8 Sd   13.6   2.20   0.7  98     51635  9270             
 5631 UMA 14 26 33.3 +56 34 57 8 S0   12.4   2.00   2.0         51564  9261             
 5632 VIR 14 29 19.5 -00 26 51 0 *                                                      
 5633 BOO 14 27 28.5 +46 08 49 8 Sb   13.0   2.10   1.1  10     51620  9271             
 5634 VIR 14 29 37.3 -05 58 35 4 IV    9.5   3.70                             
 5635 BOO 14 28 31.5 +27 24 31 8 Sb   13.7   2.30   1.1  65     51706  9283             
 5636 VIR 14 29 39.1 +03 15 58 8 SB0- 14.1   1.60   1.0  40     51785  9304             
 5637 BOO 14 28 59.5 +23 11 25 8 Scd  14.6   0.90   0.5  10     51736  9293             
 5638 VIR 14 29 40.4 +03 13 58 8 E    12.2   2.30   2.1 150     51787  9308             
 5639 BOO 14 28 46.5 +30 24 43 8 Sc   14.4   1.40   0.9  98     51730  9290             
 5640 CAM 14 20 40.7 +80 07 23 8 S    15.6   0.90   0.4  20     51263  
 5641 BOO 14 29 16.6 +28 49 16 8 SBab 13.3   2.40   1.3 158     51758  9300             
 5642 BOO 14 29 13.4 +30 01 36 8 E    13.9   1.80   1.3 130     51751  9301             
 5643 LUP 14 32 40.7 -44 10 30 8 SBc  10.9   4.70   4.2         51969                   
 5644 BOO 14 30 25.5 +11 55 39 8 S0   13.8   1.50   1.5         51834  9321             
 5645 VIR 14 30 39.2 +07 16 27 8 SBcd 12.9   2.60   1.6  80     51846  9328             
 5646 BOO 14 29 33.8 +35 27 41 8 SBb  15.0   1.50   0.4  81     51779  9312             
 5647 BOO 14 30 36.0 +11 52 36 8 Sa   15.1   1.10   0.3   0     51843  9329             
 5648 BOO 14 30 32.5 +14 01 22 8 Sbc  14.1   1.10   0.8 172     51840  9330             
 5649 BOO 14 30 32.5 +14 01 22 8 Sbc  14.1   1.10   0.8 172     51840  9330             
 5650 VIR 14 31 00.9 +05 58 40 8 SBc  13.5   2.00   1.4 117     51865  9334             
 5651 VIR 14 31 12.7 -00 19 20 0 *                                                      
 5652 VIR 14 31 00.9 +05 58 40 8 Sbc  13.5   2.00   1.4 117     51865  9334             
 5653 BOO 14 30 10.3 +31 12 53 8 Sb   12.9   1.70   1.3 125     51814  9318             
 5654 BOO 14 30 01.4 +36 21 35 8 SB0- 14.0   1.50   1.0 145     51807  9319             
 5655 BOO 14 30 51.0 +13 58 07 8 Sc   14.0   1.10   0.9 120     51857  9333             
 5656 BOO 14 30 25.4 +35 19 15 8 Sa-b 12.7   1.90   1.5  50     51831  9332             
 5657 BOO 14 30 43.6 +29 10 48 8 SBb  14.2   1.80   0.8 163     51850  9335             
 5658 VIR 14 31 55.2 -00 22 01 0 *                                                      
 5659 BOO 14 31 06.0 +25 21 16 8 Sb   14.9   1.60   0.4  43     51875  9342             
 5660 BOO 14 29 48.7 +49 37 19 8 SBc  12.4   2.70   2.6  90     51795  9325             
 5661 VIR 14 31 57.3 +06 15 00 8 SBb  14.2   1.50   0.6  23     51921  9346             
 5662 CEN 14 35 37.5 -56 37 05 3 II3m  7.5  29.00                             
 5663 LIB 14 33 56.2 -16 34 52 8 E-S0 15.3   0.80   0.7         52049                   
 5664 LIB 14 33 43.7 -14 37 12 8 Sa   15.0   0.80   0.3  30     52033                   
 5665 BOO 14 32 25.6 +08 04 43 8 SBc  12.7   2.10   1.3 145     51953  9352             
 5666 BOO 14 33 09.3 +10 30 37 8 C    13.7   0.90   0.8 155     51995  9360             
 5667 DRA 14 30 22.7 +59 28 11 8 SBc  13.2   1.70   1.1 168     51830  9344             
 5668 VIR 14 33 24.2 +04 27 00 8 Scd  12.2   3.20   3.0         52018  9363             
 5669 BOO 14 32 44.0 +09 53 30 8 SBc  12.3   4.20   3.4  50     51973  9353             
 5670 LUP 14 35 36.1 -45 58 02 8 S0   13.0   2.30   1.0  74     52161                   
 5671 UMI 14 27 42.3 +69 41 39 8 SBb  14.2   1.70   1.2  45     51641  9297             
 5672 BOO 14 32 38.5 +31 40 11 8 Sb   14.2   0.80   0.5  50     51964  9354             
 5673 BOO 14 31 30.6 +49 57 29 8 SBc  13.6   2.40   0.6 136     51901  9347             
 5674 VIR 14 33 52.2 +05 27 29 8 SBc  13.7   1.10   1.0         52042  9369             
 5675 BOO 14 32 39.7 +36 18 07 8 SBb  13.8   2.80   1.0 137     51965  9357             
 5676 BOO 14 32 46.4 +49 27 23 8 Sbc  11.9   3.90   1.8  47     51978  9366             
 5677 BOO 14 34 12.6 +25 28 04 8 Sbc  14.7   0.90   0.7 135     52072  9378             
 5678 DRA 14 32 05.5 +57 55 21 8 SBb  12.2   3.30   1.4   5     51932  9358             
 5679 VIR 14 35 08.7 +05 21 31 8 Sb   13.8   1.10   0.7 127     52132  9383             
 5680 VIR 14 35 44.6 -00 00 50 8 E-S0 15.1   0.90   0.6  15     52173                   
 5681 BOO 14 35 43.0 +08 17 58 8 Sb   14.3   0.90   0.7   5     52169  9393             
 5682 BOO 14 34 45.1 +48 40 11 8 SBb  14.7   1.60   0.6 127     52107  9388             
 5683 BOO 14 34 52.4 +48 39 43 8 SB0- 16.1   0.40   0.3 170     52114                   
 5684 BOO 14 35 50.0 +36 32 35 8 S0   13.6   1.50   1.3 105     52179  9402             
 5685 BOO 14 36 15.3 +29 54 28 8 E    14.6   1.20   1.1         52192  9403             
 5686 BOO 14 36 02.5 +36 30 11 8 Sa   15.3   0.40   0.4         52189                   
 5687 BOO 14 34 52.2 +54 28 34 8 E-S0 12.7   2.50   1.9 105     52116  9395             
 5688 LUP 14 39 35.1 -45 01 09 8 SBc  12.6   3.80   2.4  85     52381                   
 5689 BOO 14 35 29.6 +48 44 28 8 SB0- 12.8   3.30   1.0  85     52154  9399             
 5690 VIR 14 37 41.1 +02 17 24 8 Sc   12.7   3.40   1.0 143     52273  9416             
 5691 VIR 14 37 53.4 -00 23 55 8 SBa/ 12.3   2.00   1.7 110     52291  9420             
 5692 VIR 14 38 18.0 +03 24 34 8 P    13.6   0.90   0.6  35     52317  9427             
 5693 BOO 14 36 11.3 +48 35 05 8 SBcd 14.2   1.80   1.5         52194  9406             
 5694 HYA 14 39 36.5 -26 32 18 4 VII  10.2   2.20                             
 5695 BOO 14 37 22.0 +36 34 02 8 SBa  13.6   1.50   1.1 150     52261  9421             
 5696 BOO 14 36 57.0 +41 49 40 8 Sb-c 13.8   2.00   1.5  45     52235  9415             
 5697 BOO 14 36 32.0 +41 41 05 8 Sb   14.7   0.90   0.4  25     52207  9407             
 5698 BOO 14 37 14.6 +38 27 14 8 SBb  13.9   1.80   0.9  70     52251  9419             
 5699 BOO 14 38 42.4 +30 27 55 8 E    15.8   0.30   0.3         52334                   
 5700 BOO 14 37 01.6 +48 32 41 8 SBbc 15.2   1.00   0.4  38     52237  9423             
 5701 VIR 14 39 11.1 +05 21 47 8 SB0- 11.8   4.70   4.6         52365  9436             
 5702 BOO 14 38 55.0 +20 30 22 8 S0   14.4   1.10   0.8 150     52347  9434             
 5703 BOO 14 38 50.2 +30 26 31 8 SBa  14.5   1.60   0.4 105     52343  9435             
 5704 BOO 14 38 16.2 +40 27 26 8 Sd   13.9   1.60   0.6 177     52315  9430             
 5705 VIR 14 39 49.8 -00 43 08 8 SBcd 13.9   3.00   1.9  75     52395  9447             
 5706 BOO 14 38 42.4 +30 27 55 8 E    15.8   0.30   0.3         52334                   
 5707 BOO 14 37 30.8 +51 33 42 8 Sa-b 13.4   2.50   0.5  35     52266  9428             
 5708 BOO 14 38 16.2 +40 27 26 8 Sd   13.9   1.60   0.6 177     52315  9430             
 5709 BOO 14 38 50.2 +30 26 31 8 SBa  14.5   1.60   0.4 105     52343  9435             
 5710 BOO 14 39 16.2 +20 02 35 8 E    14.0   1.20   1.2         52369  9440             
 5711 BOO 14 39 22.5 +19 59 24 8 SBa  15.0   1.00   0.6  73     52376  9445             
 5712 UMI 14 29 41.6 +78 51 51 8 E-S0 15.5   0.70   0.7         51799                   
 5713 VIR 14 40 11.3 -00 17 26 8 SBbc 11.8   2.90   2.5  10     52412  9451             
 5714 BOO 14 38 12.1 +46 38 15 8 Sc   14.1   3.20   0.4  82     52307  9431             
 5715 CIR 14 43 29.6 -57 34 37 3 II2m 10.0   6.00                             
 5716 LIB 14 41 05.5 -17 28 38 8 SBc  13.7   1.90   1.3  80     52458                   
 5717 BOO 14 38 37.6 +46 39 47 8 S    15.6   0.80   0.5  35     52332                   
 5718 VIR 14 40 42.8 +03 27 54 8 E-S0 14.2   1.50   1.1  90     52441  9459             
 5719 VIR 14 40 56.5 -00 19 06 8 SBab 13.4   3.20   1.2 107     52455  9462             
 5720 BOO 14 38 33.2 +50 48 53 8 Sb   14.7   2.10   1.4 140     52328  9439             
 5721 BOO 14 38 53.0 +46 40 26 8    M 14.4   0.20   0.2         52346                   
 5722 BOO 14 38 54.3 +46 39 56 8 E-S0 15.7   0.30   0.3         52355                   
 5723 BOO 14 38 57.8 +46 41 22 8 S  M 16.9   0.70   0.2   0     52354                   
 5724 BOO 14 39 02.0 +46 41 30 8 C    16.9   0.20   0.2         52360                   
 5725 VIR 14 40 58.2 +02 11 06 8 SBcd 14.4   1.20   0.8  40     52456  9466             
 5726 LIB 14 42 55.8 -18 26 41 8 E-S0 13.9   1.30   1.0  40     52563                   
 5727 BOO 14 40 26.1 +33 59 18 8 Sd   14.3   2.30   1.2 135     52424  9465             
 5728 LIB 14 42 24.0 -17 15 10 8 SBab 12.1   3.20   1.9  20     52521                   
 5729 LIB 14 42 06.9 -09 00 37 8 Sb   13.4   2.60   0.7 163     52507                   
 5730 BOO 14 39 52.1 +42 44 31 8 Irr  14.6   1.80   0.4  88     52396  9456             
 5731 BOO 14 40 09.3 +42 46 43 8 Sbc  14.1   1.60   0.4 116     52409  9460             
 5732 BOO 14 40 38.9 +38 38 15 8 Sb-c 14.3   1.40   0.7  40     52438  9467             
 5733 VIR 14 42 45.8 -00 21 07 8 Sc   14.7   1.00   0.4  32     52550                   
 5734 LIB 14 45 09.1 -20 52 15 8 S0   13.8   1.50   1.0  38     52678                   
 5735 BOO 14 42 33.4 +28 43 34 8 SBbc 13.5   2.40   1.9  40     52535  9481             
 5736 BOO 14 43 30.8 +11 12 09 8 S    14.7   1.10   0.7 100     52597                   
 5737 BOO 14 43 12.0 +18 52 48 8 SBb  14.5   1.30   0.8 170     52582  9488             
 5738 VIR 14 43 56.5 +01 36 11 8 S0   14.8   1.00   0.3  63     52614                   
 5739 BOO 14 42 28.9 +41 50 33 8 SB0- 13.2   1.90   1.8         52531  9486             
 5740 VIR 14 44 24.5 +01 40 46 8 SBb  12.6   2.80   1.5 160     52641  9493             
 5741 LIB 14 45 51.6 -11 54 51 8 E    14.0   1.00   1.0         52718                   
 5742 LIB 14 45 36.8 -11 48 37 8 S0   14.5   1.30   0.5  73     52707                   
 5743 LIB 14 45 10.9 -20 54 49 8 Sb   13.8   1.40   0.5  95     52680                   
 5744 LIB 14 46 38.4 -18 30 50 8 Sab  14.2   1.00   0.7 108     52761                   
 5745 LIB 14 45 01.8 -13 56 50 8 Sa   13.5   1.70   1.2  85     52669                   
 5746 VIR 14 44 55.7 +01 57 20 8 SBb  11.3   6.90   1.2 170     52665  9499             
 5747 BOO 14 44 20.7 +12 07 53 8 Sb   14.4   1.00   0.9         52638  9496             
 5748 BOO 14 45 05.0 +21 54 58 8 S    15.3   0.80   0.5 165     52672                   
 5749 LUP 14 48 53.8 -54 29 51 3 IV1p  9.0  10.00                             
 5750 VIR 14 46 10.9 -00 13 26 8 SB0- 12.5   3.20   1.5  65     52735  9512             
 5751 BOO 14 43 49.1 +53 24 00 8 Sc   13.9   1.50   0.8  55     52607  9498             
 5752 BOO 14 45 14.2 +38 43 43 8 Sb   14.9   0.50   0.2 130     52685                   
 5753 BOO 14 45 18.8 +38 48 21 8 S  M 15.3   0.40   0.4         52695                   
 5754 BOO 14 45 19.6 +38 43 56 8 SBb  13.9   2.00   1.8         52686  9505             
 5755 BOO 14 45 24.5 +38 46 47 8 SB?  14.3   1.30   1.0 120     52690  9507             
 5756 LIB 14 47 33.7 -14 51 14 8 SBbc 12.4   2.30   0.9  62     52825                   
 5757 LIB 14 47 46.3 -19 04 42 8 SBb  12.8   2.10   1.7 160     52839                   
 5758 BOO 14 47 02.1 +13 40 02 8 E-S0 14.5   1.10   0.9 150     52787  9524             
 5759 BOO 14 47 14.9 +13 27 20 8 Irr  14.9   0.30   0.2 130     52797  9525             
 5760 BOO 14 47 42.2 +18 30 04 8 Sa   14.2   1.50   0.7  96     52833  9531             
 5761 LIB 14 49 08.2 -20 22 34 8 S0   13.4   1.30   1.0  75     52916                   
 5762 BOO 14 48 42.6 +12 27 24 8 S?   14.0   1.50   1.3 140     52887  9535             
 5763 BOO 14 48 58.7 +12 29 24 8 S    15.0   0.60   0.6         52905                   
 5764 LUP 14 53 32.1 -52 40 14 3 II2p 13.0   3.00                             
 5765 VIR 14 50 51.6 +05 06 51 8 Sa-b 15.4   0.70   0.3 109     53012  9554             
 5766 LIB 14 53 09.5 -21 23 38 8 SBbc 14.2   1.10   0.7 149     53186                   
 5767 BOO 14 49 34.3 +47 22 32 8 SBab 15.0   0.90   0.7 150     52942  9549             
 5768 LIB 14 52 07.9 -02 31 51 8 Sc/I 13.5   1.80   1.4  60     53089  9564             
 5769 BOO 14 52 41.5 +07 55 55 8 E    15.0   0.30   0.3         53145                   
 5770 VIR 14 53 14.9 +03 57 37 8 SB0  13.2   1.70   1.3 120     53201  9575             
 5771 BOO 14 52 14.2 +29 50 43 8 E    14.5   0.80   0.7         53088                   
 5772 BOO 14 51 38.9 +40 35 56 8 Sb   13.7   2.10   1.3  35     53067  9566             
 5773 BOO 14 52 30.3 +29 48 27 8 Sa   14.4   0.80   0.8         53124  9571             
 5774 VIR 14 53 42.4 +03 34 56 8 SBcd 13.0   3.00   2.3 145     53231  9576             
 5775 VIR 14 53 57.4 +03 32 40 8 SBc  12.5   4.00   1.1 146     53247  9579             
 5776 VIR 14 54 32.7 +02 57 59 8 S    14.5   0.90   0.7         53289                   
 5777 DRA 14 51 17.8 +58 58 38 8 Sb   14.1   3.10   0.4 144     53043  9568             
 5778 BOO 14 54 31.4 +18 38 32 8 E    15.3   1.20   0.9  10     53279  9590             
 5779 DRA 14 52 09.4 +55 53 58 8 S    16.0   0.40   0.4         53090                   
 5780 BOO 14 54 22.6 +28 56 22 8 Sab  14.8   0.90   0.4 135     53275                   
 5781 LIB 14 56 41.1 -17 14 41 8 SBb  14.5   1.40   0.8  30     53417                   
 5782 BOO 14 55 55.3 +11 51 40 8 S0   14.7   1.30   1.3         53379  9602             
 5783 BOO 14 53 28.3 +52 04 34 8 SBc  13.6   2.90   1.8   0     53217  9586             
 5784 BOO 14 54 16.4 +42 33 29 8 S0   13.4   1.90   1.8         53265  9592             
 5785 BOO 14 53 28.3 +52 04 34 8 SBc  13.6   2.90   1.8   0     53217  9586             
 5786 CEN 14 58 56.4 -42 00 54 8 SBbc 12.0   2.30   1.2  63     53527                   
 5787 BOO 14 55 15.4 +42 30 24 8 C    14.1   0.90   0.9         53339  9599             
 5788 BOO 14 53 16.8 +52 02 39 8 S    15.7   0.60   0.4  50     53189                   
 5789 BOO 14 56 35.7 +30 13 58 8 SBd  14.0   0.90   0.8         53414  9615             
 5790 BOO 14 57 35.9 +08 17 05 8 S0-a 14.9   0.90   0.8  77     53459  9624             
 5791 LIB 14 58 46.0 -19 16 03 8 E    12.7   2.50   1.3 163     53516                   
 5792 LIB 14 58 22.6 -01 05 27 8 SBb  12.1   6.80   1.7  84     53499  9631             
 5793 LIB 14 59 24.7 -16 41 38 8 Sb   14.3   1.70   0.6 150     53550                   
 5794 BOO 14 55 53.6 +49 43 31 8 S    14.4   1.00   1.0         53378  9610             
 5795 BOO 14 56 19.0 +49 23 53 8 Sc   14.7   1.60   0.3  64     53402  9617             
 5796 LIB 14 59 24.0 -16 37 27 8 E    12.6   2.80   1.8  95     53549                   
 5797 BOO 14 56 23.9 +49 41 42 8 S0-a 13.7   1.10   0.6 110     53408  9619             
 5798 BOO 14 57 37.9 +29 58 03 8 Irr  13.6   1.40   0.9  42     53463  9628             
 5799 APS 15 05 35.5 -72 26 00 8 S0-a 14.3   1.30   0.9 130     53875                   
 5800 LUP 15 01 47.8 -51 55 06 3 OCL   8.0   5.00                                       
 5801 LIB 15 00 25.9 -13 54 15 8 Sb   15.1   0.70   0.5  40     53596                   
 5802 LIB 15 00 29.9 -13 55 08 8 S0   14.6   0.90   0.5  90     53601                   
 5803 LIB 15 00 34.4 -13 53 40 8 E-S0 15.8   0.50   0.5         53609                   
 5804 BOO 14 57 06.6 +49 40 05 8 SBb  13.9   1.20   1.1         53437  9627             
 5805 BOO 14 57 11.7 +49 37 41 8 C    15.8   0.40   0.4                                 
 5806 VIR 15 00 00.2 +01 53 25 8 SBb  12.5   3.20   1.6 170     53578  9645             
 5807 DRA 14 55 48.4 +63 54 12 8 E-S0 15.2   0.50   0.5         53373                   
 5808 UMI 14 54 02.7 +73 07 53 8 SBbc 14.3   0.90   0.9         53251  9609             
 5809 LIB 15 00 52.2 -14 09 57 8 S0-a 14.5   1.40   0.7 145     53624                   
 5810 LIB 15 02 42.5 -17 52 08 8 SBb  14.0   1.20   0.8  31     53711                   
 5811 VIR 15 00 27.2 +01 37 22 8 SBm  14.7   1.00   0.7 100     53597                   
 5812 LIB 15 00 55.7 -07 27 29 8 E    12.2   2.30   2.0 130     53630                   
 5813 VIR 15 01 11.1 +01 42 05 8 E    11.5   4.00   2.8 145     53643  9655             
 5814 VIR 15 01 21.1 +01 38 12 8 Sab  14.7   0.90   0.5  50     53653                   
 5815 LIB 15 00 29.1 -16 50 04 8 Sb   14.5   0.80   0.4  20     53600                   
 5816 LIB 15 00 04.8 -16 05 39 8 S0   15.8   0.50   0.3  95                             
 5817 LIB 14 59 40.8 -16 10 52 8 S0   14.7   0.90   0.9         53567                   
 5818 BOO 14 58 58.3 +49 49 17 8 S0   14.8   1.20   0.9 170     53530  9643             
 5819 UMI 14 54 02.7 +73 07 53 8 SBbc 14.3   0.90   0.9         53251  9609             
 5820 BOO 14 58 39.9 +53 53 07 8 S0   13.3   2.20   2.0         53511  9642             
 5821 BOO 14 58 59.8 +53 55 22 8 S?   14.6   1.80   0.9 148     53532  9648             
 5822 LUP 15 04 21.1 -54 23 47 3 II1r  7.0  35.00                             
 5823 CIR 15 05 30.5 -55 36 13 3 III2  7.0  12.00                             
 5824 LUP 15 03 58.5 -33 04 04 4 I     9.1   6.20                                       
 5825 BOO 14 54 31.4 +18 38 32 8 E    15.3   1.20   0.9  10     53279  9590             
 5826 DRA 15 06 33.7 +55 28 43 8 S0   15.4   1.20   0.9  25     53949  9725             
 5827 BOO 15 01 53.5 +25 57 49 8 S?   13.8   1.10   0.8 135     53676  9662             
 5828 BOO 15 00 45.9 +49 59 34 8 Sc   14.3   0.60   0.5  50     53618  9658             
 5829 BOO 15 02 42.0 +23 19 58 8 Sc   13.8   1.70   1.5  30     53709  9673             
 5830 BOO 15 01 51.0 +47 52 31 8 Sb   15.1   1.00   0.7 170     53674  9670             
 5831 VIR 15 04 06.8 +01 13 10 8 E    12.5   2.10   1.9  55     53770  9678             
 5832 UMI 14 57 45.7 +71 40 51 8 SBb  13.0   3.60   2.2  45     53469  9649             
 5833 APS 15 11 54.1 -72 51 34 8 Sbc  12.8   3.50   1.3 128     54250                   
 5834 LUP 15 03 58.5 -33 04 04 3 I     9.1   6.20                                       
 5835 BOO 15 02 25.3 +48 52 39 8 Sa   15.3   1.10   0.9 160     53699  9674             
 5836 UMI 14 59 31.1 +73 53 33 8 SBb  14.7   1.20   1.0         53554  9664             
 5837 BOO 15 04 40.6 +12 38 00 8 SBbc 14.5   1.00   0.6  25     53817  9686             
 5838 VIR 15 05 26.0 +02 05 54 8 E-S0 11.9   3.70   1.6  43     53862  9692             
 5839 VIR 15 05 27.4 +01 38 02 8 S0   13.7   1.30   1.2  35     53865  9693             
 5841 VIR 15 06 34.8 +02 00 16 8 S0-a 14.8   1.10   0.4 140     53941                   
 5842 BOO 15 04 52.1 +21 04 11 8 C    15.3   0.40   0.4         53831                   
 5843 LUP 15 07 27.8 -36 19 44 8 SBb  13.1   1.90   1.1  70     53996                   
 5844 TRA 15 10 40.7 -64 40 24 6 PN   12.0   1.00                                       
 5845 VIR 15 06 00.6 +01 37 59 8 E    13.5   0.70   0.5 150     53901  9700             
 5846 VIR 15 06 29.0 +01 36 17 8 E    11.1   4.00   3.7         53932  9706             
 5847 VIR 15 06 22.2 +06 22 45 8 Sbc  15.1   0.70   0.4   0     53928                   
 5848 VIR 15 06 34.8 +02 00 16 8 S0-a 14.8   1.10   0.4 140     53941                   
 5849 LIB 15 06 50.6 -14 34 18 8 S0   14.6   0.90   0.8  30     53962                   
 5850 VIR 15 07 07.5 +01 32 37 8 SBab 11.6   4.50   3.9 140     53979  9715             
 5851 BOO 15 06 53.3 +12 51 27 8 Sc   15.0   1.00   0.3  43     53965  9714             
 5852 BOO 15 06 56.3 +12 50 49 8 S    14.5   1.10   0.6 125     53974                   
 5853 BOO 15 05 53.2 +39 31 20 8 SBb  14.5   1.50   0.9 150     53894  9707             
 5854 VIR 15 07 47.6 +02 34 05 8 SB0- 12.8   2.70   0.8  55     54013  9726             
 5855 VIR 15 07 48.9 +03 59 03 8 C    15.2   0.70   0.7         54014                   
 5856 BOO 15 07 20.3 +18 26 30 0 *     6.0                                              
 5857 BOO 15 07 27.3 +19 35 52 8 SBb  13.8   1.20   0.6 137     53995  9724             
 5858 LIB 15 08 49.1 -11 12 31 8 E    13.8   2.00   1.2 135     54075                   
 5859 BOO 15 07 34.9 +19 34 53 8 SBbc 13.3   3.00   0.8 136     54001  9728             
 5860 BOO 15 06 33.7 +42 38 29 8 S0+S 14.2   0.90   0.7  30     53939  9717             
 5861 LIB 15 09 16.2 -11 19 22 8 SBc  12.1   3.00   1.7 150     54097                   
 5862 DRA 15 06 03.2 +55 34 26 8 C    15.9   0.30   0.3         53900                   
 5863 LIB 15 10 48.3 -18 25 54 8 SBR  13.5   1.40   1.2         54160                   
 5864 VIR 15 09 33.5 +03 03 10 8 SB0  12.9   2.50   0.9  68     54111  9740             
 5865 VIR 15 09 49.1 +00 31 47 8 E-S0 15.1   1.10   1.0  66     54118  9743             
 5866 DRA 15 06 29.4 +55 45 47 8 S0-a 10.8   6.50   3.1 128     53933  9723             
 5867 DRA 15 06 24.3 +55 43 52 8 C    16.5   0.20   0.2                                 
 5868 VIR 15 09 49.1 +00 31 47 8 E-S0 15.1   1.10   1.0  66     54118  9743             
 5869 VIR 15 09 49.4 +00 28 11 8 S0   12.9   2.30   1.6 125     54119  9742             
 5870 DRA 15 06 33.7 +55 28 43 8 S0   15.4   1.20   0.9  25     53949  9725             
 5871 VIR 15 10 04.8 +00 29 49 0 *                                                      
 5872 LIB 15 10 55.6 -11 28 48 8 S0   14.8   1.50   0.9   5     54169                   
 5873 LUP 15 12 50.7 -38 07 33 6 PN   13.0   0.10                                       
 5874 BOO 15 07 51.9 +54 45 08 8 SBbc 13.2   2.30   1.6  53     54018  9736             
 5875 BOO 15 09 13.1 +52 31 39 8 Sb   13.3   2.30   1.2 145     54095  9745             
 5876 BOO 15 09 31.4 +54 30 21 8 SBab 13.7   2.40   1.2  50     54110  9747             
 5877 LIB 15 12 53.1 -04 55 29 0 *3                                                     
 5878 LIB 15 13 45.7 -14 16 15 8 Sb   12.5   3.20   1.4   5     54364                   
 5879 DRA 15 09 46.8 +57 00 00 8 Sbc  12.2   3.90   1.4   8     54117  9753             
 5880 LIB 15 15 01.0 -14 34 44 8 S0   15.3   0.60   0.6         54427                   
 5881 DRA 15 06 20.6 +62 58 48 8 S?   14.2   0.80   0.7  60     53920  9729             
 5882 LUP 15 16 50.0 -45 38 58 6 PN   10.5   0.17                                       
 5883 LIB 15 15 10.1 -14 37 01 8 S0   14.6   0.90   0.5 120     54439                   
 5884 BOO 15 13 09.2 +31 51 42 0 *2                                                     
 5885 LIB 15 15 04.2 -10 05 11 8 SBR  12.1   3.90   3.1  65     54429                   
 5886 BOO 15 12 45.4 +41 14 00 8 E-S0 15.0   0.90   0.4  87     54298                   
 5887 SER 15 14 43.9 +01 09 15 8 S0-a 14.8   1.20   1.0 160     54416  9779             
 5888 BOO 15 13 07.4 +41 15 50 8 SBbc 14.2   1.30   0.8 158     54316  9771             
 5889 BOO 15 13 15.7 +41 19 38 8 SBb  15.5   0.90   0.3  40     54317                   
 5890 LIB 15 17 51.1 -17 35 21 8 S0-a 13.7   1.60   1.1 100     54602                   
 5891 LIB 15 16 13.2 -11 29 40 8 Sbc  15.0   0.80   0.5 140     54491                   
 5892 LIB 15 13 48.1 -15 27 53 8 SBcd 12.7   3.60   2.9 105     54365                   
 5893 BOO 15 13 34.3 +41 57 31 8 SBb  14.0   1.20   1.1  45     54351  9774             
 5894 DRA 15 11 40.9 +59 48 29 8 SBm  13.3   3.00   0.4  13     54234  9768             
 5895 BOO 15 13 50.1 +42 00 26 8 Sc   15.0   0.90   0.2  20     54366                   
 5896 BOO 15 13 50.6 +42 01 28 8    M 14.4   0.20   0.2         54367                   
 5897 LIB 15 17 24.5 -21 00 37 4 XI    8.5   8.70                             
 5898 LIB 15 18 13.6 -24 05 53 8 E    12.4   2.60   2.3         54625                   
 5899 BOO 15 15 03.3 +42 02 57 8 SBc  12.5   3.30   1.4  18     54428  9789             
 5900 BOO 15 15 05.2 +42 12 32 8 Sb   14.9   1.40   0.4 131     54431  9790             
 5901 BOO 15 15 02.3 +42 13 42 0 *                                                      
 5902 BOO 15 14 22.3 +50 19 47 8 S    14.0   1.10   1.0         54394                   
 5903 LIB 15 18 36.5 -24 04 08 8 E    12.2   3.20   2.3 168     54646                   
 5904 SER 15 18 33.8 +02 04 58 4 V     5.7  19.90             5                       
 5905 DRA 15 15 23.3 +55 31 02 8 SBb  12.9   3.80   2.3 135     54445  9797             
 5906 DRA 15 15 52.1 +56 19 48 5 GxyP                                                   
 5907 DRA 15 15 53.8 +56 19 47 8 Sc   11.1  11.80   1.3 155     54470  9801             
 5908 DRA 15 16 43.1 +55 24 32 8 Sb   12.8   3.30   1.4 154     54522  9805             
 5909 UMI 15 11 27.9 +75 23 02 8 Sbc  14.8   1.10   0.5  52     54223  9778             
 5910 SER 15 19 24.7 +20 53 44 8 E-S0 14.3   0.60   0.6         54689                   
 5911 SER 15 20 18.1 +03 31 06 8 S0-a 14.9   0.70   0.7         54731                   
 5912 UMI 15 11 40.5 +75 23 03 8 E-S0 14.8   1.20   1.1  95     54237                   
 5913 SER 15 20 55.5 -02 34 44 8 SBR  14.4   1.60   0.7 168     54761  9818             
 5914 BOO 15 18 43.7 +41 51 53 8 S    14.9   0.80   0.3 165     54654                   
 5915 LIB 15 21 33.0 -13 05 32 8 SBab 12.7   1.60   1.1  35     54816                   
 5916 LIB 15 21 37.8 -13 10 11 8 SBa/ 14.2   2.30   0.7  15     54825                   
 5917 LIB 15 21 32.5 -07 22 41 8 Sb   14.0   1.60   0.9  70     54809                   
 5918 BOO 15 19 25.1 +45 52 47 8 Sc   13.9   1.90   0.8  85     54690  9817             
 5919 SER 15 21 36.8 +07 43 09 8 E    16.9   0.30   0.3         54826                   
 5920 SER 15 21 51.8 +07 42 30 8 S0   14.7   1.10   0.9  90     54839  9822             
 5921 SER 15 21 56.3 +05 04 11 8 SBbc 11.5   4.80   4.0 130     54849  9824             
 5922 BOO 15 21 09.1 +41 40 21 0 *2                                                     
 5923 BOO 15 21 14.1 +41 43 33 8 SBbc 13.7   1.80   1.8         54780  9823             
 5924 CRB 15 22 02.0 +31 13 55 8 Sa   15.3   0.80   0.3  15     54850                   
 5925 NOR 15 27 26.7 -54 31 43 3 III1  8.0  20.00                             
 5926 SER 15 23 25.0 +12 42 55 8 S?   14.7   0.90   0.9         54950                   
 5927 LUP 15 28 00.5 -50 40 22 4 VIII  8.0  12.00                             
 5928 SER 15 26 02.8 +18 04 23 8 S0   13.5   2.20   1.6 105     55072  9847             
 5929 BOO 15 26 06.1 +41 40 14 8 Sa-b 14.1   0.90   0.8         55076  9851             
 5930 BOO 15 26 08.0 +41 40 31 8 SBb/ 13.0   1.80   0.8 163     55080  9852             
 5931 SER 15 29 29.6 +07 34 21 8 S0   14.7   1.00   0.5  45     55233                   
 5932 BOO 15 26 48.2 +48 36 52 8 S    15.3   0.80   0.8         55109                   
 5933 BOO 15 27 01.5 +48 36 48 8 S0   15.5   0.50   0.2  25     55117                   
 5934 BOO 15 28 12.6 +42 55 45 8 S?   14.7   0.70   0.3   2     55178  9862             
 5935 BOO 15 28 16.6 +42 56 39 8 S?   14.8   0.70   0.3  30     55183                   
 5936 SER 15 30 00.8 +12 59 18 8 SBb  13.1   1.30   1.3         55255  9867             
 5937 SER 15 30 46.2 -02 49 47 8 Sb   12.7   1.90   1.1  20     55281                   
 5938 TRA 15 36 26.1 -66 51 35 8 SBbc 11.7   2.80   2.5 177     55582                   
 5939 UMI 15 24 45.8 +68 43 45 8 Sbc  13.9   0.90   0.5  35     55022  9854             
 5940 SER 15 31 18.2 +07 27 25 8 SBab 14.5   0.80   0.8         55295  9876             
 5941 SER 15 31 40.3 +07 20 18 8 S0   14.9   0.40   0.3  70     55314                   
 5942 SER 15 31 36.8 +07 18 42 8 E-S0 15.3   0.40   0.4         55309                   
 5943 BOO 15 29 44.0 +42 46 41 8 S0   14.8   1.30   1.3         55242  9870             
 5944 SER 15 31 47.6 +07 18 27 8 Sbc  15.8   0.80   0.2 110     55321                   
 5945 BOO 15 29 44.9 +42 55 07 8 SBab 13.8   2.10   2.0 105     55243  9871             
 5946 NOR 15 35 28.5 -50 39 34 4 IX    9.6   7.10                                       
 5947 BOO 15 30 36.6 +42 43 01 8 SBbc 14.5   1.20   1.2         55274  9877             
 5948 SER 15 32 58.6 +03 58 58 0 *2                                                     
 5949 DRA 15 28 00.7 +64 45 45 8 Sbc  12.9   2.20   1.0 147     55165  9866             
 5950 BOO 15 31 30.6 +40 25 48 8 Sb   14.6   1.50   0.8  37     55305  9884             
 5951 SER 15 33 43.1 +15 00 25 8 SBc  13.6   3.60   0.8   5     55435  9895             
 5952 SER 15 34 56.3 +04 57 32 8 C    15.2   0.40   0.3 120     55496                   
 5953 SER 15 34 32.3 +15 11 37 8 S0-a 12.9   2.00   1.6 169     55480  9903             
 5954 SER 15 34 34.9 +15 12 02 8 SBc/ 12.9   1.10   0.5   5     55482  9904             
 5955 SER 15 35 12.4 +05 03 46 8 SBb  14.8   0.90   0.6  10     55510                   
 5956 SER 15 34 58.5 +11 44 59 8 Sc   13.2   1.60   1.6         55501  9908             
 5957 SER 15 35 23.1 +12 02 50 8 SBb  12.9   3.10   3.0         55520  9915             
 5958 CRB 15 34 49.1 +28 39 17 8 Sc   13.4   1.00   1.0         55494  9909             
 5959 LIB 15 37 22.3 -16 35 48 8 E    14.6   2.00   1.7  25     55625                   
 5960 SER 15 36 18.4 +05 39 55 8 Sbc  15.1   0.70   0.6         55575                   
 5961 CRB 15 35 16.2 +30 51 49 8 Sb   14.4   0.80   0.3 100     55515  9918             
 5962 SER 15 36 31.6 +16 36 26 8 Sc   12.0   3.00   2.2 110     55588  9926             
 5963 DRA 15 33 27.8 +56 33 34 8 Sc   13.0   3.30   2.6  55     55419  9906             
 5964 SER 15 37 36.2 +05 58 23 8 SBcd 12.9   4.10   3.3 145     55637  9935             
 5965 DRA 15 34 02.0 +56 41 06 8 Sb   12.7   4.70   0.7  53     55459  9914             
 5966 BOO 15 35 52.2 +39 46 07 8 E    13.3   1.80   1.1  90     55552  9923             
 5967 APS 15 48 16.0 -75 40 25 8 SBc  12.7   2.70   1.7  90     56078                   
 5968 LUP 15 39 57.0 -30 33 13 8 SBab 13.1   2.10   1.9         55738                   
 5969 DRA 15 34 50.9 +56 27 03 8 E-S0 15.6   0.50   0.3   0     55491                   
 5970 SER 15 38 30.0 +12 11 09 8 SBc  12.2   3.00   2.0  88     55665  9943             
 5971 DRA 15 35 36.9 +56 27 41 8 Sa   14.7   1.60   0.6 136     55529  9929             
 5972 SER 15 38 54.1 +17 01 32 8 S0-a 14.7   1.00   0.7   5     55684  9946             
 5973 LIB 15 40 15.6 -08 36 05 8 S0-a 16.1   0.90   0.3 140     55757                   
 5974 CRB 15 39 02.3 +31 45 33 8 Sc   14.7   0.60   0.3 110     55694  9952             
 5975 SER 15 39 58.0 +21 28 12 8 Sbc  14.9   1.00   0.3 171     55739  9963             
 5976 DRA 15 36 47.8 +59 23 52 8 S0   15.7   0.80   0.4 130     55609                   
 5977 SER 15 40 33.4 +17 07 41 8 SB0  14.9   1.20   1.0 155     55769  9967             
 5978 LIB 15 42 27.1 -13 14 04 8 Sa   14.6   0.80   0.7         55838                   
 5979 TRA 15 47 41.1 -61 13 04 6 PN   13.0   0.10                                       
 5980 SER 15 41 30.5 +15 47 13 8 Sc   13.4   1.90   0.7  13     55800  9974             
 5981 DRA 15 37 53.4 +59 23 27 8 Sb-c 13.9   2.70   0.3 140     55647  9948             
 5982 DRA 15 38 40.0 +59 21 20 8 E    12.0   3.00   2.1 110     55674  9961             
 5983 SER 15 42 45.5 +08 14 28 8 E    14.9   1.00   1.0         55845  9983             
 5984 SER 15 42 53.1 +14 13 54 8 SBcd 13.3   2.90   0.7 144     55853  9987             
 5985 DRA 15 39 37.1 +59 19 53 8 SBb  11.9   5.40   2.7  13     55725  9969             
 5986 LUP 15 46 03.5 -37 47 10 4 VII   7.5   9.80                             
 5987 DRA 15 39 56.9 +58 04 45 8 Sb   12.7   4.20   1.3  65     55740  9971             
 5988 SER 15 44 33.8 +10 17 33 8 SBc  14.9   1.20   1.0 115     55921  9998             
 5989 DRA 15 41 32.4 +59 45 16 8 Sc   13.7   0.90   0.9         55802  9985             
 5990 SER 15 46 16.4 +02 24 54 8 Sa   13.2   1.60   0.9 115     55993  10024            
 5991 SER 15 45 16.7 +24 37 50 8 S    14.6   0.80   0.6 120     55953                   
 5992 BOO 15 44 21.5 +41 05 07 8 Sab  14.3   0.90   0.7 130     55913  10003            
 5993 BOO 15 44 27.6 +41 07 13 8 SBb  14.0   1.20   0.9 140     55918  10007            
 5994 SER 15 46 53.2 +17 52 21 8 SBbc 15.1   0.40   0.2  93     56020  10033            
 5995 LIB 15 48 24.9 -13 45 28 8 Sa   14.5   0.90   0.7 120     56081                   
 5996 SER 15 46 58.9 +17 53 00 8 Sc   13.2   1.70   0.9  20     56023  10033            
 5997 SER 15 47 27.6 +08 19 16 8 C    15.2   0.50   0.4  90     56044                   
 5998 SCO 15 49 38.1 -28 34 41 0 *Grp        2.00   1.0                                 
 5999 NOR 15 52 08.5 -56 28 22 3 I3m   9.0   3.00                             
 6000 SCO 15 49 49.4 -29 23 15 8 SBbc 13.0   1.90   1.6 154     56145                   
 6001 CRB 15 47 45.9 +28 38 28 8 Sc   14.4   1.00   1.0         56056  10036            
 6002 CRB 15 47 44.3 +28 36 36 0 *                                                      
 6003 SER 15 49 25.6 +19 01 55 8 S0   14.4   0.90   0.9         56130  10048            
 6004 SER 15 50 22.8 +18 56 20 8 SBc  13.3   1.80   1.7 105     56166  10056            
 6005 NOR 15 55 48.6 -57 26 14 3 I2p  10.0   5.00                             
 6006 SER 15 53 02.5 +12 00 19 8 E    15.2   0.60   0.4   0     56295                   
 6007 SER 15 53 23.2 +11 57 33 8 Sc   13.8   1.70   1.2  65     56309  10079            
 6008 SER 15 52 55.9 +21 06 02 8 SBb  14.0   1.40   1.4         56289  10076            
 6009 SER 15 53 24.1 +12 03 28 8 S    15.3   0.50   0.2 175     56312                   
 6010 SER 15 54 18.9 +00 32 33 8 S0-a 13.4   2.00   0.5 105     56337  10081            
 6011 UMI 15 46 32.4 +72 10 07 8 Sb   14.3   2.00   0.7 110     56008  10047            
 6012 SER 15 54 13.6 +14 36 06 8 SBab 12.7   2.10   1.5 168     56334  10083            
 6013 HER 15 52 52.9 +40 38 46 8 SBb  14.4   1.40   0.8 174     56287  10080            
 6014 SER 15 55 57.5 +05 55 52 8 S0   13.5   1.70   1.6         56413  10091            
 6015 DRA 15 51 25.4 +62 18 29 8 Sc   11.7   5.40   2.1  28     56219  10075            
 6016 CRB 15 55 54.9 +26 58 00 8 SBc  15.1   1.00   0.5  26     56410  10096            
 6017 SER 15 57 15.4 +05 59 54 8 S    14.0   0.80   0.7 140     56475  10098            
 6018 SER 15 57 29.8 +15 52 20 8 S0-a 14.3   1.40   0.7  75     56481  10101            
 6019 DRA 15 52 09.1 +64 50 25 8 E    15.7   0.30   0.3         56265                   
 6020 SER 15 57 08.1 +22 24 16 8 E    13.8   1.40   1.0 140     56467  10100            
 6021 SER 15 57 30.7 +15 57 21 8 E    14.1   1.40   0.8 160     56482  10102            
 6022 SER 15 57 47.9 +16 16 56 8 SBbc 15.4   0.70   0.5  80     56495                   
 6023 SER 15 57 49.5 +16 18 36 8 E    14.3   1.40   1.0  70     56492  10106            
 6024 DRA 15 53 07.8 +64 55 04 8 S    15.3   0.70   0.6         56294                   
 6025 TRA 16 03 17.7 -60 25 53 3 II2p  5.0  14.00                             
 6026 LUP 16 01 21.0 -34 32 39 6 PN   11.5   1.00                                       
 6027 SER 15 59 10.9 +20 45 43 8 S0-a 15.1   0.40   0.3  40     56575  10116 Seyfert Galaxies
 6028 HER 16 01 29.1 +19 21 32 8 S0-a 14.4   1.30   1.1  30     56716  10135            
 6029 SER 16 01 58.8 +12 34 27 8 C    15.5   1.20   0.7   5     56756                   
 6030 HER 16 01 51.3 +17 57 25 8 S0   13.8   1.20   0.8  43     56750  10139            
 6031 NOR 16 07 35.3 -54 00 54 3 I2p   8.0   3.00                             
 6032 HER 16 03 01.1 +20 57 19 8 SBb  14.3   1.60   0.7   0     56842  10148            
 6033 SER 16 04 27.9 -02 07 15 8 Sbc  15.4   1.10   1.0  90     56941  10159            
 6034 HER 16 03 32.0 +17 11 53 8 E    14.6   1.00   0.8         56877                   
 6035 HER 16 03 24.1 +20 53 25 8 SBc  14.3   0.90   0.8         56864  10154            
 6036 SER 16 04 30.7 +03 52 03 8 S0-a 14.1   1.10   0.4 146     56950  10163            
 6037 SER 16 04 29.8 +03 48 54 8 Sab  15.0   0.70   0.7         56947                   
 6038 CRB 16 02 40.4 +37 21 32 8 Sc   14.3   1.10   1.1         56812  10149            
 6039 HER 16 04 39.5 +17 41 59 8 E-S0 14.9   0.80   0.7  65     56972                   
 6040 HER 16 04 26.5 +17 44 29 8 S0   15.5   0.80   0.7         56942  10165            
 6041 HER 16 04 35.0 +17 43 00 8 E-S0 16.6   0.40   0.3  88     56960  10170            
 6042 HER 16 04 39.5 +17 41 59 8 E-S0 14.9   0.80   0.7  65     56972                   
 6043 HER 16 05 00.7 +17 46 22 8 C    16.2   0.30   0.3                                 
 6044 HER 16 04 59.6 +17 52 11 8 S0   15.2   0.60   0.6         57015                   
 6045 HER 16 05 10.3 +17 45 28 8 S0   16.5   0.40   0.2 160     84720         
 6046 HER 16 01 29.1 +19 21 32 8 S0-a 14.4   1.30   1.1  30     56716  10135            
 6047 HER 16 05 09.0 +17 43 45 8 E    14.7   1.10   0.8  90     57033                   
 6048 UMI 15 57 30.2 +70 41 18 8 E    13.3   2.20   1.7 140     56484  10124            
 6049 SER 16 05 37.8 +08 05 46 0 *                                                      
 6050 HER 16 05 22.3 +17 45 14 8 SBc  16.1   0.40   0.3  35     57053  10186            
 6051 SER 16 04 56.6 +23 55 54 8 E    14.2   1.30   0.9 165     57006  10178            
 6052 HER 16 05 12.6 +20 32 29 8 Sc/P 14.5   0.60   0.6         57039  10182            
 6053 HER 16 05 39.5 +18 09 51 8 E    15.6   0.60   0.5         57090                   
 6054 HER 16 05 38.1 +17 46 01 8 E    15.3   0.80   0.4  65     57086                   
 6055 HER 16 05 32.7 +18 09 32 8 SB0- 15.0   1.00   0.6  40     57076  10191            
 6056 HER 16 05 31.1 +17 57 44 8 SB0- 15.0   0.90   0.5  50     57075                   
 6057 HER 16 05 39.5 +18 09 51 8 E    15.6   0.60   0.5         57090                   
 6058 HER 16 04 26.6 +40 40 59 6 PN   13.3   0.38                                       
 6060 HER 16 05 52.2 +21 29 02 8 SBbc 14.1   2.00   1.1 105     57110  10196            
 6061 HER 16 06 16.1 +18 14 58 8 E-S0 14.6   1.00   0.8  90     57137  10199            
 6062 HER 16 06 22.9 +19 46 35 8 SBbc 14.2   1.20   0.9  10     57145  10202            
 6063 SER 16 07 13.1 +07 58 44 8 Sc   13.9   1.70   0.9 159     57205  10210            
 6064 HER 16 05 12.6 +20 32 29 8 Sc/P 14.5   0.60   0.6         57039  10182            
 6065 SER 16 07 22.9 +13 53 16 8 S0   15.0   0.80   0.8         57215                   
 6066 SER 16 07 35.2 +13 56 37 8 S    14.9   0.80   0.8         57230                   
 6067 NOR 16 13 10.9 -54 13 08 3 I2r   5.0  14.00                             
 6068 UMI 15 55 25.5 +78 59 46 8 SBbc 13.2   1.00   0.7 155     56388  10126            
 6069 CRB 16 07 41.6 +38 55 51 8 S0   15.2   0.90   0.9         57237                   
