 7094 PEG 21 36 53.0 +12 47 20 6 PN   14.0   1.58                                       
 7095 OCT 21 52 24.8 -81 31 55 8 Sc   12.1   4.00   3.3         67546                   
 7096 IND 21 41 19.1 -63 54 32 8 Sa   12.8   1.80   1.6 130     67168                   
 7097 GRU 21 40 12.8 -42 32 23 8 E    12.6   1.80   1.2  20     67146                   
 7098 OCT 21 44 16.0 -75 06 41 8 SBR  12.2   4.00   2.6  74     67266                   
 7099 CAP 21 40 22.0 -23 10 45 4 V     7.2   8.90            30                       
 7100 PEG 21 39 06.9 +08 57 00 0 *                                                      
 7101 PEG 21 39 34.5 +08 52 36 8 C    14.5   0.50   0.5         67118                   
 7102 PEG 21 39 44.5 +06 17 07 8 SBb  13.7   1.60   0.9 153     67120  11786            
 7103 CAP 21 39 51.3 -22 28 26 8 E    15.3   1.40   1.2         67124                   
 7104 CAP 21 40 03.2 -22 25 30 8 E    14.8   0.70   0.6         67137                   
 7105 CAP 21 41 41.3 -10 38 08 8 S0   14.3   1.00   0.5 130     67181                   
 7106 IND 21 42 36.5 -52 41 59 8 SBc  13.9   1.70   1.0  81     67215                   
 7107 GRU 21 42 26.5 -44 47 33 8 SBdm 13.2   2.10   1.5         67209                   
 7108 AQR 21 41 53.7 -06 42 33 8 E?   13.8   1.00   0.7  48     67189                   
 7109 PSA 21 41 58.5 -34 26 48 8 E    14.4   0.80   0.8         67192                   
 7110 PSA 21 42 12.0 -34 09 48 8 SBb  14.3   1.30   0.6  76     67199                   
 7111 AQR 21 41 53.7 -06 42 33 8 E?   13.8   1.00   0.7  48     67189                   
 7112 PEG 21 42 22.8 +12 29 52 8 Sa-b 15.3   1.20   0.4  81     67205  11794            
 7113 PEG 21 42 26.5 +12 34 07 8 E    14.9   0.90   0.9         67208                   
 7114 CYG 21 41 44.0 +42 50 29 0 *Grp                                                   
 7115 PSA 21 43 39.2 -25 21 06 8 Sb   13.5   1.70   0.4  66     67248                   
 7116 CYG 21 42 40.4 +28 56 46 8 Sbc  14.3   1.10   0.4 105     67218  11796            
 7117 GRU 21 45 47.0 -48 25 18 8 E-S0 13.7   1.40   0.8  27     67303                   
 7118 GRU 21 46 09.8 -48 21 14 8 E-S0 13.5   1.40   1.1  50     67318                   
 7119 GRU 21 46 15.7 -46 30 58 8 SBbc 13.6   1.20   0.9 130     67325                   
 7120 AQR 21 44 33.2 -06 31 25 8 Sb   15.2   0.80   0.4 137     67273                   
 7121 AQR 21 44 52.6 -03 37 13 8 Sbc  14.6   1.10   0.6  10     67287                   
 7122 CAP 21 45 47.8 -08 49 51 0 *2                                                     
 7123 IND 21 50 46.4 -70 20 04 8 Sa   12.6   2.90   1.4 146     67466                   
 7124 IND 21 48 05.3 -50 33 58 8 SBbc 13.2   2.80   1.1 143     67375                   
 7125 IND 21 49 16.2 -60 42 47 8 SBc  12.5   3.00   2.1 110     67417                   
 7126 IND 21 49 18.3 -60 36 36 8 Sc   12.9   2.80   1.3  80     67418                   
 7127 CYG 21 43 41.0 +54 37 48 3 IV2p                                         
 7128 CYG 21 43 57.7 +53 42 55 3 II3m  9.7   3.10                             
 7129 CEP 21 42 58.9 +66 06 47 3 OCL+ 11.5   2.70                             
 7130 PSA 21 48 19.3 -34 57 12 8 Sa   12.9   1.60   1.5         67387                   
 7131 CAP 21 47 36.0 -13 10 58 8 S0   14.3   1.70   1.0 115     67359                   
 7132 PEG 21 47 16.4 +10 14 27 8 Sc   14.5   1.10   0.7  95     67349                   
 7134 CAP 21 48 56.0 -12 58 15 0 *Grp                                                   
 7135 PSA 21 49 46.0 -34 52 36 8 E-S0 12.7   2.90   2.0  47     67425                   
 7136 CAP 21 49 43.3 -11 47 36 0 *2                                                     
 7137 PEG 21 48 13.0 +22 09 33 8 SBc  13.1   1.60   1.4         67379  11815            
 7138 PEG 21 49 01.0 +12 30 48 8 SBa  15.1   1.20   0.5 177     67406  11817            
 7139 CEP 21 46 08.4 +63 47 30 6 PN   13.0   1.30                                       
 7140 IND 21 52 15.1 -55 34 13 8 SBbc 12.5   4.10   3.0  18     67532                   
 7141 IND 21 52 15.1 -55 34 13 8 SBbc 12.5   4.10   3.0  18     67532                   
 7142 CEP 21 45 09.4 +65 46 28 3 II2r  9.3   4.30                             
 7143 CYG 21 48 53.9 +29 57 24 0 *2                                                     
 7144 GRU 21 52 42.6 -48 15 19 8 E    11.9   3.70   3.6         67557                   
 7145 GRU 21 53 20.5 -47 52 59 8 E    12.1   2.50   2.3         67583                   
 7146 PEG 21 51 47.4 +03 01 00 8 SBab 15.3   1.00   0.6  92     67508                   
 7147 PEG 21 51 58.3 +03 04 18 8 SB0- 14.5   1.00   0.9   5     67518                   
 7148 PEG 21 52 08.4 +03 20 29 0 *2                                                     
 7149 PEG 21 52 11.6 +03 18 04 8 E    14.2   1.30   0.9  25     67524  11835            
 7150 CYG 21 50 23.0 +49 45 20 0 *Grp                                                   
 7151 IND 21 55 04.0 -50 39 31 8 SBc  13.5   2.90   1.1  75     67634                   
 7152 PSA 21 53 59.0 -29 17 23 8 SBb  14.4   1.20   0.6  17     67601                   
 7153 PSA 21 54 35.3 -29 03 52 8 Sb   14.3   1.90   0.3  68     67624                   
 7154 PSA 21 55 21.1 -34 48 52 8 SBm  12.9   2.20   1.8 102     67641                   
 7155 IND 21 56 09.8 -49 31 21 8 SB0  13.0   2.30   2.0   4     67663                   
 7156 PEG 21 54 33.5 +02 56 30 8 SBc  13.2   1.70   1.4 105     67622  11843            
 7157 PSA 21 56 56.7 -25 21 05 8 SBR  15.0   1.10   0.5   5     67693                   
 7158 CAP 21 57 28.8 -11 35 34 0 *3                                                     
 7159 PEG 21 56 25.6 +13 33 45 8 E    15.2   0.60   0.5  90     67674                   
 7160 CEP 21 53 40.2 +62 36 12 3 II3p  6.1   7.00                             
 7161 PEG 21 56 57.9 +02 54 58 0 *2                                                     
 7162 GRU 21 59 38.8 -43 18 18 8 Sc   13.3   2.80   1.0  10     67795                   
 7163 PSA 21 59 20.3 -31 53 03 8 SBab 13.7   1.90   1.1 101     67785                   
 7164 AQR 21 56 23.5 +01 21 50 8 S0-a 15.6   0.70   0.5 125     67673                   
 7165 AQR 21 59 26.1 -16 30 48 8 Sab  14.5   0.90   0.8  10     67788                   
 7166 GRU 22 00 32.7 -43 23 26 8 E-S0 12.8   2.40   0.9  14     67817                   
 7167 AQR 22 00 30.8 -24 38 01 8 SBc  12.9   1.70   1.3 135     67816                   
 7168 IND 22 02 07.3 -51 44 38 8 E    12.9   1.90   1.4  68     67882                   
 7169 GRU 22 02 48.7 -47 41 53 8 E-S0 14.5   1.00   0.5  78     67913                   
 7170 AQR 22 01 26.3 -05 25 58 8 E-S0 14.5   1.20   0.8 165     67848                   
 7171 AQR 22 01 01.9 -13 16 13 8 SBb  12.9   2.30   1.3 120     67839                   
 7172 PSA 22 02 01.7 -31 52 14 8 Sa   12.7   2.40   1.3 100     67874                   
 7173 PSA 22 02 03.1 -31 58 25 8 E    12.9   1.90   1.4 143     67878                   
 7174 PSA 22 02 05.9 -31 59 35 8 Sab  13.9   2.60   1.5  88     67881                   
 7175 CYG 21 58 46.9 +54 49 11 0 *Grp                                                   
 7176 PSA 22 02 08.2 -31 59 28 8 E    12.5   2.10   1.7         67883                   
 7177 PEG 22 00 41.2 +17 44 12 8 SBb  12.0   3.20   2.1  90     67823  11872            
 7178 PSA 22 02 25.1 -35 47 29 8 SBb  14.8   1.10   0.5 172     67898                   
 7179 IND 22 04 49.0 -64 02 51 8 SBbc 13.3   2.00   0.8  48     67995                   
 7180 AQR 22 02 18.5 -20 32 54 8 S0   13.6   1.50   0.7  65     67890                   
 7181 AQR 22 01 43.4 -01 57 38 8 S0   15.4   1.00   0.8  95     67859                   
 7182 AQR 22 01 51.6 -02 11 48 8 S0-a 15.3   0.90   0.4  70     67864                   
 7183 AQR 22 02 21.2 -18 54 58 8 S0-a 12.9   3.80   1.1  77     67892                   
 7184 AQR 22 02 39.9 -20 48 47 8 SBc  11.8   5.90   1.3  62     67904                   
 7185 AQR 22 02 56.6 -20 28 19 8 E-S0 13.2   2.30   1.5  15     67919                   
 7186 PEG 22 01 05.0 +35 04 40 0 *Grp                                                   
 7187 PSA 22 02 44.4 -32 48 14 8 S0-a 13.4   1.30   1.2         67909                   
 7188 AQR 22 03 29.0 -20 19 05 8 SBbc 14.0   1.60   0.8  44     67943                   
 7189 AQR 22 03 15.9 +00 34 15 8 SBb  14.3   1.00   0.7 115     67934  11882            
 7190 PEG 22 03 06.6 +11 11 57 8 S0-a 14.8   0.90   0.5  66     67928  11885            
 7191 IND 22 06 51.2 -64 38 03 8 SBc  13.8   1.60   0.6 136     68059                   
 7192 IND 22 06 49.9 -64 19 00 8 E    12.2   1.90   1.8         68057                   
 7193 PEG 22 03 03.8 +10 48 06 0 *Grp        5.00   5.0                                 
 7194 PEG 22 03 30.9 +12 38 11 8 E    14.3   1.10   0.8  20     67945  11888            
 7195 PEG 22 03 30.2 +12 39 39 8 S    15.5   0.40   0.3  70     67940                   
 7196 IND 22 05 54.8 -50 07 11 8 E    12.4   2.50   1.9  53     68020                   
 7197 LAC 22 02 57.9 +41 03 32 8 Sa   14.3   1.60   0.8 112     67921  11887            
 7198 AQR 22 05 14.1 -00 38 54 8 S0   14.6   1.50   1.0   5     68006                   
 7199 IND 22 08 30.1 -64 42 24 8 SBa  13.9   1.10   0.8  30     68124                   
 7200 IND 22 07 09.6 -49 59 46 8 E    13.8   1.60   1.3  33     68068                   
 7201 PSA 22 06 32.0 -31 15 52 8 Sa-b 13.8   1.60   0.5 128     68040                   
 7202 PSA 22 06 43.3 -31 13 07 0 *                                                      
 7203 PSA 22 06 43.8 -31 09 50 8 SB0- 13.6   1.60   0.9  72     68053                   
 7204 PSA 22 06 53.1 -31 03 02 8 S0-a 14.5   1.30   0.6  91     68061                   
 7205 IND 22 08 33.2 -57 26 35 8 Sb-c 11.6   4.00   2.0  73     68128                   
 7206 PEG 22 05 40.9 +16 47 05 8 S0   14.4   1.30   1.3         68014  11904            
 7207 PEG 22 05 45.6 +16 46 02 8 S0   15.8   0.60   0.2  92     68017                   
 7208 PSA 22 08 24.7 -29 03 07 8 SB0  13.8   0.90   0.6 142     68120                   
 7209 LAC 22 05 07.8 +46 29 01 3 III1  7.7  25.00                             
 7211 AQR 22 06 21.8 -08 05 24 8 S0   14.5   1.00   0.7  90     68033                   
 7212 PEG 22 07 02.2 +10 14 03 8 Sb   14.9   1.20   0.6  40     68065  11910            
 7213 GRU 22 09 16.2 -47 10 03 8 Sa   11.0   3.70   3.4         68165                   
 7214 PSA 22 09 07.6 -27 48 37 8 SBc/ 13.2   2.70   1.9 105     68152                   
 7215 AQR 22 08 34.5 +00 30 42 8 S0   15.0   1.10   0.4  92     68127                   
 7216 IND 22 12 36.0 -68 39 45 8 E    13.5   1.70   1.0 133     68291                   
 7217 PEG 22 07 52.1 +31 21 32 8 Sb   11.0   4.00   3.4  95     68096  11914            
 7218 AQR 22 10 11.5 -16 39 40 8 SBc  12.6   2.60   1.1  20     68199                   
 7219 TUC 22 13 08.9 -64 50 58 8 SBa  13.3   1.70   1.0  27     68312                   
 7220 AQR 22 11 30.9 -22 57 13 8 SB0  14.5   0.90   0.7   3     68241                   
 7221 PSA 22 11 15.1 -30 33 50 8 SBbc 12.9   2.00   1.6  10     68235                   
 7222 AQR 22 10 51.7 +02 06 21 8 SBab 14.8   1.20   1.2         68224  11934            
 7223 LAC 22 10 09.2 +41 01 00 8 SBc  13.4   1.70   1.2 110     68197  11931            
 7224 PEG 22 11 35.3 +25 51 52 8 E    14.6   1.60   1.0 110     68242  11940            
 7225 PSA 22 13 07.8 -26 08 56 8 S0-a 13.2   2.00   1.0 147     68311                   
 7226 CEP 22 10 30.0 +55 25 00 3 I1p   9.6   1.80                             
 7227 LAC 22 11 31.3 +38 43 13 8 S0   14.8   1.30   0.6   8     68243  11942            
 7228 LAC 22 11 48.6 +38 41 54 8 SBa  14.7   1.30   1.3         68254  11945            
 7229 PSA 22 14 03.3 -29 23 02 8 SBc  13.2   1.80   1.5         68344                   
 7230 AQR 22 14 13.1 -17 04 30 8 SBbc 14.5   0.90   0.9         68350                   
 7231 LAC 22 12 30.3 +45 19 41 8 SBa  13.9   1.90   0.7  88     68285  11951            
 7232 GRU 22 15 37.6 -45 51 03 8 SBa  12.9   2.60   1.0  99     68431                   
 7233 GRU 22 15 49.0 -45 50 49 8 SB0- 13.1   1.70   1.3 133     68441                   
 7234 CEP 22 12 25.0 +57 16 16 3 OCL   7.7   4.00                                       
 7235 CEP 22 12 25.0 +57 16 16 3 III2  7.7   4.00                                       
 7236 PEG 22 14 45.0 +13 50 45 8 E-S0 14.6   1.10   1.0         68384  11958            
 7237 PEG 22 14 46.9 +13 50 25 8 E-S0 14.9   1.10   1.1         68383  11958            
 7238 PEG 22 15 20.0 +22 31 12 0 *2                                                     
 7239 AQR 22 15 01.3 -05 03 12 8 E-S0 15.8   1.10   0.7  75     68388                   
 7240 LAC 22 15 22.7 +37 16 48 8 E-S0 15.3   0.50   0.5         68415                   
 7241 PEG 22 15 49.7 +19 13 51 8 SBbc 13.5   3.40   1.1  20     68442  11968            
 7242 LAC 22 15 39.3 +37 17 50 8 E    13.9   2.30   1.7  30     68434  11969            
 7243 LAC 22 15 08.5 +49 53 51 3 IV2p  6.4  21.00                             
 7244 PEG 22 16 26.7 +16 28 16 8 Sc   14.6   0.70   0.4   0     68468                   
 7245 LAC 22 15 18.0 +54 20 00 3 II1p  9.2   5.00                             
 7246 AQR 22 17 42.6 -15 34 14 8 Sa   15.4   1.50   0.8 170     68512                   
 7247 AQR 22 17 41.1 -23 43 52 8 SBb  13.4   1.40   0.8   2     68511                   
 7248 LAC 22 16 52.5 +40 30 17 8 S0   13.5   1.80   0.9 133     68485  11972            
 7249 GRU 22 20 30.9 -55 07 31 8 S0   14.4   1.10   0.8 136     68606                   
 7250 LAC 22 18 17.7 +40 33 45 8 Sd   13.2   1.70   0.8 157     68535  11980            
 7251 AQR 22 20 27.2 -15 46 25 8 Sa   13.6   1.90   1.7 105     68604                   
 7252 AQR 22 20 44.8 -24 40 44 8 SB0  12.1   2.10   1.7         68612        Atoms for Peace Galaxy           
 7253 PEG 22 19 27.3 +29 23 47 8 SBc  14.4   1.70   0.5 126     68572  11984             
 7254 AQR 22 22 36.0 -21 44 07 8 SBb  13.9   1.30   0.6 122     68686                   
 7255 AQR 22 23 08.0 -15 32 30 8 S0-a 14.8   1.30   0.4 120     68721                   
 7256 AQR 22 22 36.0 -21 44 07 8 SBb  13.9   1.30   0.6 122     68686                   
 7257 AQR 22 22 36.5 -04 07 17 8 SBbc 13.7   1.90   1.4  20     68691                   
 7258 PSA 22 22 58.1 -28 20 45 8 Sb   13.9   1.40   0.6 141     68710                   
 7259 PSA 22 23 05.6 -28 57 18 8 Sb   13.9   1.10   0.9  49     68718                   
 7260 AQR 22 22 36.5 -04 07 17 8 SBbc 13.7   1.90   1.4  20     68691                   
 7261 CEP 22 20 11.0 +58 07 18 3 III1  8.4   6.00                             
 7262 PSA 22 23 28.4 -32 21 55 8 S0   14.8   0.70   0.7         68737                   
 7263 LAC 22 21 45.2 +36 20 57 8 S0-a 15.6   0.60   0.6         68642                   
 7264 LAC 22 22 13.5 +36 23 11 8 Sb   14.6   2.20   0.3  57     68658  12001            
 7265 LAC 22 22 27.5 +36 12 35 8 E-S0 13.3   2.40   1.9 170     68668  12004            
 7266 AQR 22 23 59.0 -04 04 25 8 Sa   14.8   0.90   0.7  88     68758                   
 7267 PSA 22 24 21.5 -33 41 38 8 SBa  12.9   1.60   1.4   6     68780                   
 7268 PSA 22 25 40.6 -31 12 06 8 SB0  14.3   1.30   1.0  83     68847                   
 7269 AQR 22 25 46.8 -13 10 03 8 Sb   14.5   1.00   0.7 140     68841                   
 7270 PEG 22 23 47.5 +32 24 09 8 Sc   14.9   0.90   0.6  90     68748  12019            
 7271 PEG 22 23 57.5 +32 22 01 8 S0   15.7   0.70   0.3 120     68753                   
 7272 PEG 22 24 31.6 +16 35 17 8 SBa  14.7   0.90   0.8         68786  12028            
 7273 LAC 22 24 09.1 +36 11 59 8 S0   14.6   0.80   0.5   3     68768                   
 7274 LAC 22 24 11.0 +36 07 33 8 E    14.3   1.50   1.5         68770  12026            
 7275 PEG 22 24 17.3 +32 26 47 8 Sa   15.1   0.90   0.2  37     68774  12025            
 7276 LAC 22 24 14.3 +36 05 15 8 E    14.9   0.90   0.9         68773                   
 7277 PSA 22 26 10.9 -31 08 47 8 Sb   14.1   1.50   0.6 125     68861                   
 7278 TUC 22 28 22.6 -60 10 12 8 SBc  15.2   0.80   0.5   0     68940                   
 7279 PSA 22 27 12.6 -35 08 26 8 SBc  14.3   1.20   0.8  68     68896                   
 7280 PEG 22 26 27.6 +16 08 52 8 SB0- 13.0   2.10   1.5  78     68870  12035            
 7281 CEP 22 25 03.0 +57 49 00 3 IV2p       12.00                             
 7282 LAC 22 25 53.9 +40 18 54 8 SBb  14.9   2.50   1.0  15     68843  12034            
 7283 PEG 22 28 32.7 +17 28 13 8 Sb   15.3   0.90   0.4  10     68946                   
 7284 AQR 22 28 35.8 -24 50 42 8 SB0  13.0   2.30   1.6 133     68950                   
 7285 AQR 22 28 37.8 -24 50 28 8 SBa  12.8   2.40   1.5  10     68953                   
 7286 PEG 22 27 50.5 +29 05 46 8 S0-a 13.5   1.60   0.7  98     68922  12043            
 7287 AQR 22 28 48.4 -22 12 14 8 S0   16.0   0.50   0.3   0     68959                   
 7288 AQR 22 28 14.9 -02 53 07 8 S0-a 13.9   2.30   1.5  95     68933                   
 7289 PSA 22 29 20.1 -35 28 21 8 S0   14.2   1.30   1.0 150     68980                   
 7290 PEG 22 28 26.5 +17 08 50 8 Sb-c 13.8   1.60   1.0 161     68942  12045            
 7291 PEG 22 28 29.4 +16 46 59 8 S0   14.5   1.80   1.7         68944  12047            
 7292 PEG 22 28 25.7 +30 17 33 8 Irr  13.0   2.10   1.6 125     68941  12048            
 7293 AQR 22 29 38.4 -20 50 13 6 PN    6.5  12.82                            Helix Nebula           
 7294 PSA 22 32 07.8 -25 23 55 8 SB0  13.5   2.00   1.2  47     69088                   
 7295 LAC 22 28 02.0 +52 18 24 3 OCL   9.7   4.00                                       
 7296 LAC 22 28 02.0 +52 16 24 3 III2  9.7   4.00                                       
 7297 GRU 22 31 10.2 -37 49 39 8 Sbc  14.5   0.90   0.6 130     69046                   
 7298 AQR 22 30 50.6 -14 11 21 8 Sc   14.3   1.30   1.1   5     69033                   
 7299 GRU 22 31 33.0 -37 48 37 8 SBc  14.8   0.70   0.7         69060                   
 7300 AQR 22 30 59.9 -14 00 13 8 SBb  13.5   2.10   1.0 160     69040                   
 7301 AQR 22 30 34.8 -17 34 27 8 SBab 14.1   1.00   0.5   1     69021                   
 7302 AQR 22 32 23.9 -14 07 17 8 E-S0 13.2   2.10   1.2  97     69094                   
 7303 PEG 22 31 33.0 +30 57 22 8 Sbc  13.6   1.50   1.1 125     69061  12065            
 7304 PEG 22 31 44.4 +30 58 47 0 *3                                                     
 7305 PEG 22 32 13.9 +11 42 44 8 E-S0 14.8   1.00   1.0         69091                   
 7306 PSA 22 33 16.4 -27 14 47 8 Sb   13.5   1.70   0.7  60     69132                   
 7307 GRU 22 33 52.4 -40 56 07 8 SBc/ 12.9   3.40   1.0   9     69161                   
 7308 AQR 22 34 32.0 -12 56 03 8 E-S0 14.1   1.20   0.9 145     69194                   
 7309 AQR 22 34 20.6 -10 21 24 8 SBc  13.0   2.00   1.7  32     69183                   
 7310 AQR 22 34 36.8 -22 29 08 8 SBbc 14.7   0.90   0.7  36     69202                   
 7311 PEG 22 34 06.7 +05 34 10 8 Sa-b 13.4   1.60   0.8  10     69172  12080            
 7312 PEG 22 34 34.9 +05 49 01 8 SBb  14.3   1.50   0.8  83     69198  12083            
 7313 PSA 22 35 32.4 -26 06 09 8 SBb  15.0   0.70   0.5 170     69242                   
 7314 PSA 22 35 45.9 -26 03 03 8 SBbc 11.6   4.60   2.0   3     69253                   
 7315 PEG 22 35 31.6 +34 48 12 8 S0   13.7   1.60   1.6         69241  12097            
 7316 PEG 22 35 56.2 +20 19 18 8 Sc   13.6   1.10   0.9  60     69259  12098            
 7317 PEG 22 35 51.9 +33 56 41 8 E    14.6   0.70   0.6         69256        Stephan's Quintet
 7318 PEG 22 35 56.7 +33 57 56 8 E    14.4   1.20   1.0   5     69260  12099 Stephan's Quintet            
 7319 PEG 22 36 03.5 +33 58 33 8 SBbc 14.1   1.40   1.1 130     69269  12102 Stephan's Quintet           
 7320 PEG 22 36 03.5 +33 56 52 8 Scd  13.2   2.30   1.4 132     69270  12101 Stephan's Quintet           
 7321 PEG 22 36 27.9 +21 37 17 8 SBb  13.8   1.60   1.1  12     69287  12103            
 7322 GRU 22 37 51.4 -37 13 55 8 S0-a 14.5   0.90   0.6 114     69365                   
 7323 PEG 22 36 53.5 +19 08 38 8 Sb   13.9   1.40   1.1 170     69311  12108            
 7324 PEG 22 37 01.0 +19 08 46 8 E-S0 15.0   0.70   0.4 175     69321                   
 7325 PEG 22 36 48.6 +34 21 52 0 *2                                                     
 7326 PEG 22 36 50.9 +34 25 21 0 *2                                                     
 7327 PEG 22 36 33.6 +34 30 02 0 *                                                      
 7328 PEG 22 37 29.2 +10 31 52 8 Sa-b 14.1   2.00   0.7  88     69349  12118            
 7329 TUC 22 40 24.2 -66 28 47 8 SBbc 12.4   3.70   2.7 107     69453                   
 7330 LAC 22 36 56.1 +38 32 51 8 E    13.3   1.80   1.7         69314  12111            
 7331 PEG 22 37 05.1 +34 25 11 8 Sbc  10.3  10.20   4.2 171     69327  12113            
 7332 PEG 22 37 24.6 +23 47 51 8 S0   12.0   3.80   1.1 155     69342  12115            
 7333 PEG 22 37 11.7 +34 26 13 0 *                                                      
 7334 GRU 22 37 51.4 -37 13 55 8 S0-a 14.5   0.90   0.6 114     69365                   
 7335 PEG 22 37 19.5 +34 26 52 8 S0-a 14.7   1.20   0.6 151     69338  12116            
 7336 PEG 22 37 21.9 +34 28 54 8 S    15.4   0.40   0.3 135     69337                   
 7337 PEG 22 37 26.6 +34 22 24 8 SBab 15.4   1.00   0.8         69344  12120            
 7338 PEG 22 37 31.3 +34 24 52 0 *2                                                     
 7339 PEG 22 37 47.0 +23 47 09 8 SBbc 13.1   2.80   0.7  93     69364  12122            
 7340 PEG 22 37 44.1 +34 24 36 8 E?   14.9   0.90   0.6 160     69362                   
 7341 AQR 22 39 05.6 -22 40 01 8 SBab 13.3   2.40   1.0  94     69412                   
 7342 PEG 22 38 13.2 +35 29 53 8 SBa  14.9   1.40   1.3         69374  12126            
 7343 PEG 22 38 37.8 +34 04 16 8 SBbc 14.3   1.00   0.8 160     69391  12129            
 7344 AQR 22 39 36.1 -04 09 34 8 Sab  13.8   1.50   0.8  15     69433                   
 7345 PEG 22 38 44.9 +35 32 24 8 Sa   15.2   1.20   0.2  39     69401  12130            
 7346 PEG 22 39 35.4 +11 05 00 8 E    15.7   0.40   0.3  60     69430                   
 7347 PEG 22 39 56.0 +11 01 38 8 Sc   14.6   1.50   0.3 133     69443  12136            
 7348 PEG 22 40 36.2 +11 54 20 8 SBc  14.7   1.10   0.6  12     69463  12142            
 7349 AQR 22 41 14.7 -21 47 50 8 SBb  15.1   1.00   0.5 166     69488                   
 7350 PEG 22 40 48.0 +12 00 23 0 *2                                                     
 7351 AQR 22 41 26.9 -04 26 41 8 S0   13.1   1.70   1.3   0     69489                   
 7353 PEG 22 42 12.5 +11 52 36 8 S?   15.9   0.60   0.5         85285         
 7354 CEP 22 40 20.0 +61 17 08 6 PN   12.9   0.33                                       
 7355 GRU 22 43 30.4 -36 51 57 8 Sb   15.1   1.00   0.4  43     69587                   
 7356 PEG 22 42 02.3 +30 42 32 8 Sb-c 14.9   1.10   0.5  76     69530  12159            
 7357 PEG 22 42 23.9 +30 10 17 8 Sb   15.2   1.50   0.7 120     69544  12162            
 7358 TUC 22 45 36.3 -65 07 20 8 S0   13.7   1.90   0.5 176     69664                   
 7359 AQR 22 44 47.9 -23 41 19 8 S0   13.5   2.40   0.6  55     69638                   
 7360 PEG 22 43 34.1 +04 09 05 8 S    14.6   0.70   0.4 153     69591  12167            
 7361 PSA 22 42 17.9 -30 03 29 8 Sc   13.0   3.90   1.0   4     69539                   
 7362 PEG 22 43 49.2 +08 42 19 8 E    13.8   1.10   0.8 175     69602  12171            
 7363 PEG 22 43 18.5 +33 59 53 8 SBcd 14.5   0.90   0.9         69580                   
 7364 AQR 22 44 24.2 -00 09 47 8 S0-a 13.6   1.80   1.1  65     69630  12174            
 7365 AQR 22 45 10.0 -19 57 08 8 E-S0 14.0   1.50   1.0  34     69651                   
 7366 PEG 22 44 26.6 +10 46 53 8 S    15.2   0.30   0.3         69629                   
 7367 PEG 22 44 34.2 +03 38 45 8 Sa-b 14.7   1.60   0.4 128     69633  12175            
 7368 GRU 22 45 31.4 -39 20 33 8 SBb  13.2   2.90   0.6 130     69661                   
 7369 PEG 22 44 12.2 +34 21 04 8 Sc   14.7   0.90   0.9         69619                   
 7370 PEG 22 45 37.1 +11 03 28 8 S    16.4   0.50   0.2 125     69662                   
 7371 AQR 22 46 03.6 -11 00 04 8 SB0- 12.5   1.70   1.7         69677                   
 7372 PEG 22 45 46.0 +11 07 51 8 Sbc  14.5   1.00   0.5  92     69670                   
 7373 PEG 22 46 19.4 +03 12 34 8 S0   14.7   1.00   0.5  22     69688                   
 7374 PEG 22 46 01.1 +10 51 11 8 Sbc  14.8   0.90   0.7 177     69676                   
 7375 PEG 22 46 32.0 +21 05 01 8 S0-a 14.5   0.80   0.6  60     69695                   
 7376 PEG 22 47 17.5 +03 38 41 8 S0-a 15.5   0.70   0.5 140     69715                   
 7377 AQR 22 47 47.4 -22 18 43 8 SB0- 11.9   4.10   3.4 101     69733                   
 7378 AQR 22 47 47.5 -11 49 02 8 Sab  13.5   1.50   0.9 175     69734                   
 7379 LAC 22 47 32.9 +40 14 19 8 SBa  14.3   1.10   0.8  90     69724  12187            
 7380 CEP 22 47 20.9 +58 07 57 3 III3  7.2  12.00                             
 7381 AQR 22 50 08.1 -19 43 31 8 Sc   15.0   0.70   0.5 123     69828                   
 7382 GRU 22 50 23.8 -36 51 27 8 Sa   14.6   1.20   0.4 109     69840                   
 7383 PEG 22 49 35.5 +11 33 23 8 SB0  15.1   0.80   0.7         69809                   
 7384 PEG 22 49 42.5 +11 29 15 0 *                                                      
 7385 PEG 22 49 54.6 +11 36 27 8 E    13.2   1.30   1.1         69824  12207            
 7386 PEG 22 50 02.0 +11 41 51 8 S0   13.5   1.80   1.5 150     69825  12209            
 7387 PEG 22 50 17.6 +11 38 12 8 S0   15.3   0.70   0.4  45     69834                   
 7388 PEG 22 50 21.0 +11 42 39 0 *                                                      
 7389 PEG 22 50 16.0 +11 33 58 8 S?   14.7   1.10   0.9         69836                   
 7390 PEG 22 50 19.5 +11 31 50 8 S0   15.3   1.00   0.7 170     69837                   
 7391 AQR 22 50 36.0 -01 32 43 8 E    13.2   1.70   1.5  70     69847  12211            
 7392 AQR 22 51 48.6 -20 36 33 8 SBbc 12.6   2.20   1.4 123     69887                   
 7393 AQR 22 51 38.2 -05 33 28 8 SBc/ 13.4   2.00   0.9  90     69874                   
 7394 LAC 22 50 23.0 +52 08 06 0 *Grp                                                   
 7395 LAC 22 51 02.8 +37 05 16 8 S0   15.0   1.20   1.1         69861  12216            
 7396 PSC 22 52 22.6 +01 05 30 8 Sa   13.8   1.90   1.1 103     69889  12220            
 7397 PSC 22 52 46.6 +01 07 55 8 SB0- 15.3   0.70   0.5 150     69904                   
 7398 PSC 22 52 49.2 +01 12 04 8 Sa   14.6   1.20   0.8  75     69905  12225            
 7399 AQR 22 52 39.3 -09 16 05 8 S0-a 14.5   0.90   0.4 150     69902                   
 7400 GRU 22 54 20.8 -45 20 52 8 Sbc  13.6   2.70   0.5   2     69967                   
 7401 PSC 22 52 58.5 +01 08 31 8 Sa   15.0   1.00   0.6  95     69911                   
 7402 PSC 22 53 04.4 +01 08 40 8 S0   15.5   0.70   0.5 140     69914                   
 7403 PSC 22 53 06.3 +01 28 54 0 *                                                      
 7404 GRU 22 54 18.6 -39 18 55 8 E-S0 12.9   1.50   0.8   2     69964                   
 7406 AQR 22 53 56.4 -06 34 46 8 S?   15.0   1.10   0.6  70     69947                   
 7407 PEG 22 53 21.0 +32 07 45 8 Sc   14.0   2.00   0.9 152     69922  12230            
 7408 TUC 22 55 56.7 -63 41 45 8 SBc  13.3   1.60   1.2 167     70037                   
 7409 PEG 22 53 48.0 +20 12 37 8 SB0  15.4   0.60   0.4 150     69939                   
 7410 GRU 22 55 00.6 -39 39 46 8 SBa  11.3   5.50   1.5  45     69994                   
 7411 PEG 22 54 34.8 +20 14 10 8 E    14.4   1.00   0.9         69974  12241            
 7412 GRU 22 55 46.1 -42 38 31 8 SBb  11.9   3.80   2.8  65     70027                   
 7413 PEG 22 55 03.0 +13 13 14 8 E-S0 15.0   0.70   0.5  70     69997                   
 7414 PEG 22 55 24.3 +13 14 54 8 S0   16.8   0.40   0.2 175     70008                   
 7415 PEG 22 54 51.7 +20 15 42 8 Sab  15.5   1.10   0.2 128     69984  12244            
 7416 AQR 22 55 41.6 -05 29 44 8 SBb  13.2   3.20   0.7 115     70025                   
 7417 TUC 22 57 49.1 -65 02 20 8 SBab 13.2   1.90   1.3   2     70113                   
 7418 GRU 22 56 35.9 -37 01 46 8 SBc  11.7   3.80   2.7 139     70069                   
 7419 CEP 22 54 18.0 +60 50 00 3 II3r 13.0   2.00                             
 7420 PEG 22 55 32.0 +29 48 18 8 Sc   15.1   0.80   0.6  45     70017                   
 7421 GRU 22 56 54.6 -37 20 44 8 SBab 12.5   2.00   1.9         70083                   
 7422 PSC 22 56 12.3 +03 55 35 8 Sb   14.3   1.00   0.8 140     70048  12254            
 7423 CEP 22 55 08.5 +57 05 48 3 II3m 15.0   5.00                             
 7424 GRU 22 57 18.4 -41 04 17 8 SBc  10.9  10.00   8.2         70096                   
 7425 AQR 22 57 15.6 -10 57 02 8 SB0- 15.6   0.90   0.6  60     70097                   
 7426 LAC 22 56 03.0 +36 21 42 8 E    13.4   1.70   1.4  72     70042  12256            
 7427 PEG 22 57 09.8 +08 30 20 8 S0   15.1   0.80   0.8         70091                   
 7428 PSC 22 57 19.5 -01 02 59 8 SBa  13.5   2.40   1.4 160     70098  12262            
 7429 CEP 22 56 00.0 +59 58 24 3 III2       14.00                             
 7430 PEG 22 57 29.7 +08 47 38 8 S    15.3   0.40   0.2  65     70106                   
 7431 PEG 22 57 38.8 +26 09 50 8 C+C  16.0   0.40   0.2  95                             
 7432 PEG 22 58 02.2 +13 08 02 8 E    14.4   1.60   1.2  40     70129  12268            
 7433 PEG 22 57 51.7 +26 09 42 8 S?   15.7   0.70   0.2  45     70112                   
 7434 PSC 22 58 21.4 -01 11 02 8 E-S0 15.5   0.60   0.3  70     70145                   
 7435 PEG 22 57 54.4 +26 08 18 8 SBa  15.2   1.20   0.7 122     70116  12267            
 7436 PEG 22 57 57.5 +26 08 57 8 E  M 13.9   2.00   2.0         70124  12269            
 7437 PEG 22 58 10.1 +14 18 29 8 Scd  14.0   1.80   1.8         70131  12270            
 7438 LAC 22 57 20.0 +54 18 36 0 *Grp                                                   
 7439 PEG 22 58 09.9 +29 13 42 8 SB0  14.9   1.00   0.6 150     70134  12273            
 7440 AND 22 58 32.5 +35 48 09 8 SBa  14.4   1.40   1.1         70152  12276            
 7441 AQR 22 56 41.4 -07 22 49 8 Sc   14.5   1.40   0.5 145     70080                   
 7442 PEG 22 59 26.6 +15 32 52 8 Sc   14.2   1.00   1.0         70183  12286            
 7443 AQR 23 00 08.7 -12 48 30 8 S0-a 13.8   1.40   0.5  40     70218                   
 7444 AQR 23 00 08.8 -12 50 05 8 S0   13.9   1.70   0.6   3     70219                   
 7445 AND 22 59 22.4 +39 06 27 8 E-S0 15.6   0.70   0.2  90     70178                   
 7446 AND 22 59 28.9 +39 04 58 8 E    15.2   0.80   0.8         70185                   
 7447 AQR 23 00 26.0 -10 31 41 0 *                                                      
 7448 PEG 23 00 03.6 +15 58 46 8 Sbc  12.2   2.60   1.2 170     70213  12294            
 7449 AND 22 59 37.6 +39 08 43 8 E    15.1   1.00   0.7 130     70196  12292            
 7450 AQR 23 00 47.7 -12 55 06 8 S0-a 14.1   1.80   1.8         70252                   
 7451 PEG 23 00 40.6 +08 28 01 8 SBbc 14.9   1.00   0.5  67     70245  12299            
 7452 PSC 23 00 47.5 +06 44 43 8 S0   16.5   0.40   0.3  30                             
 7453 AQR 23 01 25.6 -06 21 16 0 *3                                                     
 7454 PEG 23 01 06.6 +16 23 19 8 E    12.8   2.20   1.6 150     70264  12305            
 7455 PSC 23 00 40.9 +07 18 10 8 E    15.3   0.60   0.4 170     70246                   
 7456 GRU 23 02 10.1 -39 34 11 8 Sc   12.4   5.10   1.8  23     70304                   
 7457 PEG 23 00 59.8 +30 08 39 8 E-S0 12.0   4.00   2.3 130     70258  12306            
 7458 PSC 23 01 28.5 +01 45 10 8 E    13.6   1.40   1.2  15     70277  12309            
 7459 PSC 23 00 59.6 +06 44 56 8 S    16.0   0.40   0.4         70261  12302            
 7460 PSC 23 01 42.7 +02 15 47 8 Sb/P 13.6   1.50   1.1 175     70287  12312            
 7461 PEG 23 01 48.1 +15 34 55 8 SB0  14.5   0.90   0.7         70290  12314            
 7462 GRU 23 02 46.2 -40 50 10 8 SBbc 12.2   4.30   0.8  75     70324                   
 7463 PEG 23 01 51.8 +15 58 53 8 SBb/ 13.7   3.00   0.6  90     70291  12316            
 7464 PEG 23 01 53.8 +15 58 26 8 E    14.3   0.50   0.5         70292  12315            
 7465 PEG 23 02 00.9 +15 57 53 8 SB0  13.3   1.20   0.8 165     70295  12317            
 7466 PEG 23 02 03.4 +27 03 09 8 Sb   14.4   1.50   0.5  26     70299  12319            
 7467 PEG 23 02 27.4 +15 33 15 8 E?   15.5   0.40   0.3  30     70310                   
 7468 PEG 23 02 59.2 +16 36 14 8 E    14.1   0.90   0.6  25     70332  12329            
 7469 PEG 23 03 15.5 +08 52 24 8 SBa  12.9   1.40   1.0 125     70348  12332            
 7470 GRU 23 05 13.9 -50 06 44 8 Sbc  14.3   1.40   0.9  84     70431                   
 7472 PSC 23 05 38.6 +03 03 30 8 E    14.7   0.60   0.4 140     70446                   
 7473 PEG 23 03 57.1 +30 09 34 8 SB0  14.7   1.10   0.5  45     70373  12335            
 7474 PEG 23 04 04.3 +20 04 02 8 S0   14.8   0.70   0.7         70379                   
 7475 PEG 23 04 10.1 +20 04 43 8 E    15.1   1.00   0.6  95     70383  12337            
 7476 GRU 23 05 12.0 -43 05 55 8 SBab 13.6   1.40   1.0 175     70427                   
 7477 PSC 23 04 40.7 +03 07 04 8 S    16.5  0.30    0.2  15                             
 7478 PSC 23 04 56.5 +02 34 37 8 Sa   15.6   0.40   0.3   0     70418         
 7479 PEG 23 04 56.7 +12 19 18 8 SBbc 11.6   4.00   3.1  25     70419  12343            
 7480 PSC 23 05 13.5 +02 32 56 8 S0-a 15.0   1.30   0.3 105     70432  12349            
 7482 PSC 23 05 38.6 +03 03 30 8 E    14.7   0.60   0.4 140     70446                   
 7483 PSC 23 05 48.2 +03 32 41 8 SBa  14.0   1.60   1.1 110     70455  12353            
 7484 SCL 23 07 04.9 -36 16 24 8 E    12.2   1.80   1.7         70505                   
 7485 PEG 23 06 04.8 +34 06 27 8 S0   14.2   1.20   0.6 146     70470  12360            
 7486 PEG 23 06 13.4 +34 06 06 0 *                                                      
 7487 PEG 23 06 50.5 +28 10 44 8 E-S0 14.8   2.00   1.8         70496  12368            
 7488 PSC 23 07 48.9 +00 56 26 8 E-S0 14.7   0.60   0.5 150     70539                   
 7489 PEG 23 07 32.5 +22 59 50 8 Scd  14.1   2.10   1.1 170     70532  12378            
 7490 PEG 23 07 25.1 +32 22 30 8 Sbc  13.3   2.70   2.6         70526  12379            
 7491 AQR 23 08 06.0 -05 58 01 8 Sbc  14.5   1.00   0.7  10     70546                   
 7492 AQR 23 08 26.7 -15 36 41 4 XII  11.3   4.30                             
 7493 PSC 23 08 31.6 +00 54 34 0 *                                                      
 7494 AQR 23 08 58.4 -24 22 11 8 E    15.5   0.80   0.7         70568                   
 7495 PEG 23 08 57.4 +12 02 51 8 Sc   13.7   1.80   1.6   5     70566  12391            
 7496 GRU 23 09 46.9 -43 25 37 8 SBb  11.9   3.30   3.1         70588                   
 7497 PEG 23 09 03.5 +18 10 37 8 SBc  13.0   4.40   1.7  48     70569  12392            
 7498 AQR 23 09 56.0 -24 25 30 8 Sab  15.2   0.90   0.4   5     70590                   
 7499 PSC 23 10 22.3 +07 34 50 8 S0   14.0   1.20   0.7  10     70608  12397            
 7500 PEG 23 10 29.7 +11 00 44 8 S0   14.6   2.10   1.1 125     70620  12399            
 7501 PSC 23 10 30.3 +07 35 20 8 E    14.6   0.50   0.5         70619                   
 7502 AQR 23 10 19.7 -21 44 13 0 *2                                                     
 7503 PSC 23 10 42.2 +07 34 03 8 E    14.4   0.80   0.8         70628                   
 7504 PEG 23 10 41.1 +14 23 08 0 *                                                      
 7505 PEG 23 11 00.7 +13 37 51 8 S    15.3   0.80   0.2 115     70636                   
 7506 PSC 23 11 41.0 -02 09 37 8 S0-a 14.0   1.70   1.1 103     70660  12406            
 7507 SCL 23 12 07.5 -28 32 21 8 E    11.4   2.80   2.7         70676                   
 7508 PEG 23 11 49.2 +12 56 26 8 S    15.6   1.00   0.3 160     70663  12408            
 7509 PEG 23 12 21.3 +14 36 33 8 C    14.8   1.10   1.1         70679                   
 7510 CEP 23 11 03.8 +60 34 15 3 II2m  7.9   4.00                             
 7511 PEG 23 12 26.3 +13 43 35 8 S?   14.9   1.10   0.5 133     70691  12412            
 7512 PEG 23 12 20.9 +31 07 30 8 E    13.7   1.80   1.5         70683  12414            
 7513 SCL 23 13 13.7 -28 21 31 8 SBb/ 12.7   3.20   2.1 108     70714                   
 7514 PEG 23 12 25.5 +34 52 50 8 Sbc  13.6   1.40   0.9 132     70689  12415            
 7515 PEG 23 12 48.6 +12 40 45 8 Sc   13.2   1.70   1.6  15     70699  12418            
 7516 PEG 23 12 51.8 +20 14 54 8 S0   14.4   1.10   1.0 110     70703  12420            
 7517 PSC 23 13 13.8 -02 06 02 8 E    15.3   0.60   0.3 155     70715                   
 7518 PSC 23 13 12.8 +06 19 16 8 Sa   14.2   1.40   1.0 130     70712  12422            
 7519 PEG 23 13 11.2 +10 46 16 8 Sb   14.8   1.30   1.1 165     70713  12424            
 7520 AQR 23 13 43.6 -23 47 08 0 *                                                      
 7521 PSC 23 13 35.3 -01 43 52 8 S0   14.6   0.60   0.5 165     70725                   
 7522 AQR 23 15 36.3 -22 53 42 0 *                                                      
 7523 PEG 23 13 34.7 +13 59 10 8 S    15.7   1.00   0.2   0     70726                   
 7524 PSC 23 13 46.5 -01 43 52 8 S0-a 15.5   0.80   0.3 173     70737                   
 7525 PEG 23 13 40.4 +14 01 15 8 C    15.1   0.60   0.6         70731                   
 7526 AQR 23 14 02.3 -09 13 17 0 *3                                                     
 7527 PEG 23 13 41.7 +24 54 08 8 E    14.5   1.30   0.9 165     70728  12428            
 7528 PEG 23 14 20.0 +10 13 50 8 E    16.0   0.40   0.3  10     70770                   
 7529 PEG 23 14 03.1 +08 59 30 8 Sbc  14.6   0.90   0.8         70755  12431            
 7530 PSC 23 14 11.7 -02 46 46 8 S0-a 15.0   0.90   0.5 121     70759                   
 7531 GRU 23 14 48.4 -43 35 58 8 Sb-c 12.1   4.50   1.7  15     70800                   
 7532 PSC 23 14 22.2 -02 43 42 8 SB0- 14.3   1.40   0.7 150     70779                   
 7533 PSC 23 14 22.0 -02 02 02 8 S0-a 15.8   0.70   0.3 130     70778                   
 7534 PSC 23 14 26.5 -02 42 00 8 Irr  14.5   1.00   0.7 165     70781                   
 7535 PEG 23 14 12.8 +13 34 54 8 Scd  14.3   1.50   1.5         70761  12438            
 7536 PEG 23 14 13.1 +13 25 34 8 SBbc 14.1   1.90   0.7  56     70765  12437            
 7537 PSC 23 14 34.6 +04 29 54 8 Sb-c 13.8   2.10   0.5  79     70786  12442            
 7538 CEP 23 13 38.0 +61 30 42 5 EN          8.00   7.0                       
 7539 PEG 23 14 29.4 +23 41 03 8 S0   13.6   1.50   1.2 165     70783  12443            
 7540 PEG 23 14 36.1 +15 56 59 8 E    15.7   0.50   0.3 160     70788                   
 7541 PSC 23 14 43.2 +04 32 02 8 SBc  12.4   3.50   1.2 102     70795  12447            
 7542 PEG 23 14 41.7 +10 38 34 8 S    15.4   0.80   0.5 100     70796                   
 7543 PEG 23 14 34.5 +28 19 38 8 Sbc  14.0   1.10   0.9 140     70785  12450            
 7544 PSC 23 14 56.9 -02 11 58 8 S0   15.8   0.80   0.2  50     70811                   
 7545 GRU 23 15 32.3 -38 32 08 8 SBR  13.8   1.10   0.7  80     70840                   
 7546 PSC 23 15 05.5 -02 19 34 8 SBbc 14.5   1.10   0.9   5     70820                   
 7547 PEG 23 15 03.4 +18 58 23 8 SBa/ 14.6   1.10   0.5 106     70819  12453            
 7548 PEG 23 15 11.1 +25 16 53 8 SB0  14.4   1.10   0.9  15     70826  12455            
 7549 PEG 23 15 17.1 +19 02 27 8 SBc/ 13.9   2.80   0.7   8     70832  12457            
 7550 PEG 23 15 16.0 +18 57 37 8 E-S0 13.2   1.40   1.2         70830  12456            
 7551 PEG 23 15 22.0 +15 56 25 8 S    17.0   0.30   0.2 150                             
 7552 GRU 23 16 10.6 -42 35 07 8 SBab 11.3   3.40   3.0   1     70884        Grus Quartet           
 7553 PEG 23 15 33.0 +19 02 53 8 E    15.4   0.70   0.6         70842                   
 7554 PSC 23 15 41.3 -02 22 43 8 E    15.9   0.20   0.2         70850         
 7555 PEG 23 15 04.3 +12 33 46 0 *                                                      
 7556 PSC 23 15 44.4 -02 22 55 8 E-S0 12.5   2.50   1.6  60     70855                   
 7557 PSC 23 15 39.7 +06 42 30 8 S    15.2   0.60   0.6         70854                   
 7558 PEG 23 15 38.2 +18 55 11 8 E-S0 15.9   0.40   0.4         70844                   
 7559 PEG 23 15 46.5 +13 17 23 8 E-S0 14.3   1.30   1.2         70864  12463            
 7560 PSC 23 15 53.8 +04 29 43 0 *2                                                     
 7561 PSC 23 15 57.5 +04 31 19 0 *                                                      
 7562 PSC 23 15 57.6 +06 41 12 8 E    12.6   2.20   1.7  83     70874  12464            
 7563 PEG 23 15 55.9 +13 11 46 8 SBa  13.9   1.90   0.9 155     70872  12465            
 7564 PSC 23 16 01.2 +07 20 42 0 *                                                      
 7566 PSC 23 16 37.4 -02 19 51 8 Sa   14.5   1.40   0.7 114     70901                   
 7567 PEG 23 16 10.8 +15 51 02 8 Scd  15.5   0.90   0.2  74     70885  12468            
 7568 PEG 23 16 24.9 +24 29 48 8 S?   14.5   0.90   0.6 120     70892  12469            
 7569 PEG 23 16 44.5 +08 54 22 8 S0/p 14.3   1.00   0.7 88      70914  12472            
 7570 PEG 23 16 44.7 +13 28 58 8 SBa  13.9   1.60   0.9  30     70912  12473            
 7571 PEG 23 18 30.3 +18 41 16 8 S0   15.1   0.90   0.9         71006                   
 7572 PEG 23 16 50.3 +18 28 58 8 S0-a 15.1   0.80   0.2 165     70919                   
 7573 AQR 23 16 26.3 -22 09 16 8 SBc  13.9   1.30   1.1  42     70893                   
 7574 PEG 23 16 24.9 +24 29 48 8 S?   14.5   0.90   0.6 120     70892  12469            
 7575 PSC 23 17 20.9 +05 39 39 8 S0   14.8   0.50   0.3 105     70946                   
 7576 AQR 23 17 22.7 -04 43 42 8 S0-a 13.7   1.30   0.9  15     70948                   
 7577 PSC 23 17 17.1 +07 21 55 8 S    16.5   0.30   0.2  50     70947                   
 7578 PEG 23 17 11.9 +18 42 03 8 S0   14.9   1.50   1.5   0     70933  12477            
 7579 PEG 23 17 38.8 +09 26 00 8 C    15.1   0.50   0.4  10     70964                   
 7580 PEG 23 17 36.6 +14 00 03 8 S?   14.3   0.80   0.6  45     70962  12481            
 7581 PSC 23 14 43.4 +04 32 02 8 SBc  12.4   3.50   1.2 102     70795  12447            
 7582 GRU 23 18 23.5 -42 22 13 8 SBab 11.3   5.00   2.3 157     71001        Grus Quartet           
 7583 PSC 23 17 52.8 +07 22 44 8 S    15.1   0.70   0.7         70975                   
 7584 PEG 23 17 53.1 +09 25 59 8 S0   15.4   0.40   0.4         70977                   
 7585 AQR 23 18 01.3 -04 39 03 8 S0-a 12.3   3.10   2.7  60     70986                   
 7586 PEG 23 17 55.5 +08 35 02 8 S0   16.5   0.40   0.3 160                             
 7587 PEG 23 17 59.1 +09 40 47 8 SBab 14.9   1.20   0.3 123     70984  12484            
 7588 PEG 23 17 57.7 +18 45 08 8 S    15.7   0.30   0.2  95     70983                   
 7589 PSC 23 18 15.6 +00 15 40 8 Sa   15.3   1.10   0.7 100     70995                   
 7590 GRU 23 18 54.6 -42 14 23 8 Sb-c 12.1   2.60   1.0  36     71031        Grus Quartet           
 7591 PSC 23 18 16.2 +06 35 08 8 SBbc 13.8   1.90   0.8 145     70996  12486            
 7592 AQR 23 18 22.0 -04 25 01 8 S0-a 14.0   1.10   0.9         70999                   
 7593 PEG 23 17 56.9 +11 20 54 8 Sbc  14.3   1.00   0.6 104     70981  12483            
 7594 PEG 23 18 13.9 +10 17 50 8 Sb   14.6   1.40   0.9  30     70991  12485            
 7595 PEG 23 18 30.2 +09 55 54 8 E    15.9   0.50   0.5         71004                   
 7596 AQR 23 17 12.0 -06 54 44 8 S0   15.2   1.00   0.5  15     70932                   
 7597 PEG 23 18 30.3 +18 41 16 8 S0   15.1   0.90   0.9         71006                   
 7598 PEG 23 18 33.3 +18 44 57 8 RU0  15.8   0.30   0.2 110     71011                   
 7599 GRU 23 19 20.8 -42 15 31 8 SBc  12.0   4.40   1.4  57     71066        Grus Quartet           
 7600 AQR 23 18 53.8 -07 34 50 8 E-S0 12.9   3.10   1.6  64     71029                   
 7601 PEG 23 18 47.1 +09 13 59 8 SBbc 14.6   1.10   0.9  90     71022  12487            
 7602 PEG 23 18 43.5 +18 41 54 8 S0-a 15.1   0.50   0.5         71019                   
 7603 PSC 23 18 56.4 +00 14 37 8 Sb/P 14.1   1.60   1.0 165     71035  12493            
 7604 PSC 23 17 51.9 +07 25 46 8 S0   15.1   0.30   0.2  95     70974                   
 7605 PSC 23 17 52.8 +07 22 44 8 S    15.1   0.70   0.7         70975                   
 7606 AQR 23 19 04.8 -08 29 13 8 Sb-c 11.5   4.20   2.3 145     71047                   
 7607 PEG 23 18 59.3 +11 20 28 0 *2                                                     
 7608 PEG 23 19 15.3 +08 20 59 8 Sbc  15.0   1.50   0.4  20     71055  12500            
 7609 PEG 23 19 30.0 +09 30 29 8 E-S0 14.9   1.30   1.1  60     71076                   
 7610 PEG 23 19 41.6 +10 11 02 8 SBc  13.4   2.50   1.9  80     71087  12511            
 7611 PSC 23 19 36.5 +08 03 47 8 SB0- 13.5   1.50   0.7 139     71083  12509            
 7612 PEG 23 19 44.1 +08 34 35 8 S0   13.7   1.60   0.8   2     71089  12512            
 7614 PSC 23 19 52.6 +00 10 56 0 *4                                                     
 7615 PEG 23 19 54.4 +08 23 56 8 Sb   15.2   0.90   0.4 140     71097                   
 7616 PEG 23 19 27.2 +10 09 12 8 S    16.0   0.30   0.2  80     71073                   
 7617 PSC 23 20 08.9 +08 09 56 8 S0   14.8   0.90   0.7         71113                   
 7618 AND 23 19 47.3 +42 51 08 8 E    14.1   1.20   1.0   5     71090  12516            
 7619 PEG 23 20 14.6 +08 12 23 8 E    12.1   2.80   2.5  30     71121  12523            
 7620 PEG 23 20 05.6 +24 13 13 8 Sc   13.6   1.20   1.1         71106  12520            
 7621 PEG 23 20 24.7 +08 21 58 8 S    15.7   0.70   0.2   3     71129                   
 7622 TUC 23 21 38.5 -62 07 05 8 E-S0 14.5   1.20   0.4  60     71187                   
 7623 PEG 23 20 29.9 +08 23 45 8 S0   13.8   1.30   0.9 175     71132  12526            
 7624 PEG 23 20 22.6 +27 18 51 8 SBc  13.8   1.00   0.7  30     71126  12527            
 7625 PEG 23 20 30.2 +17 13 34 8 Sa   12.8   1.60   1.6         71133  12529            
 7626 PEG 23 20 42.6 +08 12 59 8 E    12.2   3.00   2.7         71140  12531            
 7627 PEG 23 22 30.8 +11 53 35 8 Sa   14.9   1.70   0.5 133     71241  12556            
 7628 PEG 23 20 55.0 +25 53 53 8 E    13.8   1.10   0.9         71153  12534            
 7629 PSC 23 21 19.3 +01 24 11 8 S0   14.6   1.00   0.8 170     71175                   
 7630 PEG 23 21 16.3 +11 23 49 8 S?   15.3   1.10   0.4 162     71176  12540            
 7631 PEG 23 21 26.7 +08 13 01 8 Sb   13.9   1.70   0.7  79     71181  12539            
 7632 GRU 23 22 00.9 -42 28 51 8 SB0  13.0   2.40   1.2  92     71213                   
 7633 IND 23 23 03.1 -67 39 15 8 SB0- 13.5   2.10   1.2 115     71274                   
 7634 PEG 23 21 41.7 +08 53 13 8 SB0  13.6   1.20   0.9  95     71192  12542            
 7635 CAS 23 20 45.0 +61 12 42 5 EN   11.0  15.00   8.0                      Bubble Nebula
 7636 SCL 23 22 33.1 -29 16 53 8 S0   14.7   0.90   0.6  30     71245                   
 7637 OCT 23 26 28.3 -81 54 42 8 Sc   13.2   2.10   1.9         71440                   
 7638 PEG 23 22 33.0 +11 19 44 8 S  M 15.4   0.60   0.6         71246                   
 7639 PEG 23 22 48.2 +11 22 22 8 E-S0 15.3   0.50   0.4 125     71256                   
 7640 AND 23 22 06.6 +40 50 40 8 SBbc 11.8  10.00   1.9 167     71220  12554            
 7641 PEG 23 22 30.8 +11 53 35 8 Sa   14.9   1.70   0.5 133     71241  12556            
 7642 PSC 23 22 53.4 +01 26 32 8 Sa   14.6   0.60   0.5 175     71264  12560            
 7643 PEG 23 22 50.4 +11 59 17 8 S?   14.1   1.40   0.7  45     71261  12563            
 7644 PEG 23 22 50.4 +11 59 17 8 S?   14.1   1.40   0.7  45     71261  12563            
 7645 SCL 23 23 47.4 -29 23 19 8 SBc  13.8   1.50   1.2         71314                   
 7646 AQR 23 24 06.9 -11 51 39 8 Sc   14.7   0.90   0.6 135     71338                   
 7647 PEG 23 23 57.4 +16 46 35 8 E    14.7   1.40   1.0 170     71325  12576            
 7648 PEG 23 23 54.2 +09 40 04 8 S0   13.8   1.60   1.0  85     71321  12575            
 7649 PEG 23 24 20.1 +14 38 47 8 E    14.9   1.30   1.0  75     71343  12579            
 7650 TUC 23 25 20.9 -57 47 30 8 SBc  13.2   1.40   1.1         71394                   
 7651 PEG 23 24 25.9 +13 58 18 8 E-S0 14.7   0.70   0.5 100     71344                   
 7652 TUC 23 25 37.6 -57 53 17 8 Sa   14.5   1.20   0.7  85     71402                   
 7653 PEG 23 24 49.1 +15 16 30 8 Sb   13.4   1.60   1.5         71370  12586            
 7654 CAS 23 24 50.5 +61 36 23 3 I2r   6.9  13.00            52                       
 7655 IND 23 26 45.9 -68 01 41 8 S0   14.2   0.80   0.6  75     71452                   
 7656 AQR 23 24 31.5 -19 03 35 8 S0   14.4   1.20   1.1         71357                   
 7657 TUC 23 26 47.1 -57 48 21 8 SBd  14.7   1.40   0.4 106     71456                   
 7658 GRU 23 26 24.6 -39 12 59 8 S0   15.3   0.60   0.2 137     71433                   
 7659 PEG 23 25 55.5 +14 12 33 8 S0-a 15.1   0.80   0.3 110     71417  12595            
 7660 PEG 23 25 48.7 +27 01 45 8 E    13.7   1.40   1.1  35     71413  12594            
 7661 TUC 23 27 14.5 -65 16 20 8 SBc  14.1   1.80   1.2  25     71473                   
 7662 AND 23 25 53.9 +42 32 06 6 PN    9.2   0.20                            Blue Snowball           
 7664 PEG 23 26 39.7 +25 04 47 8 Sc   13.4   2.60   1.5  90     71450  12598            
 7665 AQR 23 27 14.8 -09 23 13 8 Sm   13.5   0.80   0.8         71474                   
 7667 PSC 23 24 23.1 -00 06 33 8 Sm   14.7   1.60   1.1 100     71345  12578            
 7668 PSC 23 24 24.0 -00 06 30 5 GxyP                                  12589            
 7669 PSC 23 24 24.0 -00 06 30 5 GxyP                                                   
 7670 PSC 23 24 24.0 -00 06 30 5 GxyP                                                   
 7671 PEG 23 27 19.3 +12 28 02 8 S0   13.8   1.40   0.8 138     71478  12602            
 7672 PEG 23 27 31.4 +12 23 04 8 Sb   14.7   0.80   0.6  45     71485                   
 7673 PEG 23 27 41.2 +23 35 19 8 Sc/P 13.2   1.30   1.2         71493  12607            
 7674 PEG 23 27 56.7 +08 46 41 8 SBbc 13.9   1.10   1.0   0     71504  12608            
 7675 PEG 23 28 05.8 +08 46 07 8 E-S0 16.2   0.60   0.4  25     71518                   
 7676 TUC 23 29 01.7 -59 43 02 8 E-S0 12.7   1.60   0.9  85     71564                   
 7677 PEG 23 28 06.1 +23 31 51 8 SBbc 13.9   1.60   1.0  35     71517  12610            
 7678 PEG 23 28 27.8 +22 25 14 8 SBc  12.5   2.50   1.7   5     71534  12614            
 7679 PSC 23 28 46.5 +03 30 37 8 SB0  13.5   1.20   0.8  93     71554  12618            
 7680 PEG 23 28 35.2 +32 24 54 8 E-S0 13.5   1.80   1.8         71541  12616            
 7681 PEG 23 28 54.8 +17 18 32 8 S0   14.8   1.80   1.5         71558  12620            
 7682 PSC 23 29 03.8 +03 32 00 8 SBab 14.1   1.20   1.1         71566  12622            
 7683 PEG 23 29 03.8 +11 26 41 8 S0   13.7   1.90   0.9 140     71565  12623            
 7684 PSC 23 30 32.0 +00 04 51 8 S0-a 14.7   1.50   0.4  21     71625  12637            
 7685 PSC 23 30 33.3 +03 54 04 8 SBc  13.9   1.90   1.5 170     71628  12638            
 7686 AND 23 30 07.3 +49 08 03 3 IV1p  5.6  15.00                             
 7687 PSC 23 30 54.4 +03 32 48 8 S0   14.6   1.30   1.0  75     71635                   
 7688 PEG 23 31 05.4 +21 24 41 8 S0   15.5   0.40   0.3  95     71648                   
 7689 PHE 23 33 16.4 -54 05 41 8 SBc  12.2   2.80   1.9 133     71729                   
 7690 PHE 23 33 02.4 -51 41 56 8 Sb   13.0   2.10   0.8 132     71716                   
 7691 PEG 23 32 24.6 +15 50 54 8 SBbc 13.8   2.10   1.6 175     71699  12654            
 7692 AQR 23 32 46.7 -05 35 48 8 Irr  14.0   0.50   0.4 100     71712                   
 7693 PSC 23 33 10.4 -01 17 31 8 S0-a 14.5   1.20   0.8  30     71720                   
 7694 PSC 23 33 16.1 -02 42 15 8 Irr  13.6   1.60   0.9  85     71728                   
 7695 PSC 23 33 14.9 -02 43 13 8 S0   15.9   0.60   0.3  75     71726                   
 7696 PSC 23 33 50.2 +04 52 15 8 S    14.6   0.50   0.3 100     71757                   
 7697 TUC 23 34 52.3 -65 23 48 8 Sb   14.3   1.60   0.3  87     71800                   
 7698 PEG 23 34 01.5 +24 56 41 8 S0   14.4   1.00   0.8 170     71762  12668            
 7699 PSC 23 34 27.0 -02 54 02 8 Sa   15.9   0.60   0.3  95     71782                   
 7700 PSC 23 34 30.2 -02 57 14 8 S0-a 14.7   2.00   0.4 155     71777                   
 7701 PSC 23 34 31.5 -02 51 20 8 Sb   13.7   1.20   0.8 175     71779                   
 7702 PHE 23 35 28.8 -56 00 45 8 SB0- 13.1   2.10   1.2 117     71829                   
 7703 PEG 23 34 46.8 +16 04 31 8 S0   14.5   2.20   0.5 147     71797  12676            
 7704 PSC 23 35 00.9 +04 53 51 8 E-S0 14.6   1.10   0.9  67     71810  12684            
 7705 PSC 23 35 02.4 +04 48 14 8 SB0  15.2   0.60   0.5         71811                   
 7706 PSC 23 35 10.4 +04 57 51 8 S0   14.3   1.20   1.0 120     71817  12686            
 7707 AND 23 34 51.3 +44 18 15 8 E-S0 14.6   1.30   1.1         71798  12683            
 7709 AQR 23 35 27.2 -16 42 22 8 SB0  13.7   2.30   0.6  55     71828                   
 7710 PSC 23 35 46.1 -02 52 53 8 S0   14.5   1.20   0.5 135     71844                   
 7711 PEG 23 35 39.4 +15 18 04 8 S0   13.1   2.60   1.3  95     71836  12691            
 7712 PEG 23 35 51.5 +23 37 04 8 S?   13.8   0.90   0.8         71850  12694            
 7713 SCL 23 36 15.3 -37 56 22 8 SBcd 11.6   4.50   1.8 168     71866                   
 7714 PSC 23 36 14.1 +02 09 15 8 SBb/ 13.0   1.90   1.4   4     71868  12699            
 7715 PSC 23 36 21.7 +02 09 21 8 Irr  14.7   2.70   0.4  73     71878  12700            
 7716 PSC 23 36 31.3 +00 17 49 8 SBb  12.8   2.20   1.8  35     71883  12702            
 7717 AQR 23 37 43.6 -15 07 09 8 SB0- 13.5   1.40   1.2 170     71941                   
 7718 PEG 23 38 04.9 +25 43 09 8 S?   15.1   0.90   0.6 160     71959  12712            
 7719 AQR 23 38 02.6 -22 58 31 8 Sab  15.0   0.90   0.7         71961                   
 7720 PEG 23 38 29.3 +27 01 50 8 E    13.4   1.60   1.3  10     71985  12716            
 7721 AQR 23 38 48.6 -06 31 06 8 Sc   12.3   3.10   1.2  18     72001                   
 7722 PEG 23 38 40.9 +15 57 15 8 S0-a 13.5   2.10   1.8 150     71993  12718            
 7723 AQR 23 38 57.0 -12 57 42 8 SBb  11.9   3.50   2.2  35     72009                   
 7724 AQR 23 39 07.0 -12 13 29 8 Sb   14.3   1.50   1.0  30     72015                   
 7725 AQR 23 39 14.7 -04 32 22 8 S0   14.5   0.70   0.7         72025                   
 7726 PEG 23 39 11.9 +27 06 52 8 S0   15.0   1.50   0.6  60     72024  12721            
 7727 AQR 23 39 53.7 -12 17 36 8 SBa/ 11.5   4.70   4.1  35     72060                   
 7728 PEG 23 40 00.7 +27 07 58 8 E    14.2   1.00   0.8  75     72064  12727            
 7729 PEG 23 40 33.6 +29 11 15 8 SBa  14.4   1.80   0.6   7     72083  12730            
 7730 AQR 23 40 45.8 -20 30 34 8 S?   14.8   0.70   0.6         72094                   
 7731 PSC 23 41 29.0 +03 44 24 8 SBa  14.1   1.40   1.1  95     72128  12737            
 7732 PSC 23 41 34.0 +03 43 28 8 Scd  14.3   2.00   0.6  96     72131  12738            
 7733 TUC 23 42 32.9 -65 57 24 8 SBb  14.3   1.30   0.8 107     72177                   
 7734 TUC 23 42 43.0 -65 56 41 8 SBb  13.9   1.40   1.2 119     72183                   
 7735 PEG 23 42 17.3 +26 13 54 8 E    14.7   1.30   0.9  90     72165  12744            
 7736 AQR 23 42 25.7 -19 27 11 8 S0   14.1   1.60   1.5         72173                   
 7737 PEG 23 42 46.3 +27 03 07 8 S0-a 14.8   0.90   0.4 147     72182  12745            
 7738 PSC 23 43 02.1 +00 30 01 8 SBb  14.0   2.00   1.5  80     72247  12757            
 7739 PSC 23 44 30.0 +00 19 14 8 E2   15.1   1.10   0.9  90     72272                   
 7740 PEG 23 43 32.0 +27 18 40 8 S0   14.9   0.80   0.5 140     72216                   
 7741 PEG 23 43 54.3 +26 04 29 8 SBc  11.7   4.50   2.9 170     72237  12754            
 7742 PEG 23 44 15.7 +10 45 59 8 Sb   12.4   1.80   1.7         72260  12760            
 7743 PEG 23 44 21.1 +09 56 00 8 SB0- 12.3   2.80   2.4  80     72263  12759            
 7744 PHE 23 44 59.2 -42 54 38 8 E-S0 12.8   2.20   1.8 105     72300                   
 7745 PEG 23 44 45.7 +25 54 32 8 S    15.2   0.70   0.7         72299                   
 7746 PSC 23 45 19.9 -01 41 06 8 S0   14.2   1.40   1.1 160     72319  12768            
 7747 PEG 23 45 32.5 +27 21 36 8 SBb  14.4   1.50   0.5  36     72328  12772            
 7748 CEP 23 44 56.5 +69 45 17 0 *     7.1                                              
 7749 SCL 23 45 47.5 -29 31 06 8 S0   13.8   1.60   1.1  28     72338                   
 7750 PSC 23 46 37.8 +03 47 57 8 SBc/ 13.5   1.60   0.8 171     72367  12777            
 7751 PSC 23 46 58.4 +06 51 41 8 S    13.9   1.00   1.0         72381  12778            
 7752 PEG 23 46 58.5 +29 27 32 8 E-S0 15.0   0.90   0.5 113     72382  12779            
 7753 PEG 23 47 04.8 +29 29 00 8 SBbc 13.0   2.90   1.9  50     72387  12780            
 7754 AQR 23 49 11.2 -16 36 04 8 Sa   15.5   0.60   0.3 130     72511                   
 7755 SCL 23 47 51.9 -30 31 27 8 SBc  12.4   3.80   2.8  20     72444                   
 7756 PSC 23 48 28.6 +04 07 28 0 *                                                      
 7757 PSC 23 48 45.5 +04 10 15 8 Sc   13.1   2.40   1.7 115     72491  12788            
 7758 AQR 23 48 55.1 -22 01 29 8 E-S0 15.7   0.70   0.5 118     72497                   
 7759 AQR 23 48 54.6 -16 32 29 8 SB0  14.5   1.30   0.9  45     72496                   
 7760 PEG 23 49 11.9 +30 58 57 8 E?   14.6   1.00   1.0         72512  12794            
 7761 AQR 23 51 28.8 -13 22 54 8 S0   13.7   1.20   1.2         72641                   
 7762 CEP 23 49 48.0 +68 02 00 3 II2p 10.0  11.00                             
 7763 AQR 23 50 15.7 -16 35 25 8 E-S0 15.5   0.70   0.4 163     72565                   
 7764 PHE 23 50 53.6 -40 43 50 8 SBm  12.9   2.00   1.5 148     72597                   
 7765 PEG 23 50 52.4 +27 09 55 8 SBR  15.5   0.70   0.7         72596                   
 7766 PEG 23 50 55.8 +27 07 35 8 C    15.7   0.50   0.2  43     72611                   
 7767 PEG 23 50 56.5 +27 05 10 8 S0-a 14.4   1.00   0.2 142     72601  12805            
 7768 PEG 23 50 58.4 +27 08 50 8 E    13.3   1.60   1.3  60     72605  12806            
 7769 PEG 23 51 04.1 +20 09 00 8 Sb   12.8   1.60   1.6         72615  12808            
 7770 PEG 23 51 22.5 +20 05 47 8 S0-a 14.5   0.80   0.7         72635  12813            
 7771 PEG 23 51 24.6 +20 06 42 8 SBa  13.0   2.40   1.1  68     72638  12815            
 7772 PEG 23 51 45.0 +16 14 54 3 III1                                         
 7773 PEG 23 52 10.0 +31 16 35 8 SBbc 14.3   1.20   1.2         72681  12820            
 7774 PEG 23 52 10.6 +11 28 11 8 E  M 14.2   1.30   1.2         72679  12819            
 7775 PEG 23 52 24.4 +28 46 19 8 SBc  14.0   0.90   0.8  20     72696  12821            
 7776 AQR 23 54 16.5 -13 35 13 8 Sa   15.4   0.90   0.3 153     72812                   
 7777 PEG 23 53 12.5 +28 17 00 8 S0   14.4   1.20   0.8  48     72744  12829            
 7778 PSC 23 53 19.5 +07 52 12 8 E    13.7   1.00   1.0         72756  12827            
 7779 PSC 23 53 26.6 +07 52 32 8 S0-a 13.7   1.40   1.1  10     72770  12831            
 7780 PSC 23 53 32.1 +08 07 04 8 SBab 14.8   0.90   0.5   3     72775  12833            
 7781 PSC 23 53 45.9 +07 51 37 8 S    15.1   0.80   0.2  10     72785                   
 7782 PSC 23 53 53.9 +07 58 12 8 Sb   13.1   2.20   1.3 175     72788  12834            
 7783 PSC 23 54 10.1 +00 22 58 8 S0   14.0   1.30   0.6 100     72803  12837            
 7784 PEG 23 55 13.6 +21 45 44 8 C    15.5   0.50   0.5         72862                   
 7785 PSC 23 55 18.9 +05 54 56 8 E    12.6   2.00   1.3 143     72867  12841            
 7786 PEG 23 55 21.7 +21 35 17 8 S    14.1   0.60   0.4   5     72870  12842            
 7787 PSC 23 56 07.8 +00 32 57 8 S0-a 15.3   1.80   0.5 104     72930  12849            
 7788 CAS 23 56 42.0 +61 24 00 3 I2p   9.4   9.00                             
 7789 CAS 23 57 24.0 +56 42 30 3 II1r  6.7  16.00                             
 7790 CAS 23 58 24.2 +61 12 30 3 III2  8.5  17.00                             
 7791 PEG 23 57 57.2 +10 45 56 0 *2                                                     
 7792 PEG 23 58 03.6 +16 30 05 8 Sb   14.9   0.80   0.8         73066                   
 7793 SCL 23 57 49.2 -32 35 32 8 Scd   9.7   9.60   6.4  98     73049                   
 7794 PEG 23 58 34.1 +10 43 40 8 Sbc  13.6   1.50   1.4         73103  12872            
 7796 PHE 23 58 59.7 -55 27 31 8 E    12.5   2.20   1.9 168     73126                   
 7797 PSC 23 58 58.8 +03 38 01 8 Sbc  14.6   1.00   0.9  10     73125  12877            
 7798 PEG 23 59 25.6 +20 44 58 8 Sc   13.0   1.40   1.3         73163  12884            
 7799 PEG 23 59 31.5 +31 17 44 0 *                                                      
 7800 PEG 23 59 37.0 +14 48 25 8 Irr  13.2   2.30   1.6  42     73177  12885            
 7801 CAS 00 00 20.0 +50 44 20 0 *Grp                                                   
 7802 PSC 00 01 00.5 +06 14 28 8 S0   14.6   1.10   0.6  52     81     12902            
 7803 PEG 00 01 20.0 +13 06 39 8 S0-a 14.1   1.00   0.6  85     101    12906            
 7804 PSC 00 01 18.8 +07 44 53 0 *2                                                     
 7805 PEG 00 01 26.7 +31 25 59 8 SB0  14.2   1.20   0.9  30     109    12908            
 7806 PEG 00 01 30.1 +31 26 29 8 Sb/P 14.3   1.10   0.8  20     112    12911            
 7807 CET 00 00 26.6 -18 50 33 8 SBab 15.6   0.70   0.5  27     33                      
 7808 CET 00 03 32.1 -10 44 41 8 S0   14.1   1.30   1.3         243                     
 7809 PSC 00 02 09.4 +02 56 24 8 Irr  15.2   0.50   0.4  95     158                     
 7810 PEG 00 02 19.1 +12 58 16 8 S0   14.1   1.20   0.9  80     163    12919            
 7811 PSC 00 02 26.4 +03 21 05 8 Irr  15.1   0.40   0.4         168                     
 7812 SCL 00 02 54.2 -34 14 11 8 Sb   13.9   1.10   0.7 125     195                     
 7813 CET 00 04 09.2 -11 59 04 8 Sb   14.5   0.80   0.3 158     287                     
 7814 PEG 00 03 14.8 +16 08 41 8 Sa-b 11.6   4.70   2.4 135     218    8                
 7815 PEG 00 03 24.9 +20 42 11 0 *                                                      
 7816 PSC 00 03 49.0 +07 28 40 8 Sb-c 13.7   1.70   1.5         263    16               
 7817 PEG 00 03 58.5 +20 45 00 8 Sb-c 12.6   3.50   1.0  45     279    19               
 7818 PSC 00 04 09.0 +07 22 43 8 Sc   14.8   1.00   1.0         288    21               
 7819 PEG 00 04 24.5 +31 28 19 8 SBb  14.2   1.50   1.2         303    26               
 7820 PSC 00 04 30.9 +05 11 57 8 S0-a 13.9   1.30   0.6 165     307    28               
 7821 CET 00 05 16.5 -16 28 37 8 Sc   14.0   1.40   0.5 111     367                     
 7822 CEP 00 03 06.0 +67 09 00 5 EN        100.00                             
 7823 TUC 00 04 45.8 -62 03 42 8 SBbc 13.4   1.10   1.0         328                     
 7824 PSC 00 05 06.2 +06 55 12 8 Sa-b 14.3   1.60   1.2 145     354    34               
 7825 PSC 00 05 06.7 +05 12 09 8 SBb  14.4   1.00   0.5 135     377    37               
 7826 CET 00 05 18.0 -20 41 30 0 *Grp       12.00                                       
 7827 PSC 00 05 27.7 +05 13 17 8 SB0  15.1   1.20   0.9  45     378    38               
 7828 CET 00 06 27.1 -13 24 59 8 Sc   14.4   1.00   0.5 140     483                     
 7829 CET 00 06 29.1 -13 25 18 8 S0-a 14.6   0.70   0.7         488                     
 7830 PSC 00 06 01.8 +08 20 34 0 *                                                      
 7831 AND 00 07 19.3 +32 36 31 8 Sb   13.6   1.50   0.3  38     569    60               
 7832 PSC 00 06 28.4 -03 43 02 8 E    13.3   1.90   1.0  25     485                     
 7833 PEG 00 06 32.6 +27 38 27 0 *4                                                     
 7834 PSC 00 06 37.9 +08 22 06 8 Sc   15.1   1.10   0.8  43     504    49               
 7835 PSC 00 06 46.7 +08 25 36 8 S?   15.5   0.50   0.3 160     505                     
 7836 AND 00 08 01.6 +33 04 15 8 I    14.4   0.90   0.5 133     608    65               
 7837 PSC 00 06 51.4 +08 21 05 8 S?   16.7   0.40   0.3 165     516                     
 7838 PSC 00 06 53.9 +08 21 05 8 S?   15.1   0.70   0.3  90     525                     
 7839 PEG 00 07 00.7 +27 38 08 0 *2                                                       
 7840 PSC 00 07 08.8 +08 23 03 8 S    16.0   0.40   0.3 125                             
I   1 PEG 00 08 27.3 +27 43 07 0 *2                                                                                                                   
I   2 CET 00 11 00.8 -12 49 22 8 S?   15.5   0.80   0.2 137     778    
I   3 PSC 00 12 06.0 -00 24 55 8 E-S0 14.9   0.60   0.3  45     836    
I   4 PEG 00 13 27.0 +17 29 07 8 Sc   14.1   1.00   0.9  10     897    123     
I   5 CET 00 17 34.9 -09 32 36 8 E    14.3   0.90   0.6   5     1145   
I   6 PSC 00 18 54.9 -03 16 36 8 E    14.5   0.70   0.7         1228   
I   7 PSC 00 18 53.0 +10 35 41 8 E?   14.8   0.50   0.5         1216   
I   8 PSC 00 19 02.6 -03 13 21 8 Sc   15.1   0.80   0.4 128     1234   
I   9 CET 00 19 44.2 -14 07 19 8 S    16.1   0.40   0.3 120     1271   
I  10 CAS 00 20 24.5 +59 17 31 8 Irr  11.8   6.40   5.3         1305   192     
I  11 CAS 00 52 59.3 +56 37 19 3 OCL+  7.4   4.00                      
I  12 PSC 00 20 15.2 -02 39 14 8 Sb   15.7   0.80   0.3  15     1299   
I  13 PSC 00 20 20.1 +07 42 00 8 Sb-c 14.8   1.40   0.5 163     1301   195     
I  15 CET 00 27 57.5 -00 03 43 8 E    16.0   0.40   0.4         165498 
I  16 CET 00 28 07.7 -13 05 41 8 S?   14.7   0.50   0.3  60     1730   
I  17 CET 00 28 29.7 +02 38 53 8 Sbc  15.0   0.50   0.5         1753   
I  18 CET 00 28 35.0 -11 35 13 8 SBb  14.6   1.90   0.8  15     1759   
I  19 CET 00 28 39.4 -11 38 27 8 S0   15.1   0.80   0.5  50     1762   
I  20 CET 00 28 39.6 -13 00 37 8 S    15.2   0.70   0.7         1755   
I  21 CET 00 29 10.4 -00 09 51 8 S?   14.5   0.40   0.4         1785   
I  22 CET 00 29 33.1 -09 04 51 8 S?   15.6   0.70   0.3  40     1815   
I  23 CET 00 30 50.7 -12 43 13 8 S    14.2   0.70   0.7         1872   
I  24 AND 00 31 16.7 +30 50 24 0 *2                                    
I  25 CET 00 31 12.2 -00 24 29 8 S0   15.4   0.70   0.6         1905   
I  26 CET 00 31 45.9 -13 20 18 8 S    15.9   0.50   0.5         138159 
I  27 CET 00 33 06.2 -13 22 18 8 S    16.1   0.60   0.6         143572 
I  28 CET 00 33 08.6 -13 27 23 8 S    15.7   0.60   0.5  90     169992 
I  29 CET 00 34 10.7 -02 10 39 8 C    15.4   0.70   0.7         2042   
I  30 CET 00 34 14.7 -02 05 07 8 S    16.5   0.40   0.2  15     2050   
I  31 PSC 00 34 24.6 +12 16 05 8 Sa-b 15.3   1.60   0.3  89     2062   340     
I  32 CET 00 35 01.6 -02 08 30 8 S    16.2   0.40   0.4         2096   
I  33 CET 00 35 05.0 -02 08 18 8 S    15.6   0.50   0.4         2101   
I  34 PSC 00 35 36.4 +09 07 28 8 SBa  13.6   2.80   1.0 156     2134   351     
I  35 PSC 00 37 39.9 +10 21 25 8 Sc   14.8   1.00   0.8         2246   374     
I  36 CET 00 37 49.6 -15 26 29 8 C    15.5   0.60   0.6         138202 
I  37 CET 00 38 34.2 -15 21 33 8 SBb  15.9   0.80   0.4 170     2299   
I  38 CET 00 38 38.8 -15 25 11 8 Sb   14.5   0.90   0.7  70     2311   
I  39 CET 00 39 08.4 -14 10 22 8 Sb/P 13.0   2.10   0.9 175     2349   
I  40 CET 00 39 21.3 +02 27 20 8 Sbc  15.1   1.00   0.5  13     2376   413     
I  41 CET 00 39 40.3 -14 10 28 8 P?   15.5   0.40   0.4         138206 
I  42 CET 00 41 05.9 -15 25 44 8 SBc  15.0   0.70   0.4  45     2463   
I  43 AND 00 42 22.0 +29 38 29 8 Sc   14.0   1.60   1.4         2536   448     
I  44 CET 00 42 15.9 +00 50 44 8 S0-a 14.3   1.30   0.9  62     2527   450     
I  45 AND 00 42 36.5 +29 39 19 0 *2                                    
I  46 AND 00 42 57.9 +27 15 12 8 E?   14.7   0.60   0.5         2575   
I  47 CET 00 42 54.9 -13 44 27 8 S    16.1   0.50   0.3 100            
I  48 CET 00 43 34.4 -08 11 10 8 S0   14.0   1.00   0.8  25     2603   
I  49 CET 00 43 56.2 +01 51 00 8 Sc   14.2   1.50   1.3  95     2617   468     
I  50 CET 00 46 05.7 -09 30 14 8 E    14.2   0.60   0.6         2698   
I  51 CET 00 46 24.2 -13 26 31 8 S0   13.4   1.40   1.3  30     2710   
I  52 PSC 00 48 23.7 +04 05 29 8 S?   15.3   1.00   0.4  97     2834   494     
I  53 PSC 00 50 40.7 +10 36 01 8 E-S0 15.0   1.10   1.1         2951   516     
I  54 CET 00 50 46.8 -02 17 21 0 *2                                    
I  55 PSC 00 51 42.3 +07 43 07 8 S?   15.0   0.70   0.3 175     3025   
I  56 CET 00 51 30.0 -12 50 42 8 Sc   15.5   0.80   0.8         3014   
I  57 PSC 00 54 48.4 +11 50 28 8 S0   15.5   1.00   1.0         3229   559     
I  58 CET 00 55 02.4 -13 40 41 8 S0   15.0   0.80   0.4 100     3257   
I  59 CAS 00 57 28.5 +61 08 37 5 EN         10.00   5.0                      Gamma Cas Nebula
I  60 CET 00 56 04.2 -13 21 29 8 S    16.0   0.50   0.4  32     3324   
I  61 PSC 00 57 07.2 +07 30 24 8 C    14.9   1.00   1.0         3408   589     
I  62 PSC 00 58 44.0 +11 48 28 8 S?   15.0   0.90   0.6  25     3507   606     
I  63 CAS 00 59 29.0 +60 54 40 5 EN         10.00   3.0                      Gamma Cas Nebula
I  64 PSC 00 59 24.4 +27 03 32 8 S    15.2   1.10   0.7 170     3550   613     
I  65 AND 01 00 55.3 +47 40 52 8 SBbc 13.5   3.90   1.1 155     3635   625     
I  66 PSC 01 00 32.4 +30 47 46 8 Sa   14.9   0.90   0.5 125     3606   623     
I  69 PSC 01 01 23.6 +31 02 26 8 Sbc  14.6   0.90   0.9         3666   
I  70 CET 01 01 03.9 +00 03 03 8 S    17.1   0.30   0.2 140     173286 
I  73 PSC 01 04 53.1 +04 46 00 8 S    15.4   0.90   0.5 160     3842   
I  74 PSC 01 05 55.9 +04 05 25 8 E?   15.8   0.40   0.3  15     3897   
I  75 PSC 01 07 11.5 +10 50 12 8 Sb   14.7   1.30   1.0  30     3959   684     
I  76 CET 01 08 11.6 -04 33 18 8 S?   16.4   0.90   0.4 120     4035   
I  77 CET 01 08 43.7 -15 25 17 8 S0   15.5   0.50   0.4  90     73653  
I  78 CET 01 08 47.6 -15 50 43 8 Sa   14.2   1.70   0.7 133     4079   
I  79 CET 01 08 49.7 -15 56 56 8 E-S0 14.5   0.90   0.7 155     4082   
I  80 CET 01 08 51.1 -15 24 25 8 E    15.0   0.60   0.5         4071   
I  81 CET 01 09 22.4 -01 41 44 8 Sbc  14.7   1.00   0.9         4127   
I  82 CET 01 09 05.8 -16 00 03 8 Sb   14.5   0.70   0.7         4103   
I  83 CET 01 10 29.7 +01 41 19 8 S    15.2   0.70   0.4 115     4182   
I  84 CET 01 11 25.5 +01 38 25 8 S0   14.8   0.80   0.5   5     4265   
I  86 CET 01 13 28.4 -16 14 30 8 S    15.5   0.70   0.3 140     165316 
I  87 CET 01 14 15.8 +00 45 55 8 SB?  15.4   0.50   0.5         4454   
I  88 CET 01 14 31.3 +00 47 28 8 S    16.1   0.40   0.4                
I  89 PSC 01 16 03.7 +04 17 38 8 SB0  13.8   2.00   1.6         4578   818     
I  90 CET 01 16 30.3 -07 58 38 8 E    13.9   1.30   1.0 115     4606   
I  91 CET 01 18 39.4 +02 33 13 8 S    16.5   0.50   0.2  60            
I  92 PSC 01 19 48.4 +32 46 00 8 S0-a 15.3   0.70   0.4   0     4780   
I  93 CET 01 19 02.2 -17 03 42 8 Sb   13.6   1.30   0.6 170     4724   
I  94 PSC 01 20 04.1 +32 43 14 0 *                                     
I  95 CET 01 19 17.8 -12 34 27 8 E    16.5   0.40   0.4                
I  96 PSC 01 20 33.3 +29 36 57 8 Sbc  14.8   0.80   0.4  48     4840   
I  97 PSC 01 20 01.9 +14 51 40 8 E    16.5   0.30   0.3         4796   
I  98 CET 01 20 54.8 -12 36 17 8 E    16.3   0.70   0.7         4869   
I  99 CET 01 22 27.3 -12 57 11 8 S?   15.0   0.50   0.5         4997   
I 100 CET 01 22 53.9 -04 38 35 8 E-S0 14.4   1.10   0.8  80     5029   
I 101 PSC 01 24 08.5 +09 55 48 8 Sb   14.8   1.40   0.6 127     5147   949     
I 102 PSC 01 24 26.3 +09 53 12 8 S0-a 15.6   0.90   0.3  92     5172   954     
I 103 CET 01 24 36.4 +02 02 39 8 E-S0 15.0   0.90   0.5 130     5192   963     
I 104 CET 01 24 33.4 -01 27 23 0 *2                                    
I 105 CET 01 24 46.2 +02 04 28 8 S    15.5   0.70   0.4  40     5206   
I 106 CET 01 24 41.7 -01 35 15 8 S0-a 14.0   1.50   0.4 134     5210   965     
I 107 PSC 01 25 24.7 +14 51 51 8 E    13.9   1.40   1.4         5271   986     
I 108 CET 01 24 39.0 -12 38 10 8 S    15.8   0.90   0.2   5     5205   
I 109 CET 01 25 12.9 +02 04 01 8 SB0  14.6   1.10   0.9  80     5251   980     
I 110 PSC 01 25 52.8 +33 25 47 0 *                                     
I 112 PSC 01 26 02.9 +11 26 33 8 Sd   14.4   0.80   0.4 128     5328   1008    
I 113 PSC 01 26 25.5 +19 11 29 8 E    16.0   0.40   0.4                
I 114 PSC 01 26 22.5 +09 54 35 8 S0   15.2   1.70   0.7 150     5343   1015    
I 115 PSC 01 26 54.5 +19 12 50 8 S0   15.2   0.70   0.7         5395   
I 116 CET 01 26 50.5 -04 58 58 8 Sc   14.5   0.90   0.6 135     5389   
I 118 CET 01 27 36.0 -04 59 51 8 E    16.1   0.50   0.5         5446   
I 119 CET 01 27 54.9 -02 02 26 8 SB0- 15.0   1.30   0.6  77     5465   1047    
I 120 CET 01 28 12.8 -01 54 56 8 S0   15.3   0.90   0.2 135     5484   
I 121 CET 01 28 21.7 +02 30 44 8 Sb-c 14.4   0.90   0.5 108     5492   1053    
I 122 CET 01 28 13.1 -14 50 22 8 S0   16.0   0.50   0.2  10            
I 123 CET 01 28 51.4 +02 26 47 8 S    14.9   0.40   0.3  45     5524   
I 124 CET 01 29 09.0 -01 55 43 0 *                                     
I 125 CET 01 29 18.3 -13 16 48 8 S    16.2   0.40   0.4         5560   
I 126 CET 01 29 47.7 -01 59 02 8 S    15.2   1.40   1.2         5577   1071    
I 127 CET 01 29 47.4 -06 58 49 8 Sb   14.5   1.60   0.4 125     5581   
I 128 CET 01 31 23.9 -12 37 30 8 SB   15.3   0.90   0.7         5659   
I 129 CET 01 31 31.2 -12 39 16 8 S0-a 14.4   1.40   0.9  60     5675   
I 130 CET 01 31 28.7 -15 35 30 8 S    16.1   0.40   0.4         5671   
I 131 TRI 01 33 15.0 +30 45 05 5 GxyP        0.10                      
I 132 TRI 01 33 16.0 +30 56 40 5 GxyP        0.70                      
I 133 TRI 01 33 15.8 +30 53 03 5 GxyP        0.40                      
I 134 TRI 01 33 25.2 +30 53 56 0 *                                     
I 135 TRI 01 34 15.5 +30 37 10 5 GxyP        0.60                      
I 136 TRI 01 34 15.9 +30 33 40 5 GxyP        0.60                      
I 137 TRI 01 33 38.8 +30 31 21 5 GxyP        0.60                      
I 138 CET 01 33 02.0 -00 41 25 8 Sc   14.7   1.10   0.8  30     5771   1106    
I 139 TRI 01 33 59.3 +30 34 31 5 GxyP                                  
I 140 TRI 01 33 58.1 +30 33 00 5 GxyP                                  
I 141 CET 01 32 51.7 -14 48 55 8 SBbc 13.6   1.20   1.2         5765   
I 142 TRI 01 33 55.8 +30 45 20 5 GxyP        0.50                      
I 143 TRI 01 34 11.1 +30 46 39 5 GxyP        0.30                      
I 144 CET 01 37 40.8 -13 18 53 8 C    15.1   0.40   0.4         6027   
I 145 CET 01 38 38.5 +00 44 27 8 S?   15.5   0.70   0.7         6084   
I 146 CET 01 38 39.8 -17 49 54 8 E-S0 14.5   1.10   0.5 114     6083   
I 147 CET 01 39 59.7 -14 51 45 8 Sbc  14.5   0.90   0.6 115     6164   
I 149 CET 01 42 25.6 -16 18 02 8 S    15.1   1.10   0.3  87     6289   
I 150 PSC 01 42 57.6 +04 11 55 8 Sb   14.9   1.00   0.5 143     6316   1202    
I 152 PSC 01 44 01.2 +13 04 26 8 P    15.7   0.40   0.2 130     6368   
I 154 PSC 01 45 16.2 +10 38 57 8 Sb   14.6   1.50   0.2  66     6439   1229    
I 155 CAS 01 47 32.3 +60 36 39 5 EN         12.00                      
I 156 PSC 01 45 29.1 +10 33 10 8 S?   14.9   1.50   1.2         6448   1231    
I 158 CET 01 45 53.4 -06 56 09 8 E    16.1   0.50   0.4 140     144318 
I 159 CET 01 46 25.0 -08 38 14 8 Sb   13.7   1.50   0.7  35     6505   
I 160 CET 01 46 29.5 -13 14 52 8 E-S0 14.4   1.30   0.8  90     6511   
I 161 PSC 01 48 53.2 +10 24 48 8 S    15.8   0.60   0.3  45            
I 162 PSC 01 48 53.4 +10 31 18 8 S0   14.8   1.60   1.6         6643   1267    
I 163 ARI 01 49 15.0 +20 42 36 8 SBdm 13.7   1.80   0.9  95     6675   1276    
I 164 CET 01 49 08.4 -03 54 18 8 E    13.5   1.40   1.2  20     6666   
I 165 TRI 01 50 14.1 +27 38 44 8 Sb   13.3   3.40   0.7  90     6759   1292    
I 166 CAS 01 52 29.4 +61 50 41 3 III1 11.7   7.00                      
I 167 ARI 01 51 08.5 +21 54 43 8 SBc  13.6   2.70   1.8  95     6833   1313    
I 168 CET 01 50 27.5 -08 31 27 8 Sb   15.5   0.90   0.3 100     6763   
I 169 CET 01 50 39.3 -12 40 47 8 S    16.1   0.50   0.3  80            
I 170 CET 01 51 57.4 -08 31 04 8 S    15.7   0.30   0.2  90     6890   
I 171 TRI 01 55 10.3 +35 16 53 8 E-S0 13.4   2.50   2.2 105     7139   1388    
I 172 CET 01 54 54.2 +00 48 40 8 S?   14.8   0.40   0.3  90     7116   
I 173 CET 01 55 57.1 +01 17 03 8 SBbc 14.9   0.90   0.7 110     7217   1402    
I 174 PSC 01 56 16.1 +03 45 43 8 S0   14.4   1.30   0.8  95     7249   1409    
I 175 CET 01 56 18.8 +01 19 55 8 E    15.3   0.40   0.4         7261   
I 176 CET 01 56 53.5 -02 01 10 8 Sc   14.8   1.90   0.4  94     7306   1426    
I 177 CET 01 57 00.6 -00 05 23 8 S    15.4   0.40   0.3  10     7326   
I 178 AND 01 58 54.9 +36 40 28 8 Sa-b 14.1   1.30   0.9 170     7488   1456    
I 179 AND 02 00 11.5 +38 01 15 8 E    13.4   1.80   1.5 110     7581   1475    
I 180 ARI 02 00 00.3 +23 36 16 8 Sb   15.4   0.80   0.3   0     7558   
I 181 ARI 02 00 02.3 +23 39 31 8 C    15.7   0.50   0.4         7559   
I 182 PSC 01 59 51.7 +07 24 42 8 SBb  14.3   1.20   1.0  40     7556   1473    
I 183 CET 01 59 33.9 -05 20 52 8 S0   14.6   1.30   0.4  95     7538   
I 184 CET 01 59 51.1 -06 50 28 8 Sa   14.7   1.10   0.5 177     7554   
I 185 CET 02 00 06.1 -01 31 42 8 S    16.2   0.50   0.2  88     7576   
I 186 CET 02 00 23.9 -01 33 14 8      14.8   0.60   0.4  27     7599   
I 187 TRI 02 01 30.7 +26 28 50 8 SBa  13.8   2.00   0.7  70     7683   1507    
I 189 ARI 02 01 52.9 +23 33 02 8 SBc  14.8   0.80   0.8         7716   
I 190 ARI 02 02 07.2 +23 32 59 8 E?   15.2   0.80   0.5 100     7731   
I 191 ARI 02 02 29.4 +18 22 20 8 E-S0 13.8   1.30   1.1  45     7763   1528    
I 192 ARI 02 02 32.4 +16 00 49 8 S0   14.7   0.90   0.7         7768   1530    
I 193 ARI 02 02 31.0 +11 05 33 8 Sc   14.3   1.70   1.5         7765   1529    
I 194 CET 02 03 05.1 +02 36 48 8 Sb   15.3   1.50   0.2  13     7812   1542    
I 195 ARI 02 03 44.6 +14 42 31 8 S0   14.1   1.50   0.8 135     7846   1555    
I 196 ARI 02 03 49.7 +14 44 19 8 SBRM 13.8   2.80   1.4   5     7856   1556    
I 197 PSC 02 04 04.9 +02 47 10 8 SBbc 14.4   1.00   0.5  55     7875   1564    
I 198 PSC 02 06 03.1 +09 17 44 8 S?   14.7   1.10   0.6  55     8011   1592    
I 199 PSC 02 06 19.4 +09 13 36 8 Sa-b 15.0   1.40   0.8  25     8026   1594    
I 200 TRI 02 05 26.6 +31 10 30 8 SBb  13.8   2.10   1.5  85     7967   1577    
I 201 CET 02 07 15.2 +09 06 54 8 S    16.8   0.60   0.6                
I 202 CET 02 07 28.6 +09 10 05 8 Sb   15.2   1.40   0.2 132     8101   1610    
I 203 CET 02 07 29.6 +09 07 21 8 S    16.9   0.60   0.4  25            
I 204 CET 02 07 27.0 -01 25 49 8 E    15.7   0.30   0.2 170     8100   
I 205 CET 02 07 27.6 -02 05 33 8 SBa  14.7   1.00   0.9         8098   1613    
I 206 CET 02 09 30.8 -06 58 10 8 S0   13.1   1.00   0.4 145     8238   
I 207 CET 02 09 39.4 -06 55 23 8 S0-a 13.8   1.90   0.5  93     8251   
I 208 CET 02 08 27.8 +06 23 39 8 Sbc  14.3   1.80   1.8         8167   1635    
I 209 CET 02 08 58.6 -07 03 35 8 Sbc  13.5   1.70   1.3  75     8200   
I 210 CET 02 09 28.3 -09 40 49 8 Sbc  13.5   2.30   0.7  65     8232   
I 211 CET 02 11 08.0 +03 51 05 8 Sc   13.7   2.30   1.8  45     8360   1678    
I 212 ARI 02 13 38.2 +16 35 38 8 Sc   15.4   0.90   0.7  85     8527   
I 213 ARI 02 14 04.2 +16 27 20 8 SBb  14.8   1.90   1.5 150     8556   1719    
I 214 CET 02 14 05.7 +05 10 32 8 Sd   14.6   0.70   0.6  26     8562   1720    
I 215 CET 02 14 09.3 -06 48 24 8 Sab  15.1   1.10   0.3  76     8566   
I 216 CET 02 15 55.3 -02 00 55 8 E    15.3   0.30   0.2  20     8650   
I 217 CET 02 16 10.6 -11 55 34 8 Sc   13.5   2.20   0.5  35     8673   
I 218 CET 02 17 07.2 +01 16 55 8 Sbc  15.7   0.80   0.2  77     8716   
I 219 CET 02 18 38.7 -06 54 13 8 E    13.9   1.30   0.9 175     8813   
I 220 CET 02 19 11.9 -12 46 55 8 Sbc  14.5   0.90   0.3  25     8847   
I 221 TRI 02 22 40.8 +28 15 23 8 Sc   13.8   1.60   1.2   0     9035   1835    
I 222 ARI 02 22 47.9 +11 38 17 8 Sc   15.2   0.50   0.5         9036   
I 223 CET 02 22 01.0 -20 44 47 8 Irr  14.0   1.20   0.7 152     8998   
I 224 CET 02 24 45.2 -12 33 52 8 S?   14.5   0.50   0.4         9148   
I 225 CET 02 26 28.2 +01 09 37 8 E    14.3   1.00   0.9         9283   1907    
I 226 TRI 02 27 45.5 +28 12 30 8 S?   14.6   1.70   1.5         9373   1922    
I 227 TRI 02 28 03.4 +28 10 30 8 E    15.5   2.00   1.8  70     9383   1932    
I 228 CET 02 26 41.6 -14 30 59 8 S0-a 14.5   1.10   0.4  15     9300   
I 230 CET 02 28 47.2 -10 49 56 8 E?   15.5   0.40   0.3  80     9436   
I 231 CET 02 29 56.3 +01 10 44 8 S0   14.7   1.00   0.8 160     9514   1978    
I 232 CET 02 31 11.5 +01 15 56 8 E    14.2   1.70   1.2 155     9588   1994    
I 233 CET 02 31 40.7 +02 48 36 8 Sbc  14.9   0.40   0.3 100     9622   
I 234 CET 02 31 37.7 -00 08 24 8 S    15.3   0.60   0.2 150     9613   
I 235 ARI 02 32 50.8 +20 38 27 8 P    15.0   0.40   0.3  10     9698   2016    
I 236 CET 02 32 55.8 -00 07 53 8 S    16.8   0.60   0.3  25            
I 237 CET 02 33 31.6 +01 08 21 8 S    14.7   0.50   0.5         9742   
I 238 ARI 02 35 22.7 +12 50 16 8 S0   13.9   1.70   0.9  30     9835   2070    
I 239 AND 02 36 27.9 +38 58 06 8 SBa  11.9   4.60   4.2         9899   2080    
I 240 PER 02 38 58.3 +41 43 08 0 *Grp                                  
I 241 CET 02 37 54.4 +02 19 38 8 S    14.4   1.10   0.7 150     9969   2115    
I 242 CET 02 38 24.0 -06 56 03 0 *2                                    
I 243 CET 02 38 32.1 -06 54 08 8 SB0- 14.5   1.20   0.8 150     10009  
I 244 CET 02 39 24.7 +02 43 37 8 SB?  15.3   0.70   0.4   0     10061  
I 245 CET 02 38 54.4 -14 18 24 8 S?   14.5   0.80   0.2  25     10032  
I 246 CET 02 40 28.5 +02 28 43 8 S0   15.3   0.80   0.5  65     10116  
I 247 CET 02 40 08.7 -11 44 02 8 Sbc  13.9   1.20   1.0  45     10100  
I 248 ARI 02 41 25.6 +17 48 41 8 Sa   14.4   0.90   0.6 145     10197  2170     
I 249 CET 02 41 02.2 -06 56 10 8 Sm   13.4   1.90   1.4  49     10172  
I 250 CET 02 40 54.2 -13 18 51 8 SBab 15.1   0.90   0.9         10162  
I 251 CET 02 41 13.8 -14 57 31 8 S    15.0   0.40   0.4         10184  
I 252 CET 02 41 45.0 -14 50 57 8 S    15.5   0.70   0.4  20     144971   
I 253 CET 02 42 05.7 -15 02 52 8 E?   14.6   0.40   0.3 150     10226  
I 254 CET 02 42 04.8 -15 06 28 8 S    16.0   0.40   0.3  90            
I 255 ARI 02 47 03.3 +16 17 18 8 SBbc 15.7   0.70   0.3  45     10540   
I 256 PER 02 49 40.3 +46 57 14 8 C    17.9   0.50   0.3  10     10737   
I 257 PER 02 49 45.2 +46 58 30 8 E-S0 13.1   2.20   1.6 155     10729  2298     
I 258 PER 02 49 45.9 +41 03 05 8 SB0- 15.6   1.00   0.6         10730  2306     
I 259 PER 02 49 40.8 +41 03 18 8 E-S0 15.3   0.70   0.6         10721   
I 260 PER 02 51 00.9 +46 57 16 8 E    14.8   1.40   0.9 175     10812  2325     
I 261 ERI 02 49 04.0 -14 28 15 8 E-S0 14.0   1.30   0.8  40     10664   
I 262 PER 02 51 43.2 +42 49 40 8 SB0  14.4   1.60   1.4  50     10850  2335     
I 263 CET 02 49 39.9 -00 04 13 8 S?   14.9   0.60   0.4         10716   
I 264 CET 02 48 47.7 -00 06 33 8 E    15.7   0.40   0.3  40     10644   
I 265 PER 02 54 43.9 +41 39 19 8 E    15.8   0.40   0.4         10978   
I 266 PER 02 55 04.7 +42 15 48 8 S    15.7   0.30   0.2 130     11002   
I 267 ARI 02 53 50.1 +12 50 55 8 SBb  13.8   2.00   1.6  15     10932  2368     
I 268 ERI 02 55 26.9 -14 06 14 8 SB?  15.5   0.70   0.4  60     11032   
I 269 ERI 02 55 26.4 -14 04 01 8 S    15.3   1.10   0.2 135     11033   
I 270 ERI 02 55 44.1 -14 12 29 8 E-S0 13.3   1.70   1.5  90     11061   
I 271 ERI 02 55 59.4 -12 00 32 8 S    14.4   0.90   0.6 125     11078   
I 272 ERI 02 56 06.3 -14 11 15 8 S    14.4   1.00   0.7  25     11086   
I 273 CET 02 57 10.7 +02 46 32 8 SB0- 14.3   1.50   0.5  31     11156  2425     
I 275 PER 03 00 55.7 +44 20 59 8 C    17.3   0.30   0.3         11389   
I 276 ERI 02 58 41.0 -15 42 14 8 S0   14.0   2.00   0.5  64     11264   
I 277 CET 02 59 50.5 +02 46 14 8 SBbc 13.9   1.30   0.9  90     11336  2460     
I 278 PER 03 01 30.4 +37 45 57 8 E    14.7   1.70   1.7         11414  2481     
I 279 ARI 03 01 12.2 +16 12 31 8 Sc   15.2   0.40   0.3   0     11401   
I 280 PER 03 03 03.0 +42 21 30 0 *Grp                                   
