I1318 CYG 20 27 54.0 +40 00 00 5 EN   14.9  45.00  20.0                      Gamma Cyg Nebula
I1319 CAP 20 26 01.2 -18 30 17 8 Sbc  14.9   0.80   0.5  12     64675  
I1320 DEL 20 26 25.7 +02 54 32 8 Sb   14.4   1.00   0.6  87     64685  11560   
I1321 CAP 20 28 11.0 -18 17 33 8 Sbc  15.2   1.10   0.8  85     64751  
I1322 CAP 20 30 08.4 -15 13 42 8 SB   14.9   0.90   0.4 100     64822  
I1323 CAP 20 30 29.7 -15 10 59 0 *                                     
I1324 CAP 20 32 12.2 -09 03 22 8 S0-a 14.0   1.50   1.5         64906  
I1325 DEL 20 32 50.1 +09 55 37 8 SBab 13.3   2.10   0.6 106     64932  11589   
I1326 DEL 20 32 58.8 +09 52 24 8 SBab 13.8   1.20   0.5   8     64935  11590   
I1327 AQL 20 35 41.3 -00 00 21 8 S0-a 14.9   0.90   0.8 170     65027  
I1328 CAP 20 41 57.0 -19 38 01 8 Sc   14.8   0.80   0.4  49     65217  
I1330 AQR 20 46 14.8 -14 01 24 8 Sc   14.8   1.20   0.4 115     65345  
I1331 AQR 20 47 48.8 -09 59 46 8 S0-a 14.5   1.80   0.6  85     65396  
I1332 AQR 20 51 51.3 -13 42 42 8 Sb   14.3   0.90   0.6  60     65584  
I1333 CAP 20 52 17.1 -16 17 11 8 S0-a 14.1   1.50   0.8  75     65614  
I1334 CAP 20 52 17.1 -16 17 11 8 S0-a 14.1   1.50   0.8  75     65614  
I1335 CAP 20 53 06.0 -16 20 08 8 E    15.7   0.50   0.5                
I1336 CAP 20 55 05.0 -18 02 21 8 Sab  15.3   0.80   0.5  40     65706  
I1337 CAP 20 56 52.6 -16 35 08 8 Sb   14.5   1.20   1.2         65760  
I1338 CAP 20 56 57.7 -16 29 34 8 SB   15.7   0.70   0.4  40     140938  
I1339 CAP 20 57 55.5 -17 56 34 8 SBb  14.2   1.40   0.8  55     65799  
I1340 CYG 20 56 12.0 +31 04 00 5 EN         25.00  20.0                
I1341 AQR 21 00 16.6 -13 58 35 8 S    15.2   0.50   0.3  70     65876  
I1342 AQR 21 00 25.5 -14 29 44 8 Sc   14.0   0.50   0.3  75     65878  
I1343 CAP 21 01 00.7 -15 24 15 8 S    15.7   1.00   0.5 177     187855  
I1344 AQR 21 01 16.5 -13 22 51 8 S    15.0   0.70   0.4  50     65913  
I1345 AQR 21 01 22.1 -13 23 52 8 E    15.6   0.50   0.5                
I1346 AQR 21 01 37.1 -13 57 39 8 SBb  15.5   1.20   0.6  97     65927  
I1347 AQR 21 01 44.3 -13 18 48 8 S0   14.1   1.40   1.2  10     65928  
I1348 AQR 21 01 43.9 -13 21 27 8 S0   15.3   0.80   0.4 150            
I1349 AQR 21 01 50.4 -13 15 56 8 S    15.5   0.60   0.3  50            
I1350 AQR 21 01 52.2 -13 51 10 8 S    14.8   0.70   0.4 170     65939  
I1351 AQR 21 01 52.3 -13 12 07 8 S0   15.7   0.50   0.2  20            
I1352 AQR 21 01 54.8 -13 23 06 8 S    16.5   0.30   0.1  10            
I1353 AQR 21 01 56.3 -13 16 23 8 S    16.5   0.30   0.2  90            
I1354 AQR 21 01 52.2 -13 51 10 8 S    14.8   0.70   0.4 170     65939  
I1355 AQR 21 01 58.3 -13 10 23 8 E    15.3   0.40   0.4                
I1356 CAP 21 02 53.0 -15 48 45 8 E    16.1   0.6    0.4   0     65965  
I1357 AQR 21 05 57.2 -10 42 59 8 Sa   15.1   1.30   0.7  30     66092  
I1358 CAP 21 06 29.7 -16 12 15 8 S    16.0   0.40   0.2  45            
I1359 DEL 21 08 43.0 +12 29 00 8 S?   14.9   0.90   0.3 172     66189  11684   
I1360 EQU 21 10 50.3 +05 04 16 8 S    15.3   0.70   0.3  20     66266  
I1361 EQU 21 11 29.1 +05 03 15 8 S?   15.1   0.90   0.6  45     66297  11692   
I1362 AQR 21 11 52.6 +02 19 44 8 E?   15.6   0.30   0.2   0     66316  
I1363 CYG 21 10 36.0 +46 51 00 5 EN                                    
I1364 EQU 21 13 24.6 +02 46 11 8 C    14.3   0.70   0.4 135     66367  
I1365 EQU 21 13 56.0 +02 33 53 8 E    14.6   1.70   1.1 135     66381  
I1366 AQR 21 14 07.9 +01 46 34 8 S    15.3   0.40   0.2  10     66386  
I1367 EQU 21 14 09.6 +02 59 38 8 S    14.9   0.30   0.2 140     66390  
I1368 AQR 21 14 12.6 +02 10 40 8 Sa   14.3   1.20   0.4  48     66389  11703   
I1369 CYG 21 12 06.0 +47 44 00 3 I1m   8.8   5.00                      
I1370 AQR 21 15 14.3 +02 11 30 8 5C   14.8   1.60   0.5 131     66418  
I1371 AQR 21 20 15.6 -04 52 36 8 E-S0 14.8   1.20   0.8  10     66578  
I1372 AQR 21 20 17.1 -05 36 19 8 S    15.5   0.80   0.4 140            
I1373 AQR 21 20 37.1 +01 05 33 8      15.4   0.30   0.3         66589  
I1374 AQR 21 21 02.6 +01 42 47 8 S?   15.9   0.30   0.2  90     66605  
I1375 EQU 21 20 59.7 +03 59 07 8 C    14.7   0.40   0.4         66603  
I1377 EQU 21 25 26.8 +04 18 49 8 Sc   14.9   0.60   0.4 130     66722  
I1378 CEP 21 23 06.0 +55 27 00 5 EN                                    
I1379 EQU 21 26 01.1 +03 05 48 8 E    15.5   0.30   0.3         66741  
I1380 PEG 21 27 10.9 +02 43 03 8 C    15.3   0.30   0.3         66779  
I1381 AQR 21 27 33.6 -01 11 19 8 SB   15.4   0.50   0.4         66789  
I1383 AQR 21 27 39.5 -01 06 10 8 S    15.3   0.40   0.2 140     66792  
I1384 AQR 21 27 53.0 -01 22 09 8 D    16.0   0.70   0.6         66796  
I1385 AQR 21 28 51.1 -01 04 13 8 SB?  15.2   0.40   0.4         66832  
I1386 CAP 21 29 37.4 -21 11 46 8 E-S0 14.1   1.10   0.9 130     66852  
I1387 AQR 21 29 34.4 -01 21 04 8 E    14.9   0.40   0.4         66851  
I1388 AQR 21 29 52.1 -00 37 53 8 S    15.0   0.40   0.2 135     66857  
I1389 CAP 21 32 08.0 -18 01 11 8 S?   15.5   0.70   0.5 118     66916  
I1390 AQR 21 32 24.9 -01 51 45 8      14.9   0.70   0.6         66922  
I1391 AQR 21 35 00.4 -00 30 43 8 E?   15.7   0.20   0.2         67002  
I1392 CYG 21 35 32.6 +35 23 53 8 E-S0 13.0   1.60   1.3  75     67017  11772   
I1393 CAP 21 40 14.1 -22 24 42 8 S0   15.3   0.60   0.4 172     67148  
I1394 PEG 21 40 12.9 +14 37 59 8 C    15.2   0.90   0.9         67145  
I1395 PEG 21 41 41.3 +04 06 16 8 C    15.4   0.30   0.3         67183  
I1396 CEP 21 39 06.0 +57 30 00 3 II3m  3.5  89.00                      
I1397 AQR 21 44 02.2 -04 53 06 8 S    15.3   0.70   0.3   0     170372  
I1398 PEG 21 45 51.4 +09 28 30 8 Sc   15.3   0.90   0.4  50     67306  
I1399 PEG 21 46 08.8 +04 24 08 8 C    15.7   0.30   0.3         67316  
I1400 CYG 21 44 12.0 +52 57 00 5 EN                                    
I1401 AQR 21 46 59.5 +01 42 39 8 Sbc  14.4   1.80   0.7 175     67339  11810   
I1402 CYG 21 44 54.0 +53 16 00 5 EN                                    
I1403 AQR 21 50 29.0 -02 42 58 8 S    16.6   0.50   0.3 160            
I1404 CAP 21 50 56.3 -09 16 00 8 E    15.0   0.80   0.8         170377  
I1405 AQR 21 50 49.8 +02 01 15 8 SBab 14.8   0.90   0.7 115     67470  11826   
I1406 AQR 21 51 04.8 +01 59 13 8 E    15.7   0.30   0.3         67478  
I1407 PEG 21 52 23.4 +03 25 34 8 C    15.1   0.40   0.3         67538  
I1408 CAP 21 53 08.9 -13 20 49 8 S    15.1   0.70   0.4  30     67574  
I1409 AQR 21 53 19.5 -07 30 01 8 S    16.0   0.50   0.3  20            
I1410 AQR 21 56 02.1 -02 54 01 8 E    15.9   0.50   0.3 130            
I1411 AQR 21 56 00.5 -01 31 02 8 E    14.2   0.90   0.5  40     67660  11850   
I1412 CAP 21 58 18.5 -17 10 38 8 SB0- 14.3   1.40   0.6  95     67747  
I1413 AQR 21 58 25.3 -03 07 31 8 S/P  16.5   0.90   0.2  45            
I1414 PEG 21 58 18.0 +08 25 24 8 S0   14.9   0.60   0.6         67763  
I1417 AQR 22 00 21.7 -13 08 51 8 Sb   14.5   1.30   0.4 108     67811  
I1418 PEG 22 01 59.9 +04 23 03 8 S?   15.1   0.90   0.7   0     67872  
I1419 AQR 22 02 58.8 -09 55 16 8 S    16.0   0.40   0.2 170            
I1420 PEG 22 02 31.5 +19 44 58 8 SB/P 14.2   1.40   1.3         67900  11880   
I1421 AQR 22 03 03.9 -09 58 42 8 E    15.5   0.40   0.3  60     67924  
I1422 PEG 22 03 00.0 +02 35 56 8 S    15.3   0.40   0.2 135     67922  
I1423 PEG 22 03 12.8 +04 17 51 8 SBb  14.8   1.00   0.5  35     67931  11883   
I1424 PEG 22 03 09.4 +11 11 48 0 *                                     
I1425 PEG 22 03 24.4 +02 35 41 8 S    14.6   0.50   0.4 100     67939  
I1427 PEG 22 03 35.1 +15 06 24 8 E    15.3   1.00   0.9 105     67948  11889   
I1428 PEG 22 04 27.7 +02 37 50 8 S    15.2   0.40   0.2  50     67979  
I1429 PEG 22 06 51.5 +10 06 06 0 *                                     
I1430 AQR 22 07 29.7 -13 34 53 8 E    16.0   0.40   0.4                
I1431 AQR 22 07 39.5 -13 30 50 8 Sa   15.3   0.80   0.7 150     68087  
I1432 PEG 22 10 03.9 +03 41 22 8 S    16.8   0.30   0.2  10            
I1433 AQR 22 12 10.5 -12 45 56 8 P    15.6   0.40   0.4         68267  
I1434 LAC 22 10 30.0 +52 50 00 3 II1p  9.0   6.00                      
I1435 AQR 22 13 26.1 -22 05 49 8 Sbc  13.9   1.00   0.6   8     68320  
I1436 AQR 22 13 51.3 -10 11 31 8 E-S0 15.1   0.70   0.6         68337  
I1437 AQR 22 15 44.9 +02 03 55 8 S0-a 14.6   1.10   1.0         68438  11965   
I1438 AQR 22 16 29.0 -21 25 53 8 SBR  12.6   2.40   2.1         68469  
I1439 AQR 22 16 40.2 -21 29 10 8 SBR  14.7   1.30   0.9  27     68476  
I1440 AQR 22 16 33.2 -16 01 01 8 S    15.5   0.70   0.2  80     68470  
I1441 LAC 22 15 19.1 +37 18 01 8 SBa  15.5   0.70   0.3  30     68413  
I1442 LAC 22 16 30.0 +54 03 00 3 II2m  9.1   5.00                      
I1443 AQR 22 19 03.6 -20 56 26 8 E    13.5   1.50   1.2         68558  
I1444 PEG 22 22 23.8 +05 08 21 8 E    15.3   0.50   0.4         68665  
I1445 AQR 22 25 30.2 -17 14 39 8 E-S0 13.6   1.60   1.3  80     68826  
I1446 AQR 22 29 04.6 -01 11 05 8 S    15.9   0.60   0.3  15     192446  
I1447 AQR 22 29 59.8 -05 07 12 8 Sb   12.9   1.50   0.8 105     68996  
I1448 AQR 22 34 32.0 -12 56 03 8 E-S0 14.1   1.20   0.9 145     69194  
I1449 AQR 22 35 07.0 -08 45 58 8 S    15.8   0.50   0.4  45     192966  
I1450 PEG 22 37 58.0 +34 32 07 0 *2                                    
I1451 AQR 22 46 07.4 -10 22 15 8 Sc   14.7   0.40   0.4         69684  
I1452 PEG 22 45 59.2 +10 52 03 8 E-S0 15.5   0.40   0.2 160     69675  
I1453 AQR 22 46 54.4 -13 27 00 8 SB?  15.7   0.70   0.3 175     69701  
I1454 CEP 22 42 24.5 +80 26 33 6 PN   14.8   0.55                      
I1455 PSC 22 53 46.0 +01 22 19 8 SBa  14.7   0.90   0.6  42     69943  12232   
I1456 AQR 22 55 18.2 -12 43 57 8 S0   16.0   0.70   0.2 120            
I1458 AQR 22 56 41.4 -07 22 49 8 Sc   14.5   1.40   0.5 145     70080  
I1459 GRU 22 57 10.4 -36 27 47 8 E    11.0   5.10   3.7  40     70090  
I1460 PSC 22 57 04.0 +04 40 37 8 E    15.1   0.50   0.5         70086  
I1461 PEG 22 58 34.2 +15 10 22 8 S?   15.1   0.40   0.4         70153  
I1462 PEG 22 58 35.9 +08 24 35 0 *                                     
I1463 AQR 22 59 21.1 -10 31 53 0 *2                                    
I1464 AQR 23 03 11.0 -08 59 21 8 S    15.2   0.70   0.4  15     70345  
I1465 PEG 23 02 53.5 +16 34 55 0 *2                                    
I1466 PSC 23 03 39.0 -02 46 34 8 E    14.3   0.50   0.4 130     135879  
I1467 PSC 23 04 49.6 -03 13 54 8 Sc   15.5   0.80   0.3   5     70413  
I1468 PSC 23 05 07.3 -03 12 21 8 S0-a 15.3   1.30   0.9 160     70429  
I1469 AQR 23 06 28.5 -13 32 13 8 E    16.0   0.50   0.3  85     164479  
I1470 CEP 23 05 10.4 +60 14 32 5 EN         15.00   1.0                
I1471 AQR 23 08 45.0 -12 38 23 8 S?   14.5   0.80   0.4 170     70561  
I1472 PEG 23 09 06.6 +17 15 33 8 S0-a 14.9   1.20   0.6  60     70573  
I1473 PEG 23 11 05.2 +29 38 33 8 S0   13.9   2.10   1.0 176     70633  12404   
I1474 PSC 23 12 51.3 +05 48 19 8 Sc   14.8   1.10   0.5 150     70702  12417   
I1475 SCL 23 14 02.0 -28 25 17 0 *                                     
I1476 PEG 23 14 16.3 +30 33 05 8 S?   15.5   0.70   0.7         70764  
I1477 AQR 23 17 12.0 -06 54 44 8 S0   15.2   1.00   0.5  15     70932  
I1478 PEG 23 18 13.9 +10 17 50 8 Sb   14.6   1.40   0.9  30     70991  12485   
I1479 AQR 23 18 46.3 -10 23 57 8 E-S0 14.3   1.20   1.2         71021  
I1480 PEG 23 18 59.4 +11 20 29 0 *2                                    
I1481 PSC 23 19 25.0 +05 54 19 8 S/P  14.5   0.80   0.7         71070  12505   
I1482 PSC 23 20 49.4 +01 44 20 8 E    14.8   0.40   0.4         71142  
I1483 PEG 23 22 33.0 +11 19 44 8 S    15.4   0.60   0.6         71246  
I1484 PEG 23 22 39.9 +11 23 04 8 S    17.8   0.40   0.2  45            
I1485 PEG 23 22 48.2 +11 22 22 8 E-S0 15.3   0.50   0.4 125     71256  
I1486 PEG 23 23 54.2 +09 40 04 8 S0   13.8   1.60   1.0  85     71321  12575   
I1487 PEG 23 24 20.1 +14 38 47 8 E    14.9   1.30   1.0  75     71343  12579   
I1488 PEG 23 25 38.5 +15 21 12 8 S0   15.8   0.90   0.2 170            
I1489 AQR 23 26 32.1 -12 31 01 8 S    14.5   0.40   0.2  20     71443  
I1491 AQR 23 29 24.5 -16 19 00 8 S?   14.9   0.50   0.3 160     71580  
I1492 PSC 23 30 36.0 -03 02 24 8 S0-a 14.2   1.30   1.1         71629  
I1493 PEG 23 30 31.3 +14 26 36 0 *                                     
I1494 AQR 23 30 46.1 -12 43 29 8 S    15.9   0.50   0.2 120            
I1495 AQR 23 30 47.5 -13 29 09 8 Sb   13.5   1.40   1.0 170     71631  
I1496 PSC 23 30 53.4 -02 56 04 8 S0-a 13.8   1.70   1.4  85     71634  
I1497 PEG 23 28 55.8 +11 59 46 8 S    16.2   0.40   0.4                
I1498 AQR 23 31 53.5 -05 00 25 8 Sa   14.6   1.90   0.6   5     71677  
I1499 AQR 23 31 57.0 -13 26 24 0 *2                                    
I1500 PSC 23 33 09.5 +04 33 07 8 S    15.4   0.50   0.3  10     71727  
I1501 PSC 23 34 40.1 -03 09 15 8 SBbc 14.1   1.60   0.7 130     71786  
I1502 CEP 23 36 20.1 +75 38 49 8 S0-a 14.8   1.10   0.3  52     71864  12706   
I1503 PSC 23 38 27.2 +04 48 03 8 Sd   14.4   0.90   0.4  65     71982  12715   
I1504 PSC 23 41 19.6 +04 01 04 8 Sb   14.4   1.70   0.5  94     72117  12734   
I1505 AQR 23 41 37.0 -03 33 55 8 E    14.8   0.50   0.5         72133  
I1506 PSC 23 44 48.3 +04 44 08 8 S    15.2   0.70   0.4 135     72291  
I1507 PSC 23 45 33.0 +01 41 19 8 S0-a 14.6   1.30   0.5 134     72330  12770   
I1508 PEG 23 45 55.1 +12 03 38 8 Sd   13.9   2.00   0.5 168     72345  12773   
I1509 AQR 23 47 16.6 -15 18 28 8 S    15.9   1.40   0.2  10     72392  
I1510 PSC 23 50 32.5 +02 04 27 8 S    15.0   0.40   0.2  90            
I1511 PEG 23 51 00.3 +27 03 37 0 *                                     
I1512 PEG 23 50 58.9 +27 03 03 0 *                                     
I1513 PEG 23 53 29.2 +11 19 02 8 Sbc  15.1   1.00   0.3 107     72773  12832   
I1514 AQR 23 54 16.5 -13 35 13 8 Sa   15.4   0.90   0.3 153     72812  
I1515 PSC 23 56 04.1 -00 59 21 8 SBb  14.5   1.20   1.0 160     72922  12848   
I1516 PSC 23 56 07.1 -00 55 03 8 Sb-c 13.9   1.80   1.6  65     72927  12852   
I1517 PSC 23 56 18.9 -00 18 22 8 P    14.7   0.80   0.8         72942  
I1518 PEG 23 57 06.0 +12 27 54 8 E-S0 15.6   0.30   0.2  80     73010  
I1519 PEG 23 57 08.3 +12 27 27 8 E-S0 15.6   0.70   0.6         73011  
I1520 CET 23 57 54.5 -14 02 22 8 Sc   14.2   0.50   0.5         73057  
I1521 CET 23 58 59.7 -07 08 48 8 E    16.0   0.50   0.3 110     170418  
I1522 PSC 23 59 03.4 +01 43 11 8 Sbc  15.1   0.70   0.2  15     73139  
I1523 PSC 23 59 06.5 +06 52 23 8 E    16.3   0.30   0.2  10            
I1524 PSC 23 59 10.7 -04 07 39 8 SBbc 13.8   1.40   0.9  80     73143  
I1525 AND 23 59 15.7 +46 53 20 8 SBb  13.2   1.90   1.4  20     73150  12883   
I1526 PEG 00 01 31.5 +11 20 46 8 Sc   15.1   0.50   0.3 130     117    
I1527 PSC 00 02 21.5 +04 05 23 8 Sb   15.2   0.70   0.3 135     164    
I1529 CET 00 05 13.1 -11 30 10 8 S0   13.9   1.70   1.6         364    
I1530 AND 00 07 19.3 +32 36 31 8 Sb   13.6   1.50   0.3  38     569    60      
I1531 SCL 00 09 35.5 -32 16 38 8 E-S0 13.5   1.80   1.4 138     684    
I1532 TUC 00 09 53.4 -64 22 18 8 SBbc 14.8   1.60   0.5  74     695    
I1534 AND 00 13 45.4 +48 09 05 8 S0   15.3   1.00   0.5  72     910    125     
I1535 AND 00 13 57.2 +48 09 25 8 Sb   15.1   1.30   0.3 170     922    131     
I1536 AND 00 14 18.9 +48 08 36 8 E-S0 15.4   0.90   0.8         949    
I1537 SCL 00 15 51.2 -39 15 44 5 GxyP                           1050   
I1539 AND 00 18 22.4 +30 04 42 8 Sbc  14.2   1.60   1.4   5     1194   174     
I1540 AND 00 19 48.8 +23 46 19 8 SBb  14.9   0.90   0.4  30     1276   186     
I1541 AND 00 20 02.0 +22 00 00 8 S    15.3   0.60   0.2  32     1287   
I1542 AND 00 20 41.4 +22 35 32 8 S    15.0   0.70   0.5  90     1328   
I1543 AND 00 20 55.6 +21 51 54 8 Sbc  14.3   0.70   0.7         1333   198     
I1544 AND 00 21 17.6 +23 05 25 8 SBc  14.6   1.20   0.8 150     1362   204     
I1545 AND 00 21 20.8 +21 59 00 8 E    16.7   0.30   0.2   0            
I1546 AND 00 21 29.1 +22 30 21 8 Sbc  15.6   0.90   0.3 120     1382   
I1548 AND 00 21 55.1 +22 00 23 8 S    15.5   0.90   0.7  85     1407   
I1549 PSC 00 22 49.8 +06 57 51 8 S?   14.7   0.80   0.8         1464   218     
I1550 AND 00 24 27.8 +38 11 05 8 S0   15.1   0.60   0.6         1533   
I1551 PSC 00 27 35.5 +08 52 37 8 Sb   14.5   2.50   1.2  15     1700   268     
I1552 PSC 00 29 43.9 +21 28 33 8 Sbc  15.4   0.90   0.2 127     1817   297     
I1553 SCL 00 32 40.0 -25 36 34 8 S?   14.3   1.20   0.3  15     1977   
I1555 SCL 00 34 32.8 -30 01 05 8 Scd  14.4   1.30   0.9 136     2071   
I1557 CET 00 35 34.4 -02 52 35 8 S    15.8   0.50   0.2 135     2130   
I1558 SCL 00 35 47.1 -25 22 30 8 SBm  12.8   3.30   2.4 150     2142   
I1559 AND 00 36 52.2 +23 59 04 8 S0-a 14.7   0.40   0.3  13     2201   
I1561 CET 00 38 32.4 -24 20 27 8 SBb  14.9   1.20   0.5  97     2305   
I1562 CET 00 38 33.8 -24 16 28 8 SBc  13.6   1.60   1.5         2308   
I1563 CET 00 39 00.1 -09 00 56 8 S0   14.1   1.20   0.8 143     2332   
I1564 PSC 00 39 05.2 +06 01 14 8 SBbc 14.8   1.00   0.5  83     2342   399     
I1565 PSC 00 39 26.2 +06 44 01 8 E    14.4   1.50   1.5         2372   410     
I1566 PSC 00 39 33.3 +06 48 54 8 S0-a 15.7   0.70   0.6         73393  
I1567 PSC 00 39 36.1 +06 39 50 8 E    16.5   0.60   0.5 123     73395  
I1568 PSC 00 39 55.9 +06 50 55 8 S0   15.2   0.90   0.9         2404   
I1569 PSC 00 40 28.0 +06 43 09 8 S0   15.5   0.40   0.4         2430   
I1570 PSC 00 40 34.2 +06 45 10 8 S/P  17.0   0.40   0.2 179     73426  
I1571 CET 00 40 37.8 -00 19 51 8 Sb   14.6   1.10   0.9         2440   432     
I1573 CET 00 42 10.2 -23 35 34 8 Sc   16.7   1.20   0.1  70     2521   
I1574 CET 00 43 04.0 -22 14 48 8 Irr  14.4   2.10   0.8 175     2578   
I1575 CET 00 43 33.1 -04 07 02 8 P    14.5   1.20   1.0  45     2602   
I1576 SCL 00 44 13.8 -25 06 35 8 Sbc  15.7   0.70   0.4 140     2630   
I1577 CET 00 43 34.4 -08 11 10 8 S0   14.0   1.00   0.8  25     2603   
I1578 SCL 00 44 25.8 -25 04 37 8 Sbc  15.3   0.80   0.3  18     2637   
I1579 SCL 00 45 32.2 -26 33 54 8 SBR  15.0   0.90   0.6   6     2667   
I1580 AND 00 46 21.3 +29 56 12 0 *2                                    
I1581 SCL 00 45 46.4 -25 55 12 8 Sbc  16.2   0.90   0.2  46     2676   
I1582 CET 00 46 16.8 -24 16 49 8 Sbc  15.9   1.10   0.3  46     2701   
I1583 AND 00 47 10.2 +23 04 26 8 S    15.0   0.50   0.3  25     2760   
I1584 AND 00 47 18.5 +27 49 40 8 SB?  15.3   1.60   1.4         2766   489     
I1585 AND 00 47 14.2 +23 03 13 8 C    15.1   0.80   0.5 110     2764   
I1586 AND 00 47 56.5 +22 22 22 8 C    14.9   0.30   0.2  10     2813   
I1587 CET 00 48 43.2 -23 33 44 8 S0   15.6   0.90   0.3  30     2852   
I1588 CET 00 50 57.7 -23 33 33 8 S0   16.4   0.70   0.3 155     2965   
I1589 SCL 00 51 59.3 -34 25 21 0 *2                                    
I1590 CAS 00 52 06.8 +56 36 30 3 OCL+                                  
I1591 CET 00 52 06.5 -22 40 51 8 SBb  15.8   1.00   0.4  90     3054   
I1592 PSC 00 53 27.1 +05 46 09 8 S?   15.1   1.00   0.7 165     3139   543     
I1593 PSC 00 54 39.7 +32 31 09 0 *2                                    
I1594 PHE 00 53 45.2 -47 38 54 8 SBb  15.2   1.30   0.4 130     3161   
I1595 PHE 00 53 47.0 -45 11 13 8 Sb   15.4   1.50   0.2  12     3162   
I1596 PSC 00 54 42.7 +21 31 21 8 Sbc  14.8   1.80   0.6 120     3219   550     
I1597 TUC 00 53 32.1 -58 06 28 8 Sb   15.0   1.70   0.3 151     3144   
I1598 PSC 00 54 41.7 +05 46 25 8 Sa   15.0   1.00   0.5   2     3217   553     
I1599 CET 00 54 32.7 -23 29 42 8 Sc   15.5   1.10   0.2 106     3210   
I1600 CET 00 55 04.2 -23 31 30 8 Sb   15.6   0.80   0.4  88     3253   
I1601 CET 00 55 34.7 -24 09 14 8 Sab  14.5   0.90   0.4 118     3287   
I1602 CET 00 55 51.8 -09 59 09 8 E    14.4   1.00   0.8         3306   
I1603 PHE 00 56 59.7 -45 24 48 8 Sc   14.6   1.30   0.8 112     3401   
I1605 PHE 00 57 37.4 -48 54 12 8 SBbc 13.7   1.60   1.3 138     3436   
I1607 CET 00 58 48.9 +00 35 12 8 P    14.5   0.90   0.9         3512   611     
I1608 SCL 00 59 24.2 -34 19 49 8 S0-a 13.7   2.00   0.9 170     3549   
I1609 PHE 00 59 46.7 -40 20 03 8 S0   13.6   1.40   1.3         3567   
I1610 CET 01 01 42.7 -15 34 06 8 S0-a 13.6   1.40   1.0 110     3681   
I1611 TUC 00 59 48.7 -72 19 57 3 OCL                                   
I1612 TUC 00 59 59.6 -72 22 15 3 OCL                                   
I1613 CET 01 04 54.2 +02 08 00 8 Irr   9.9  16.60  14.9  50     3844   668     
I1614 PSC 01 05 06.9 +33 11 23 8 E    17.6   0.30   0.3                
I1615 PHE 01 04 06.8 -51 08 00 8 Sbc  14.3   1.30   0.6 143     3812   
I1616 SCL 01 04 56.1 -27 25 46 8 SBbc 13.3   1.60   1.4         3846   
I1617 PHE 01 04 16.7 -51 01 59 8 S0-a 14.6   1.40   0.6 125     3818   
I1618 PSC 01 05 55.9 +32 24 44 8 S0   15.7   1.20   0.5 159     3899   671     
I1619 PSC 01 07 22.4 +33 03 59 8 S?   14.7   0.40   0.2  95     3975   
I1620 PSC 01 07 14.0 +13 57 16 8 SBbc 14.0   1.00   0.7  90     3960   681     
I1621 PHE 01 06 22.6 -46 43 33 8 Sbc  14.6   1.30   0.4   3     3915   
I1622 CET 01 07 36.6 -17 32 21 8 S?   14.6   0.70   0.5 170     3997   
I1623 CET 01 07 46.8 -17 30 26 8 S    14.5   0.90   0.7  12     4007   
I1624 TUC 01 05 21.9 -72 02 33 3 OCL                                   
I1625 PHE 01 07 42.6 -46 54 32 8 E-S0 13.0   1.60   1.2   7     4001   
I1626 TUC 01 06 13.4 -73 17 53 3 OCL                                   
I1627 PHE 01 08 10.8 -46 05 40 8 SBb  13.7   2.50   0.6 139     4027   
I1628 SCL 01 08 47.5 -28 34 58 8 E    13.5   1.30   1.1         4075   
I1629 CET 01 09 18.1 +02 34 03 8 C    15.4   0.40   0.3  50     4122   
I1630 PHE 01 08 16.8 -46 45 17 8 Sb   15.2   1.20   0.5  65     4036   
I1631 PHE 01 08 44.7 -46 28 33 8 Sab  14.2   0.90   0.6  82     4068   
I1632 PSC 01 10 43.4 +17 40 58 8 E    16.5   0.20   0.2         4205   
I1633 PHE 01 09 55.5 -45 55 55 8 E    12.4   2.90   2.4 120     4149   
I1634 PSC 01 11 03.0 +17 39 43 8 E    15.7   0.40   0.4         4232   740     
I1635 PSC 01 11 03.6 +17 39 04 8 E    15.7   0.30   0.3         4231   739     
I1636 PSC 01 11 37.3 +33 21 16 8 S0   15.2   0.30   0.2  90     4280   
I1637 SCL 01 11 01.2 -30 26 21 8 SBc  13.5   1.70   1.3  90     4227   
I1638 PSC 01 12 21.7 +33 21 52 8 E    15.0   0.50   0.5         4338   
I1639 CET 01 11 46.5 -00 39 52 8 P    14.1   0.60   0.5         4292   750     
I1640 CET 01 11 51.2 -00 37 52 8 C    15.4   0.20   0.2         4299   
I1641 TUC 01 09 39.1 -71 46 08 3 OCL                                   
I1642 PSC 01 12 27.3 +15 45 00 8 S    16.5   0.40   0.4         95507  
I1643 CET 01 12 08.5 -00 24 37 8 S    15.2   0.80   0.8         4328   
I1644 TUC 01 09 12.0 -73 11 44 5 EN                                    
I1645 PSC 01 12 27.3 +15 45 00 8 S    16.5   0.40   0.4         95507  
I1646 PSC 01 12 43.8 +15 42 23 8 SBbc 15.3   0.50   0.5         4357   
I1647 AND 01 13 14.5 +38 53 05 8 Sc   15.2   0.70   0.3  40     4390   
I1648 PSC 01 13 42.2 +33 13 03 8 S    15.3   0.40   0.3 150     4417   
I1649 PHE 01 11 50.8 -55 51 26 8 Sbc  14.7   1.70   0.3 136     4298   
I1650 PHE 01 12 18.9 -50 24 09 8 SBb  14.4   1.30   0.7  62     4334   
I1651 CET 01 13 27.5 +02 04 20 0 *                                     
I1652 PSC 01 14 56.5 +31 56 50 8 S0-a 14.5   1.10   0.3 169     4498   792     
I1653 PSC 01 15 07.5 +33 22 38 8 S    14.5   0.80   0.7         4512   796     
I1654 PSC 01 15 11.8 +30 11 41 8 SBa  14.3   1.30   1.2  60     4520   798     
I1655 TUC 01 11 53.8 -71 19 54 3 OCL                                   
I1656 PSC 01 15 37.9 +33 03 57 8 SB0- 14.5   2.20   2.2         4550   804     
I1657 SCL 01 14 06.8 -32 39 04 8 SBbc 13.2   2.40   0.6 170     4440   
I1658 PSC 01 15 49.6 +31 04 48 8 Scd  14.9   1.90   0.4 157     4561   810     
I1659 PSC 01 16 06.2 +30 20 52 8 E    14.2   1.60   1.1  20     4584   812     
I1660 TUC 01 12 38.4 -71 45 41 3 OCL                                   
I1661 PSC 01 16 12.4 +33 03 47 8 Sc   14.9   0.70   0.5  35     4594   
I1662 TUC 01 12 33.3 -73 27 25 3 OCL                                   
I1663 SCL 01 14 06.8 -32 39 04 8 SBbc 13.2   2.40   0.6 170     4440   
I1664 TUC 01 14 16.2 -69 48 54 0 *2                                    
I1665 AND 01 17 45.0 +34 42 04 0 *3                                    
I1666 PSC 01 19 53.4 +32 27 58 8 Sc   14.3   1.10   1.1         4782   857     
I1667 CET 01 18 42.2 -17 03 03 8 S?   14.4   0.90   0.6  75     4694   
I1668 PSC 01 18 53.2 +33 10 18 8 S?   16.0   0.30   0.3         4712   
I1669 PSC 01 20 06.9 +33 11 00 8 S    15.6   1.00   0.2   5     4802   
I1670 CET 01 18 48.7 -16 48 15 8 Sbc  14.2   1.90   0.4 126     4707   
I1671 CET 01 19 02.2 -17 03 42 8 Sb   13.6   1.30   0.6 170     4724   
I1672 PSC 01 20 38.3 +29 41 54 8 Sb   13.9   1.30   1.0 140     4848   872     
I1673 PSC 01 20 46.3 +33 02 42 8 E    15.1   0.30   0.3         4855   
I1675 AND 01 21 00.1 +34 14 54 8 S    14.5   0.80   0.3  70     4876   879     
I1676 PSC 01 20 58.5 +30 15 34 8 S    15.4   0.50   0.4   0     4871   
I1677 PSC 01 21 07.1 +33 12 54 8 S?   15.0   1.00   0.8         4891   
I1678 PSC 01 21 02.6 +05 33 35 8 C    15.4   0.40   0.4         4875   
I1679 PSC 01 21 44.5 +33 29 32 8 S?   15.5   0.50   0.4         4944   
I1680 PSC 01 21 51.4 +33 16 53 8 S0-a 14.9   0.70   0.7         4956   
I1681 CET 01 21 21.2 +00 05 24 8 S?   14.8   1.00   0.5  99     4916   894     
I1682 PSC 01 22 13.4 +33 15 33 8 S?   14.5   0.80   0.4 122     4983   912     
I1683 AND 01 22 39.1 +34 26 12 8 Sc   14.2   1.30   0.6 177     5008   916     
I1684 PSC 01 22 53.2 +33 24 45 8 S    15.8   0.60   0.3 125     169770 
I1685 PSC 01 23 06.7 +33 11 20 8 S    15.5   0.50   0.4  25     169771 
I1686 PSC 01 23 11.5 +33 27 33 8 E-S0 13.2   1.70   1.3  82     5060   926     
I1687 PSC 01 23 19.3 +33 16 35 8 C    14.7   0.50   0.3   5     5074   
I1688 PSC 01 23 28.2 +33 04 56 8 E    16.0   0.40   0.3  40     169774 
I1689 PSC 01 23 48.0 +33 03 16 8 S0/P 14.7   0.90   0.5 170     5108   
I1690 PSC 01 23 49.5 +33 09 23 8 S0   15.4   0.50   0.3 130     5110   
I1691 PSC 01 24 25.9 +33 24 22 8 S    16.0   0.40   0.3 115     169777 
I1692 PSC 01 24 39.7 +33 14 05 8 E    15.6   0.40   0.3 140     5203   
I1693 CET 01 24 02.3 -01 39 27 8 S0   16.2   0.50   0.2 162     73940  
I1694 CET 01 24 47.7 +01 36 26 8 E    14.9   0.60   0.4   0     5221   
I1695 PSC 01 25 07.5 +08 41 55 8 C    15.0   1.10   1.1         5245   977     
I1696 CET 01 24 52.4 -01 37 04 8 E    14.6   0.90   0.8  10     5231   973     
I1697 CET 01 25 02.9 +00 26 40 8 S    14.6   0.90   0.6 110     5238   976     
I1698 PSC 01 25 22.1 +14 50 16 8 S0   14.5   1.80   0.7 120     5261   983     
I1700 PSC 01 25 24.7 +14 51 51 8 E    13.9   1.40   1.4         5271   986     
I1701 PSC 01 25 50.3 +18 11 04 8 C    15.4   1.20   1.0  90     5309   1002    
I1702 PSC 01 25 56.2 +16 36 02 8 Sc   14.3   1.20   1.0 170     5321   1005    
I1703 CET 01 26 25.1 -01 38 20 8 SB0- 14.6   1.40   0.8 135     5351   1016    
I1704 PSC 01 27 09.5 +14 46 31 8 Sbc  14.1   1.10   0.8 165     5411   1027    
I1705 CET 01 26 44.8 -03 30 08 8 E    14.5   0.50   0.5         5377   
I1706 PSC 01 27 30.8 +14 49 07 8 C    16.0   0.30   0.3         5433   
I1708 HYI 01 24 56.5 -71 11 02 3 OCL                                   
I1709 SCL 01 27 56.9 -35 43 05 8 E-S0 13.5   2.20   1.3 135     5468   
I1710 PSC 01 30 46.4 +21 26 23 8 SBc  13.6   1.70   1.6         5634   1081    
I1711 PSC 01 30 55.2 +17 11 18 8 Sb   14.5   2.60   0.5  43     5643   1082    
I1712 CET 01 31 20.5 -06 52 04 8 E    11.4   2.80   1.9  61     5663   
I1713 TRI 01 32 43.7 +35 19 25 0 *                                     
I1714 CET 01 32 53.1 -13 01 31 8 SB   16.0   0.50   0.5                
I1715 PSC 01 33 34.4 +12 35 06 8 Irr  14.6   0.70   0.5 100     5805   1115    
I1716 CET 01 33 26.8 -12 18 30 0 *                                     
I1718 TRI 01 38 26.9 +33 21 53 8 S    15.1   0.60   0.3 120     6068   
I1719 SCL 01 37 35.8 -33 55 29 8 S0   13.8   1.60   1.2 174     6020   
I1720 SCL 01 40 21.4 -28 54 52 8 Sbc  13.7   1.20   0.9 164     6180   
I1721 PSC 01 41 24.4 +08 31 32 8 S?   14.2   1.00   0.5 100     6235   1187    
I1722 SCL 01 43 02.7 -34 11 19 8 SBbc 14.7   1.50   0.5  50     6319   
I1723 PSC 01 43 14.1 +08 53 18 8 Sb   13.9   3.30   0.8  29     6332   1205    
I1724 SCL 01 43 09.5 -34 14 34 8 S0-a 14.1   1.30   0.5 126     6328   
I1725 PSC 01 45 11.9 +21 46 34 8 Sc   15.3   0.30   0.3         6432   
I1726 PSC 01 45 19.6 +04 37 07 8 C    14.6   0.30   0.2  40     6441   
I1727 TRI 01 47 30.0 +27 19 55 8 SBm  12.0   7.10   2.8 150     6574   1249    
I1728 FOR 01 47 44.4 -33 36 08 8 SBbc 14.1   1.30   0.8   3     6584   
I1729 FOR 01 47 55.2 -26 53 33 8 E    13.5   1.60   0.9 150     6598   
I1730 ARI 01 49 57.9 +22 00 44 8 S0   15.4   0.80   0.5  65     6732   
I1731 TRI 01 50 12.5 +27 11 44 8 SBc  14.1   1.50   1.0 140     6756   1291    
I1732 AND 01 50 48.0 +35 55 57 8 S?   15.0   1.50   0.4  62     6805   1307    
I1733 TRI 01 50 42.9 +33 04 54 8 E    14.3   1.50   1.4         6796   1301    
I1734 FOR 01 49 16.8 -32 44 38 8 SBc  13.4   1.60   1.4         6679   
I1735 TRI 01 50 51.8 +33 05 29 8 S0   14.7   0.50   0.3 135     6812   
I1736 ARI 01 50 53.2 +18 18 07 8 Sb-c 14.9   1.10   0.4  33     6814   1309    
I1737 AND 01 51 41.5 +36 15 06 0 *2                                    
I1738 CET 01 51 07.7 -09 47 37 8 SBb  15.3   0.90   0.7  80     6832   
I1739 FOR 01 50 29.3 -34 03 22 8 Sb   14.9   0.80   0.5  96     6777   
I1741 CET 01 51 56.7 -16 47 17 8 S    14.6   0.80   0.4 175     6900   
I1742 ARI 01 53 14.3 +22 43 14 8 Sc   15.1   0.80   0.5  35     6996   
I1743 ARI 01 52 59.5 +12 42 28 8 SBa  13.9   1.80   0.8  57     6982   1351    
I1744 ARI 01 53 38.8 +19 50 25 8 S0   14.5   1.40   1.1 150     7019   1360    
I1745 CET 01 52 59.0 -16 40 11 8 S    16.2   0.50   0.3 130     174317 
I1746 PSC 01 54 24.2 +04 48 11 8 S0   14.9   1.40   0.5  93     7076   1371    
I1747 CAS 01 57 35.8 +63 19 20 6 PN   13.6   0.21                      
I1748 ARI 01 56 08.8 +17 38 26 8 SBbc 14.6   1.00   0.7 130     7229   1403    
I1749 PSC 01 56 11.0 +06 44 42 8 S0   14.6   0.90   0.7 155     7235   1407    
I1750 PSC 01 56 18.7 +04 04 33 8 S0-a 15.5   0.90   0.2  64     7266   1412    
I1751 PSC 01 56 20.9 +05 37 41 8 E    12.3   3.00   3.0         7252   1413    
I1752 TRI 01 57 15.4 +28 36 49 8 C    16.3   0.30   0.2 110     7337   
I1753 TRI 01 57 19.3 +28 35 20 8 E?   15.0   0.60   0.5         7353   
I1754 PSC 01 56 49.8 +04 01 32 8 C    15.2   1.00   1.0         7307   1424    
I1755 ARI 01 57 09.8 +14 32 57 8 Sa   14.8   1.40   0.3 154     7341   1428    
I1756 CET 01 57 05.2 -00 28 08 8 Sc   15.4   1.40   0.2 155     7328   1429    
I1757 CET 01 57 11.5 -00 28 27 8 P    16.5   0.60   0.2  60     74458 
I1758 CET 01 56 52.5 -16 32 32 8 S0   16.0   0.60   0.2  45     70024 
I1759 FOR 01 57 55.5 -32 59 16 8 Sbc  13.8   1.50   1.4         7400   
I1760 FOR 01 57 55.5 -32 59 16 8 Sbc  13.8   1.50   1.4         7400   
I1761 CET 01 58 52.2 +00 34 06 8 S0-a 15.3   0.90   0.5  45     7484   
I1762 FOR 01 57 48.6 -33 14 25 8 SBbc 14.4   1.80   0.4  43     7393   
I1763 FOR 01 59 11.5 -27 48 43 8 Sbc  14.7   1.00   0.8         7514   
I1764 ARI 02 00 23.3 +24 34 45 8 SBb  14.2   1.50   1.4         7603   1486    
I1765 TRI 02 01 06.6 +31 52 53 8 Sc   12.9   1.60   1.4  35     7657   1497    
I1766 TRI 02 01 05.4 +31 45 10 8 SBc  17.3   0.40   0.4         7655   
I1767 CET 01 59 59.4 -11 04 45 8 S0-a 14.5   1.80   0.7  80     7568   
I1768 FOR 02 00 49.8 -25 01 37 8 S0   13.9   1.10   1.1         7636   
I1769 FOR 02 00 54.8 -31 55 16 8 Sbc  15.5   0.80   0.2  77     7645   
I1770 PSC 02 02 14.4 +09 58 49 8 S0   14.9   1.10   1.1         7751   1522    
I1771 PSC 02 02 15.8 +09 58 05 8 S0   15.3   0.60   0.6         7737   
I1772 PSC 02 02 42.8 +07 44 42 8 C    14.5   0.40   0.4         7781   
I1773 TRI 02 04 02.2 +30 49 55 8 S0   14.7   1.40   0.3   7     7873   1557    
I1774 ARI 02 03 59.0 +15 19 02 8 SBcd 14.7   1.80   1.7 140     7863   1559    
I1775 ARI 02 05 17.5 +13 30 18 8 SB?  16.3   0.70   0.7         7958   
I1776 PSC 02 05 15.1 +06 06 18 8 SBcd 14.0   1.90   1.9         7952   1579    
I1777 ARI 02 06 08.6 +15 12 34 8 S    15.6   0.70   0.7         8021   
I1778 PSC 02 06 19.4 +09 13 36 8 Sa-b 15.0   1.40   0.8  25     8026   1594    
I1779 PSC 02 06 25.9 +03 42 21 8 E    14.8   0.40   0.3 100     8039   
I1780 ARI 02 06 51.1 +14 43 18 8 S?   15.5   0.70   0.3  10     8070   
I1781 CET 02 06 52.8 -00 31 07 8 S?   15.3   0.40   0.4         8067   
I1782 FOR 02 07 20.0 -25 26 32 8 E-S0 13.6   1.70   1.3 115     8093   
I1783 FOR 02 10 06.0 -32 56 25 8 Sb-c 13.2   2.00   0.8   3     8279   
I1784 TRI 02 16 12.8 +32 38 55 8 Sb/P 14.1   1.70   1.0  88     8676   1744    
I1785 TRI 02 16 21.0 +32 39 59 8 E-S0 15.7   0.60   0.3 140     8682   
I1786 CET 02 16 05.5 +05 08 44 8 S    15.2   0.40   0.2 160     8662   
I1787 CET 02 16 10.6 -11 55 34 8 Sc   13.5   2.20   0.5  35     8673   
I1788 FOR 02 15 50.2 -31 12 06 8 SBbc 12.5   2.60   1.1  27     8649   
I1789 TRI 02 17 51.3 +32 23 42 8 Sa   14.7   2.20   0.4  30     8766   1763    
I1790 ARI 02 17 37.9 +12 30 31 8 Sc   15.6   1.00   0.3  65     8752   1762    
I1791 ARI 02 17 41.3 +12 28 11 8 S0   14.4   1.00   1.0         8758   1764    
I1792 TRI 02 19 01.1 +34 27 40 8 Sab  14.7   1.20   1.2         8839   1781    
I1793 TRI 02 21 32.2 +32 32 37 8 Sa-b 14.8   1.20   0.6  30     8969   1816    
I1794 ARI 02 21 30.1 +15 45 42 8 S0-a 15.2   0.90   0.7         8963   
I1795 CAS 02 25 48.0 +61 59 00 5 EN         12.00  12.0                
I1796 PHE 02 22 47.3 -41 22 17 8 E-S0 14.2   1.10   0.9  86     9041   
I1797 ARI 02 25 27.9 +20 23 42 8 SBc  15.4   0.70   0.2 138     9205   1880    
I1798 ARI 02 26 15.5 +13 25 49 8 E    16.5   0.30   0.3                
I1799 AND 02 28 45.8 +45 58 14 8 S?   14.7   1.10   0.4  34     9432   1943    
I1800 TRI 02 28 31.4 +31 24 46 0 *2                                    
I1801 ARI 02 28 12.9 +19 34 57 8 SBb  14.6   1.30   0.6  30     9392   1936    
I1802 ARI 02 29 13.9 +23 04 58 8 S0   14.6   1.30   1.1 115     9462   
I1803 ARI 02 29 17.2 +23 08 25 8 C    16.0   0.30   0.2   0     9462   
I1804 ARI 02 29 17.0 +23 05 10 8 S    16.0   0.30   0.1  40            
I1805 CAS 02 32 41.4 +61 27 25 3 III3  6.5  60.00  60.0                
I1806 ARI 02 29 34.9 +22 56 36 8 E    15.8   0.40   0.4         95515  
I1807 ARI 02 30 30.9 +22 56 59 8 C    15.7   0.50   0.5         9547   
I1808 CET 02 30 31.1 -04 12 58 8 Irr  14.5   0.80   0.8         9545   
I1809 ARI 02 31 40.5 +22 55 01 8 SBb  14.9   0.90   0.7  50     9616   1996    
I1810 ERI 02 29 26.6 -43 04 38 8 SBab 14.2   1.30   1.0         9477   
I1811 FOR 02 30 38.0 -34 15 55 8 SBab 14.3   1.30   0.9   7     9555   
I1812 ERI 02 29 31.8 -42 48 43 8 E    13.2   2.00   1.6         9486   
I1813 FOR 02 30 49.6 -34 13 20 8 S0-a 14.2   1.20   0.8 102     9567   
I1814 FOR 02 31 05.7 -36 02 07 8 Sab  13.5   2.10   0.5  31     9582   
I1815 TRI 02 34 19.9 +32 25 46 8 SB0  14.3   1.70   1.6         9794   2047    
I1816 FOR 02 31 51.0 -36 40 22 8 SBab 13.9   1.40   1.2         9634   
I1817 ARI 02 33 49.5 +11 12 10 8 Sd   15.3   0.40   0.2  10     9757   
I1818 CET 02 34 07.1 -11 02 27 8 E    15.4   0.50   0.5                
I1819 CET 02 35 41.8 +04 03 06 8 E    14.7   1.60   0.6  30     9858   
I1820 CET 02 35 52.7 +06 02 25 8 S    15.1   0.50   0.2  70     9866   
I1821 ARI 02 36 25.3 +13 46 48 8 S    15.1   0.60   0.4  90     9898   
I1822 CET 02 35 42.3 -08 33 46 0 *                                     
I1823 TRI 02 38 36.9 +32 04 11 8 SBc  14.5   2.10   2.0         10013  2125    
I1824 CAS 02 41 18.0 +61 37 00 0 *Grp        9.00                      
I1825 CET 02 38 55.5 +09 05 47 8 Sc   14.7   1.20   0.8  15     10031  2138    
I1826 FOR 02 39 03.7 -27 26 37 8 SB0- 12.9   1.70   1.4         10041  
I1827 CET 02 39 46.4 +01 33 28 8 Sa   14.6   1.10   0.2 154     10087  2152    
I1828 ARI 02 40 29.0 +19 17 47 8 P    13.7   1.50   1.1   5     10127  2160    
I1829 ARI 02 40 32.8 +14 17 51 8 C    15.6   0.80   0.8         10131  
I1830 FOR 02 39 03.7 -27 26 37 8 SB0- 12.9   1.70   1.4         10041  
I1831 CAS 02 43 00.0 +63 13 00 5 EN        120.00                      
I1832 ARI 02 41 57.6 +19 01 48 8 S0   15.3   0.50   0.5         10216  
I1833 FOR 02 41 38.6 -28 10 20 8 S0   14.1   1.50   0.8  61     10205  
I1834 CET 02 42 48.0 +03 05 00 8 Sb   15.0   0.90   0.8         10267  2189    
I1835 ARI 02 43 49.0 +14 53 20 8 S    15.4   0.50   0.5         10342  
I1836 CET 02 43 23.3 +03 06 16 8 S    15.4   0.80   0.8         10306  
I1837 CET 02 43 31.3 +00 18 23 8 SBab 14.2   1.50   0.5  11     10315  2208    
I1838 ARI 02 44 43.0 +19 27 16 8 Sc   15.3   0.50   0.3   0     10389  
I1839 ARI 02 44 43.0 +15 14 20 8 Sb-c 15.1   1.00   0.5  97     10394  2220    
I1840 CET 02 43 41.9 -15 42 23 8 S    14.9   0.70   0.7         10333  
I1841 ARI 02 45 36.3 +18 55 43 8 SBb  15.1   0.50   0.5         10442  
I1842 ARI 02 45 23.4 +11 27 30 8 S0   15.5   1.10   0.3  25     10428  
I1843 CET 02 45 24.9 +02 52 48 8 SBab 14.1   1.50   0.7  70     10429  2228    
I1844 CET 02 45 49.2 +03 13 48 8 S    15.1   0.80   0.3 115     10448  
I1845 FOR 02 45 37.1 -27 57 41 8 Sb   14.0   1.10   0.6 117     10441  
I1846 ARI 02 47 43.5 +13 15 18 8 E?   15.2   1.10   0.9         10573  2265    
I1847 ARI 02 47 53.6 +14 30 18 8 S    15.4   0.40   0.3 135     10580  
I1848 CAS 02 51 26.7 +60 24 56 3 IV3p  6.5  40.00  10.0                
I1849 CET 02 47 44.7 +09 21 22 8 E?   15.4   0.50   0.4         10582  
I1850 ARI 02 48 39.3 +13 15 31 8 S    16.0   0.50   0.2   5            
I1851 CAS 02 51 48.0 +58 19 00 5 EN          6.00                      
I1852 ARI 02 49 00.4 +13 13 23 8 SBc  14.6   1.20   0.9   3     10660  2293    
I1853 ERI 02 48 04.3 -13 59 38 8 Sb   14.2   1.10   0.4  91     10595  
I1854 ARI 02 49 20.6 +19 18 14 8 S0   15.0   0.60   0.5 170     10684  
I1855 ARI 02 49 04.3 +13 26 32 8 C    16.0   0.30   0.3                
I1856 CET 02 48 50.8 -00 46 04 8 SBab 14.4   1.10   0.6  60     10647  2291    
I1857 ARI 02 49 38.8 +14 37 10 8 Sbc  15.1   1.00   0.5 150     10715  2312    
I1858 FOR 02 49 08.4 -31 17 24 8 S0-a 14.1   1.70   0.5 176     10671  
I1859 FOR 02 49 03.8 -31 10 23 8 Sbc  14.3   1.20   0.8  35     10665  
I1860 FOR 02 49 33.7 -31 11 25 8 E    13.4   1.70   1.2   6     10707  
I1861 ARI 02 53 07.0 +25 29 23 8 S0   14.4   1.50   1.0 150     10905  2357    
I1862 FOR 02 51 58.8 -33 20 26 8 Sbc  14.5   3.00   0.3   3     10858  
I1863 CET 02 54 50.7 +08 47 04 8 C    15.7   0.40   0.4         10997  
I1864 FOR 02 53 39.4 -34 11 55 8 E    12.8   1.20   0.7  63     10925  
I1865 CET 02 55 20.0 +08 49 39 8 Sb-c 14.8   1.10   0.6  85     11035  2391    
I1866 ERI 02 54 52.9 -15 39 12 8 S    14.3   0.40   0.3         10992  
I1867 CET 02 55 52.2 +09 18 42 8 S0   14.8   1.50   1.2  15     11070  2400    
I1868 CET 02 56 05.8 +09 22 44 8 S    15.9   0.40   0.3  70            
I1869 CET 02 58 11.7 +05 50 10 8 S0   15.4   0.60   0.2 120     11224  
I1870 ERI 02 57 53.5 -02 20 50 8 SBc/ 13.1   2.80   1.6 132     11202  
I1871 CAS 02 57 21.7 +60 40 20 5 EN                                    
I1872 PER 03 04 34.9 +42 48 32 0 *2+S 16.0                             
I1873 CET 03 03 52.8 +09 36 48 8 S0   15.5   0.80   0.5  25     11541  
I1874 PER 03 06 21.9 +36 00 52 8 SB0- 14.6   1.00   0.7  85     11652  
I1875 FOR 03 03 56.6 -39 26 29 8 E-S0 13.5   1.40   1.2         11549  
I1876 FOR 03 04 32.3 -27 27 38 8 S0   14.3   1.10   1.0         11577  
I1877 HOR 03 03 09.6 -50 30 43 8 Sb   16.3   1.80   0.2 155     11495  
I1878 HOR 03 03 40.2 -52 06 30 8      14.6   1.20   0.8 175     11528  
I1879 HOR 03 03 52.5 -52 07 06 8 S?   15.9   1.20   0.2 136     11542  
I1880 ERI 03 06 28.4 -09 43 52 8 E-S0 13.7   1.60   1.1  30     11656  
I1881 PER 03 09 17.3 +38 38 55 8 Sd   15.3   1.80   1.4  60     11789  2557    
I1882 CET 03 07 49.5 +03 08 48 8 Sbc  15.1   0.90   0.5  20     11718  2551    
I1883 PER 03 09 42.3 +40 53 33 8 S0-a 15.5   1.00   0.5  22     11815  2560    
I1884 PER 03 09 42.8 +40 58 28 8 Sb   15.6   1.10   0.2 131     11817  2561    
I1885 FOR 03 06 40.3 -32 51 53 8 Sc   14.9   1.40   0.5 138     11665  
I1886 ERI 03 08 03.2 -04 24 02 8 S0   15.5   0.60   0.4   0     11724  
I1887 PER 03 10 12.9 +40 45 55 8 Sd   14.2   1.20   0.7  75     11846  2567    
I1888 PER 03 10 56.1 +41 08 14 8 E-S0 15.3   0.60   0.4  90     11873  
I1889 PER 03 11 03.1 +40 37 16 8 SB0- 15.2   1.40   1.1  90     11878  2574    
I1890 ARI 03 09 58.4 +19 12 29 8 S0   15.5   1.00   1.0         11837  
I1891 ARI 03 10 12.0 +19 36 22 8 S    16.0   0.30   0.2  45            
I1892 ERI 03 08 27.2 -23 03 22 8 SB/P 13.8   1.90   1.1  10     11750  
I1893 ARI 03 10 16.5 +19 36 59 8 S    16.5   0.20   0.1  50            
I1894 ARI 03 10 25.4 +19 36 24 8 S0   15.6   0.50   0.2   5     11857  
I1895 FOR 03 09 36.2 -25 15 14 8 SB0- 14.1   1.50   1.1   0     11807  
I1896 HOR 03 07 52.9 -54 12 52 8 Sab  15.8   0.70   0.3  16     11722  
I1897 ERI 03 10 45.9 -10 47 46 8 SB?  13.8   0.50   0.5         11866  
I1898 ERI 03 10 20.4 -22 24 16 8 SBc  13.6   3.60   0.6  73     11851  
I1899 FOR 03 12 13.0 -25 18 20 8 S0-a 14.3   1.10   0.3 165     11930  
I1900 PER 03 15 55.2 +37 09 15 8 S0   14.9   0.80   0.6  87     12124  
I1901 PER 03 16 02.5 +37 06 45 8 S    15.7   0.80   0.2 170     12136  
I1902 PER 03 16 12.4 +37 10 39 8 S0-a 15.5   0.40   0.4         12150  
I1903 HOR 03 13 08.5 -50 33 45 8 E-S0 16.5   0.60   0.2 143     11990  
I1904 FOR 03 15 00.9 -30 42 32 8 SBab 14.4   1.40   0.6 108     12079  
I1905 PER 03 18 48.0 +41 21 57 0 *3                                    
I1906 FOR 03 16 05.7 -34 21 38 8 SBbc 14.5   1.20   0.4  64     12138  
I1907 PER 03 19 54.1 +41 33 47 8 E    13.6   1.40   1.1  90     12438  2670    
I1908 HOR 03 15 05.1 -54 49 11 8 SBb  14.6   1.30   0.9  60     12085  
I1909 FOR 03 17 20.0 -33 41 27 8 SBR  14.5   1.20   0.6  61     12212  
I1912 HOR 03 16 43.3 -50 39 20 8 S?   15.8   0.90   0.2   6     12172  
I1913 FOR 03 19 34.5 -32 27 56 8 SBb  14.4   1.90   0.3 149     12404  
I1914 HOR 03 19 25.1 -49 35 59 8 SBcd 13.3   3.70   1.9  99     12390  
I1915 HOR 03 19 51.8 -50 41 33 8 SB?  16.2   0.60   0.5  82     12435  
I1916 HOR 03 20 16.2 -49 02 32 8 SB?  15.4   0.70   0.6  86     12482  
I1917 HOR 03 22 12.3 -53 11 10 8 C    16.0   0.30   0.3         100539 
I1918 TAU 03 26 17.8 +04 32 28 8 S    14.9   0.40   0.2 160     12834  
I1919 FOR 03 26 02.1 -32 53 43 8 E-S0 13.8   1.60   1.2  84     12825  
I1920 HOR 03 24 14.4 -52 42 52 8 Sa   16.4   0.40   0.3 160     74394  
I1922 HOR 03 24 43.0 -50 44 27 8 S?   16.9   0.40   0.2  46     12749  
I1923 HOR 03 24 48.3 -50 36 23 8 S    17.2   0.50   0.1   2     12753  
I1924 HOR 03 25 07.5 -51 42 14 8 S?   16.7   0.50   0.3  75     12781  
I1925 HOR 03 25 25.6 -51 16 02 8 Sab  14.8   0.80   0.6 146     12799  
I1926 HOR 03 25 18.8 -51 42 06 8 S?   16.6   0.50   0.2  80     12790  
I1927 HOR 03 25 20.0 -51 43 12 0 *2                                    
I1928 ERI 03 27 29.1 -21 33 37 8 Sab  14.1   1.60   0.4  30     12884  
I1929 HOR 03 25 25.6 -51 16 02 8 Sab  14.8   0.80   0.6 146     12799  
I1930 TAU 03 28 46.1 +04 23 00 8 E    16.0   0.40   0.3   0            
I1931 TAU 03 28 57.8 +01 45 00 8 D    15.3   0.90   0.8         12950  
I1932 HOR 03 25 54.0 -51 20 36 8 S0   15.4   0.70   0.6  15     12817  
I1933 HOR 03 25 39.9 -52 47 07 8 SBc  13.0   2.20   1.1  55     12807  
I1934 PER 03 31 13.9 +42 47 32 8 S0   15.0   1.20   0.5 137     13080  2769    
I1935 HOR 03 26 13.3 -50 00 40 8 Sc   14.5   1.10   0.7 104     12833  
I1936 HOR 03 26 27.9 -51 19 25 8 S    16.0   0.70   0.2 153     12847  
I1937 HOR 03 26 47.4 -48 42 12 8 S?   14.9   0.90   0.5  77     12856  
I1938 HOR 03 27 10.4 -53 00 38 8 Sb   15.5   0.80   0.6         12874  
I1940 HOR 03 27 42.0 -52 08 24 8 SBab 14.8   0.90   0.8         12896  
I1941 TAU 03 32 14.8 +24 23 00 0 *3                                    
I1942 HOR 03 27 54.0 -52 40 34 8 E    15.4   0.70   0.5  11     12907  
I1943 HOR 03 38 44.9 -44 06 04 8 E-S0 12.2   2.20   1.6   6     13429  
I1944 HOR 03 29 39.9 -47 59 49 8 S    15.7   0.50   0.4  12     12987  
I1945 HOR 03 29 16.4 -52 37 39 8 S0   16.0   0.80   0.2 129     12970  
I1946 HOR 03 29 22.0 -52 37 12 8 SB0- 15.3   0.90   0.4  62     12972  
I1947 HOR 03 30 32.6 -50 20 22 8 E    15.5   0.50   0.4 137     13027  
I1948 HOR 03 30 49.9 -47 57 54 8 Sbc  15.5   0.80   0.7         13045  
I1949 HOR 03 30 52.9 -47 58 49 8 Sbc  13.8   1.10   0.9  27     13047  
I1950 HOR 03 31 04.3 -50 26 00 8 Sc   15.0   1.40   0.4 153     13053  
I1951 HOR 03 30 56.4 -53 07 36 8 Sbc  17.1   0.50   0.2  54     13048  
I1952 ERI 03 33 26.6 -23 42 48 8 SBbc 13.6   2.60   0.6 141     13171  
I1953 ERI 03 33 41.8 -21 28 44 8 SBc  12.3   2.90   2.1 121     13184  
I1954 HOR 03 31 31.1 -51 54 17 8 SBb  12.2   3.00   1.5  66     13090  
I1955 RET 03 31 24.7 -57 14 33 8 Sbc  15.8   0.70   0.6         13086  
I1956 TAU 03 35 33.2 +05 04 00 8 SBbc 15.4   1.60   0.3  34     13279  2795    
I1957 HOR 03 32 13.4 -52 27 27 8 Sbc  16.5   0.90   0.2  33     13120  
I1958 HOR 03 32 46.6 -51 26 30 8 S    16.0   0.40   0.3  85     13144  
I1959 HOR 03 33 12.1 -50 24 46 8 SBm  13.2   2.90   0.7 147     13163  
I1960 RET 03 32 32.8 -57 12 27 8 Sab  15.2   1.10   0.3 110     13135  
I1961 HOR 03 33 33.3 -48 57 05 8 Sc   15.5   0.60   0.4  24     13175  
I1962 ERI 03 35 37.3 -21 17 33 8 SBd  14.7   2.70   0.5   2     13283  
I1963 FOR 03 35 31.2 -34 26 50 8 S0   12.9   2.60   0.7  84     13277  
I1964 RET 03 33 30.2 -53 10 24 8 S?   16.6   0.50   0.3  81     13173  
I1965 RET 03 33 10.9 -56 33 16 8 SBc  15.6   1.00   0.8 105     13162  
I1966 HOR 03 34 03.3 -51 19 22 8 S?   15.6   0.60   0.3 120     13206  
I1967 TAU 03 37 47.8 +03 16 11 8 S?   14.8   0.90   0.4  70     13382  
I1968 HOR 03 34 37.8 -50 39 07 8 S?   16.2   0.50   0.3  92     13236  
I1969 HOR 03 36 13.9 -45 10 47 8 Sab  15.6   1.30   0.2  41     13303  
I1970 HOR 03 36 31.2 -43 57 26 8 Sb   12.9   3.20   0.9  75     13322  
I1971 HOR 03 35 57.5 -52 39 02 8 S?   15.9   0.70   0.3 173     13295  
I1972 HOR 03 36 21.2 -51 58 06 8 S?   16.4   0.80   0.2 154     13310  
I1973 HOR 03 36 20.9 -51 59 40 8      16.7   0.50   0.2  11     13309  
I1974 HOR 03 36 42.2 -49 33 03 8 S?   15.9   0.80   0.3 160     13325  
I1975 ERI 03 39 03.5 -15 30 01 8 P    15.6   0.30   0.3                
I1976 HOR 03 37 08.9 -47 26 18 8 S?   15.8   0.80   0.5 122     13355  
I1977 TAU 03 40 45.0 +17 44 25 8 SBb  14.4   1.40   0.8 177     13536  2815    
I1978 HOR 03 37 05.5 -50 09 06 8 Sab  15.7   1.10   0.2   7     13350  
I1979 RET 03 36 46.3 -57 56 42 0 *2                                    
I1980 RET 03 36 58.9 -57 58 27 8 Sb   14.9   1.10   0.5  19     13345  
I1981 FOR 03 40 29.3 -26 51 45 8 SB0  13.5   1.80   0.7 131     13520  
I1982 RET 03 37 42.4 -57 46 37 8 Sab  15.6   0.50   0.4         13378  
I1983 ERI 03 40 56.9 -22 33 53 8 S0-a 12.4   3.60   1.7 148     13544  
I1984 HOR 03 39 50.2 -47 04 37 8 Sbc  16.0   0.70   0.2 140     13487  
I1985 PER 03 44 34.1 +32 09 47 3 IV2p  7.3  10.00  10.0                
I1986 HOR 03 40 35.2 -45 21 23 8 Sm   14.8   1.30   0.9  77     13521  
I1987 RET 03 40 11.5 -55 03 35 8 E    15.9   0.50   0.4         13502  
I1989 HOR 03 41 54.4 -50 57 30 8 E-S0 14.6   1.10   0.7 132     13581  
I1990 TAU 03 47 13.8 +24 20 02 5 EN                                    
I1991 HOR 03 44 46.4 -51 31 28 8 S?   16.2   0.70   0.3  39     13734  
I1993 FOR 03 47 04.8 -33 42 40 8 SBR  12.4   2.50   2.2         13840  
I1994 HOR 03 45 55.1 -51 38 38 8 S    16.0   0.70   0.2   4     13795  
I1995 TAU 03 50 18.5 +25 34 51 5 EN          2.00                      
I1996 RET 03 45 07.9 -57 19 30 8 S?   16.4   0.80   0.2 102     13755  
I1997 RET 03 44 51.9 -59 08 17 8 Sa   14.2   1.20   0.6  73     13740  
I1998 TAU 03 51 31.2 +01 11 23 8 E    15.4   0.90   0.7         13978  
I1999 RET 03 47 43.0 -56 57 09 8 S?   15.5   0.60   0.5         13861  
I2000 HOR 03 49 07.6 -48 51 32 8 SBc  13.1   4.10   0.8  83     13912  
I2002 TAU 03 54 30.3 +10 42 23 8 SBa  14.8   1.10   1.0         14080  2898    
I2003 PER 03 56 22.0 +33 52 30 6 PN   12.6   0.11                      
I2004 HOR 03 51 45.6 -49 25 11 8 Sa   15.0   0.80   0.6  48     13986  
I2005 PER 03 57 39.5 +36 47 13 8 S    15.6   0.40   0.1   5     14168  
I2006 ERI 03 54 28.3 -35 58 04 8 E    12.2   1.90   1.6         14077  
I2007 ERI 03 55 22.6 -28 09 34 8 Sbc  13.7   1.30   0.8  52     14110  
I2008 ERI 03 55 22.6 -28 09 34 8 Sbc  13.7   1.30   0.8  52     14110  
I2009 HOR 03 53 34.6 -48 59 30 8 Irr  14.6   1.80   1.2  72     14041  
I2010 RET 03 51 58.2 -59 55 47 8 Sa   14.4   1.20   0.5  71     13995  
I2011 RET 03 52 27.4 -57 28 07 0 *2                                    
I2012 RET 03 52 55.3 -58 38 59 8      16.3   0.60   0.4   5     14027  
I2014 RET 03 55 21.7 -56 44 50 8 SBc  15.5   1.10   0.5  17     14108  
I2015 HOR 03 58 11.4 -40 23 23 8 Sc   15.6   0.50   0.4         14184  
I2016 TAU 04 01 59.9 +20 14 24 8 S0   15.6   0.40   0.2   5     14322  
I2017 RET 03 56 38.7 -59 23 42 8 S0   14.9   1.10   0.7  20     14140  
I2018 DOR 03 57 54.4 -52 46 52 8 SBbc 15.7   0.80   0.5 140     14173  
I2019 TAU 04 01 53.7 +05 38 19 8 S    15.3   0.80   0.4  45     14324  2930    
I2020 RET 03 58 53.0 -54 03 32 8 Sc   15.6   0.60   0.5         14211  
I2021 DOR 03 59 23.9 -52 39 26 8 Sbc  15.8   0.70   0.4 120     14229  
I2022 RET 03 58 40.2 -59 02 41 8 S?   16.1   1.10   0.2   0     14203  
I2023 DOR 03 59 40.8 -52 40 51 8 S?   15.9   0.50   0.4         14238  
I2024 RET 04 00 04.0 -53 22 21 8 SBc  15.5   1.10   0.3  29     14249  
I2025 RET 04 00 22.8 -53 03 56 8 Sb   16.1   1.10   0.2 120     14257  
I2026 ERI 04 03 55.1 -11 10 45 8 S    14.6   0.90   0.7  50     14393  
I2027 PER 04 06 39.6 +37 06 55 8 E    15.2   0.80   0.8         14473  2957    
I2028 DOR 04 01 18.1 -52 42 29 8 Sc   15.0   0.80   0.6  55     14299  
I2029 DOR 04 01 17.8 -52 48 05 8 SBc  15.7   0.90   0.4 178     14298  
I2031 ERI 04 06 14.7 -05 39 09 8 C    16.0   0.50   0.5         146069 
I2032 DOR 04 07 03.2 -55 19 25 8 Irr  14.8   1.40   0.8  78     14481  
I2033 DOR 04 07 14.5 -53 40 54 8 SBa  15.0   1.20   0.6 129     14491  
I2034 RET 04 06 36.8 -57 57 44 8 Sc   15.9   1.20   0.2 118     14469  
I2035 HOR 04 09 01.8 -45 31 04 8 SB0  12.5   1.20   0.9  86     14558  
I2036 ERI 04 09 55.0 -39 41 21 8 SBc  14.5   1.00   0.8  92     14586  
I2037 RET 04 08 19.3 -58 45 06 8 Sb   14.8   1.60   0.3  92     14521  
I2038 DOR 04 08 54.2 -55 59 35 8 Scd  15.2   1.80   0.4 151     14553  
I2039 DOR 04 09 02.6 -56 00 42 8 E-S0 14.9   0.90   0.7 121     14560  
I2040 ERI 04 12 59.6 -32 33 16 8 S0   13.6   1.40   0.8  65     14670  
I2041 ERI 04 12 34.9 -32 49 05 8 SB0  14.6   1.10   0.6 132     14656  
I2042 HOR 04 11 43.1 -47 16 16 0 *     9.0                             
I2043 DOR 04 11 09.8 -53 41 13 8 Sb   15.4   1.40   0.2  15     14623  
I2044 DOR 04 11 14.0 -54 31 58 8 SB?  16.5   0.50   0.4  54     14624  
I2045 ERI 04 14 36.0 -13 10 32 8 E    14.8   1.00   0.7 125     14722  
I2046 DOR 04 11 24.5 -54 40 25 8 SBbc 15.1   0.80   0.5 104     14628  
I2047 ERI 04 14 56.0 -13 11 31 8 E    16.0   0.60   0.5                
I2049 RET 04 12 04.3 -58 33 29 8 SBcd 14.6   1.00   0.9   3     14636  
I2050 DOR 04 13 56.2 -53 28 35 8 SBb  14.7   1.10   0.8  15     14704  
I2051 MEN 03 52 00.3 -83 49 57 8 SBbc 12.3   2.60   1.6  67     13999  
I2052 DOR 04 14 58.7 -54 20 13 8 Sbc  15.4   0.90   0.4 165     14729  
I2054 MEN 04 07 26.7 -78 15 15 8 S?   16.4   0.50   0.4         14497  
I2056 RET 04 16 24.8 -60 12 25 8 SBbc 12.5   1.90   1.6   8     14773  
I2057 TAU 04 21 56.0 +04 02 51 8 S?   15.2   0.70   0.6         14962  
I2058 DOR 04 17 54.5 -55 55 53 8 Scd  13.9   2.90   0.4  18     14824  
I2059 ERI 04 20 26.2 -31 43 30 8 SB0  13.9   1.30   0.4 172     14910  
I2060 RET 04 17 53.5 -56 37 00 8 E-S0 14.3   1.00   0.7 157     14823  
I2062 CAM 04 32 02.1 +71 55 09 0 *                                     
I2063 ERI 04 22 40.2 -15 39 42 8 S    15.0   0.60   0.3   0            
I2064 ERI 04 23 26.7 -15 41 09 8 E    15.8   0.40   0.4         146225 
I2065 DOR 04 21 28.1 -55 56 00 8 Sa   14.6   1.20   0.4  38     14943  
I2066 DOR 04 23 32.2 -54 44 02 8 SBc  15.3   0.80   0.6 129     15019  
I2067 PER 04 30 48.0 +35 25 00 5 EN                                    
I2068 CAE 04 26 36.8 -42 05 39 8 S0-a 14.3   1.20   0.8 153     15106  
I2070 DOR 04 24 35.6 -57 58 54 8 SBc  14.5   1.40   0.9  85     15048  
I2071 DOR 04 26 14.3 -53 09 07 8      17.2   0.40   0.3  85     15088  
I2073 DOR 04 26 33.4 -53 11 20 8 SBc  14.5   1.20   0.5  49     15102  
I2074 TAU 04 31 23.0 +07 42 10 0 *3                                    
I2075 ERI 04 30 51.5 -05 47 54 8 SBbc 13.8   1.80   1.3 100     15348  
I2077 TAU 04 32 06.1 +00 34 02 8 S0   14.8   1.60   0.6 130     15447  3082    
I2078 ERI 04 31 52.2 -04 41 57 0 *                                     
I2079 DOR 04 28 30.7 -53 44 19 8 SBab 14.8   1.20   0.4 125     15200  
I2080 ERI 04 31 52.1 -05 45 27 8 S0   15.8   0.50   0.4         15426  
I2081 DOR 04 29 00.7 -53 36 51 8 E-S0 14.5   1.20   0.8  90     15231  
I2082 DOR 04 29 07.8 -53 49 42 8 E-S0 14.2   1.30   0.8 130     15239  
I2083 DOR 04 30 44.1 -53 58 53 8 SB0- 14.9   1.10   0.6  93     15339  
I2085 DOR 04 31 24.4 -54 25 00 8 SB0  14.1   2.30   0.4 114     15388  
I2086 DOR 04 31 32.1 -53 38 53 8 E    15.7   0.50   0.5         15392  
I2087 TAU 04 40 00.0 +25 44 32 5 EN          4.00   4.0                
I2088 TAU 04 43 48.0 +27 17 00 5 EN                                    
I2089 MEN 04 32 50.6 -75 32 27 8 Sm   15.1   1.10   0.9         15487  
I2091 ERI 04 46 40.3 -04 40 22 0 *Grp                                  
I2092 ERI 04 46 46.1 -04 56 41 0 *2                                    
I2093 ORI 04 47 32.3 -02 42 18 0 *                                     
I2094 ERI 04 48 24.8 -05 21 11 8 S    15.0   0.80   0.3  77            
I2095 ERI 04 48 45.8 -05 07 32 8 Sc   15.5   1.40   0.2  48     16067  
I2096 ERI 04 49 41.0 -04 58 45 0 *3                                    
I2097 ERI 04 50 23.8 -05 04 53 8 Irr  15.8   1.20   0.4 120     16134  
I2098 ERI 04 50 44.2 -05 25 08 8 Sc   14.5   2.10   0.3  95     16144  
I2099 ERI 04 50 51.9 -04 53 33 8 S0   15.0   1.10   0.4 135     16146  
I2100 ERI 04 51 15.1 -04 49 49 0 *2                                    
I2101 ERI 04 51 42.0 -06 13 52 8 Sc   14.5   1.70   0.4 145     16187  
I2102 ERI 04 51 55.2 -04 57 10 8 Sc   15.3   1.50   1.5         16197  
I2103 MEN 04 39 47.7 -76 50 14 8 Sc   14.7   1.80   0.3  89     15758  
I2104 LEP 04 56 18.9 -15 47 54 8 SBbc 13.1   2.50   1.1 110     16367  
I2105 DOR 04 49 26.7 -69 12 03 5 EN                                    
I2106 CAE 04 56 33.8 -28 30 16 8 SBb  13.8   1.70   0.9 157     16373  
I2107 ORI 04 58 20.7 +08 14 20 0 *Grp        1.00                      
I2108 LEP 04 57 16.8 -15 17 22 8 E-S0 14.0   1.30   1.0  15     16396  
I2109 ORI 04 58 59.1 -00 18 22 0 *                                     
I2110 ORI 04 59 01.8 -00 18 12 0 *                                     
I2111 DOR 04 51 51.4 -69 23 37 5 EN                                    
I2112 ORI 05 00 30.0 +04 23 09 8 S    15.0   0.50   0.2  30     16534  
I2113 LEP 04 59 31.7 -15 49 26 8 SBR  13.1   2.30   1.0  94     16499  
I2114 DOR 04 54 23.7 -69 11 06 5 EN                                    
I2115 DOR 04 56 49.2 -66 24 33 5 EN         25.00                      
I2116 DOR 04 56 49.2 -66 24 33 5 EN         25.00                      
I2117 DOR 04 57 15.8 -68 25 05 3 OCL+                                  
I2118 ERI 05 04 30.4 -07 15 55 5 RN        180.00  60.0                      Witch Head Nebula
I2119 LEP 05 06 50.9 -20 20 47 8 Sb   14.7   1.10   0.7  50     16759  
I2121 LEP 05 19 44.7 -25 03 54 8 SB0  13.8   1.90   1.1 160     17110  
I2122 COL 05 19 01.4 -37 05 23 8 E-S0 13.8   1.50   1.3         17081  
I2123 ORI 05 21 56.7 +03 29 09 8 Sab  14.6   1.00   0.7  30     17180  3298    
I2124 ORI 05 21 58.7 +03 28 54 8 S0   14.8   0.90   0.7 135     17181  3299    
I2125 LEP 05 24 28.1 -27 00 59 8 S0   14.4   1.00   0.7 120     17238  
I2126 DOR 05 21 58.8 -67 57 27 5 EN                                    
I2127 DOR 05 22 14.6 -67 58 34 5 EN                                    
I2128 DOR 05 22 47.7 -68 04 12 3 OCL                                   
I2130 LEP 05 31 50.3 -23 08 46 8 SBd  13.8   1.80   0.9 103     17402  
I2131 LEP 05 32 18.5 -17 13 28 8 E    14.5   0.60   0.6         17409  
I2132 LEP 05 32 28.6 -13 55 38 8 Sa   14.5   1.50   0.8 175     17415  
I2133 CAM 05 42 03.9 +69 22 41 8 SBbc 11.7   4.50   3.1  85     17625  3334    
I2134 MEN 05 23 07.2 -75 26 47 4 GCL                                   
I2135 COL 05 33 13.2 -36 24 00 8 Sc   13.3   2.80   0.6 109     17433  
I2136 COL 05 33 13.2 -36 24 00 8 Sc   13.3   2.80   0.6 109     17433  
I2137 LEP 05 34 21.5 -23 32 02 8 Sab  13.9   1.20   0.8  88     17463  
I2138 LEP 05 34 21.5 -23 32 02 8 Sab  13.9   1.20   0.8  88     17463  
I2139 LEP 05 35 15.2 -17 56 04 0 *3                                    
I2140 MEN 05 33 22.0 -75 22 31 4 GCL                                   
I2141 PIC 05 42 22.3 -51 01 59 0 *3                                    
I2142 MEN 05 33 08.9 -78 01 12 8 S?   15.5   0.80   0.4  31     17430  
I2143 LEP 05 46 52.4 -18 43 35 8 SBb  13.4   2.00   0.8  98     17810  
I2144 TAU 05 50 18.0 +23 52 00 5 EN          1.00                      
I2145 DOR 05 40 23.9 -69 40 17 5 EN                                    
I2146 MEN 05 37 46.0 -74 46 50 4 GCL                                   
I2148 MEN 05 39 12.0 -75 33 45 4 GCL                                   
I2149 AUR 05 56 23.9 +46 06 17 6 PN   11.2   0.16                      
I2150 COL 05 51 18.5 -38 19 18 8 Sc   13.6   2.60   0.8  84     18000  
I2151 LEP 05 52 36.8 -17 47 17 8 SBbc 14.2   1.50   0.9  99     18040  
I2152 LEP 05 57 53.3 -23 10 52 8 SBR  13.4   1.70   1.2  30     18148  
I2153 COL 06 00 04.8 -33 55 12 8 S+S? 14.2   1.10   0.8  69     18212  
I2154 LEP 06 01 08.0 -23 40 24 8 SBc  12.1   2.90   2.0 140     18258  
I2156 GEM 06 04 52.6 +24 09 27 0 *Grp                                  
I2157 GEM 06 04 50.5 +24 03 58 3 III2  8.4   5.00                      
I2158 COL 06 05 17.9 -27 51 27 8 SBab 12.9   1.70   1.3  90     18388  
I2159 ORI 06 09 54.0 +20 25 00 5 EN                                    
I2160 MEN 05 55 28.7 -76 55 15 8 SBc  13.8   2.10   0.8 107     18092  
I2161 MEN 05 57 26.9 -75 08 22 4 GCL                                   
I2162 ORI 06 12 54.0 +17 59 00 5 EN          4.00   4.0                
I2163 CMA 06 16 28.0 -21 22 37 8 SBc  12.4   3.00   1.2  98     18751  
I2164 MEN 06 06 52.4 -75 21 56 8 Sab  14.6   1.10   0.9 108     18424  
I2165 CMA 06 21 42.7 -12 59 14 6 PN   12.9   0.07                      
I2166 LYN 06 26 55.8 +59 04 45 8 SBbc 13.2   3.00   2.1 115     19064  3463    
I2167 MON 06 31 06.9 +10 27 20 5 RN+*       25.00  20.0                
I2168 AUR 06 33 47.7 +44 41 08 0 *2                                    
I2169 MON 06 31 00.3 +09 53 51 5 RN         25.00  20.0                
I2172 MON 06 46 51.2 +01 18 54 5 EN          3.00                      
I2173 GEM 06 50 52.0 +33 27 42 8 E    15.3   0.20   0.2         19714  
I2174 CAM 07 09 05.0 +75 21 11 8 SBa  14.5   0.90   0.7         20252  3666    
I2175 GEM 07 08 39.6 +35 17 15 0 *2                                    
I2176 GEM 07 07 31.8 +32 28 11 8 S    15.3   0.40   0.4         20193  
I2177 MON 07 05 06.0 -10 42 00 5 EN         20.00  20.0                
I2178 GEM 07 07 37.6 +32 30 45 8 S    15.8   0.40   0.2 130     20196  
I2179 CAM 07 15 32.3 +64 55 32 8 E    13.5   1.70   1.7         20516  3750    
I2180 GEM 07 11 19.5 +26 22 13 8 Sa-b 14.8   1.10   0.8   0     20344  3727    
I2181 GEM 07 13 10.3 +18 59 45 8 Sa-b 14.9   0.90   0.5 140     20417  3744    
I2182 GEM 07 14 11.0 +18 56 40 8 S    15.8   0.50   0.5                
I2184 CAM 07 29 24.9 +72 07 41 8 Sbc  14.1   0.80   0.7         21123  3852    
I2185 GEM 07 23 16.1 +32 29 39 8 Sc   15.0   0.60   0.4 135     20889  
I2186 GEM 07 22 43.1 +21 30 47 8 S    15.1   0.90   0,6  95     20858  
I2187 GEM 07 22 43.3 +21 28 56 8 E-S0 15.2   0.40   0.4         20857  
I2188 GEM 07 22 43.1 +21 30 47 8 S    15.1   0.90   0.6  95     20858  
I2189 CMI 07 24 57.8 +08 54 28 0 *                                     
I2190 AUR 07 29 54.3 +37 27 04 8 SBbc 14.8   0.90   0.5  21     21144  3880    
I2191 GEM 07 30 17.4 +24 19 40 8 S0   15.1   0.90   0.7         21163  
I2192 GEM 07 33 19.8 +31 33 10 8 C    16.0   0.30   0.3                
I2193 GEM 07 33 23.6 +31 28 58 8 Sb   14.5   1.50   0.9  90     21276  3902    
I2194 GEM 07 33 40.2 +31 20 02 8 S?   15.1   1.10   0.3  45     21285  
I2196 GEM 07 34 09.7 +31 24 20 8 E    13.8   1.40   1.1 150     21300  3910    
I2197 GEM 07 34 18.9 +31 20 12 8 S    16.2   0.40   0.4                
I2198 GEM 07 34 11.1 +23 57 57 8 E    15.1   0.40   0.4         21298  
I2199 GEM 07 34 55.6 +31 16 31 8 SBc  13.8   1.10   0.6  25     21328  3915    
I2200 CAR 07 28 17.4 -62 21 12 8 Sb   14.0   1.20   0.7  58     21075  
I2201 GEM 07 36 16.8 +33 07 21 8 Sa   14.9   1.30   0.3  67     21372  3926    
I2202 VOL 07 27 54.9 -67 34 30 8 Sbc  13.6   2.00   0.7 165     21057  
I2203 GEM 07 40 33.6 +34 13 46 8 SBc  14.3   1.20   1.0 160     21555  3958    
I2204 GEM 07 41 18.1 +34 13 51 8 SBab 14.6   1.00   1.0         21581  3965    
I2205 GEM 07 46 54.5 +26 52 20 8 S    14.9   0.50   0.3  45     21773  
I2206 PUP 07 45 46.1 -34 22 13 0 *2    9.5                             
I2207 GEM 07 49 50.8 +33 57 43 8 Sc   15.2   2.00   0.3 124     21918  4040    
I2208 GEM 07 52 07.9 +27 29 01 8 S0   15.0   1.00   0.7  20     22040  
I2209 CAM 07 56 14.2 +60 18 12 8 SBb  14.3   1.10   0.9 145     22232  4093    
I2210 LYN 07 56 56.8 +56 40 58 0 *2                                    
I2211 GEM 07 57 45.6 +32 33 29 8 Sa   14.9   0.80   0.4 140     22314  4119    
I2212 GEM 07 58 57.1 +32 36 44 8 S    15.2   0.50   0.5         22371  
I2213 GEM 07 59 06.5 +27 27 50 8 Sb   15.3   0.80   0.6  45     22372  
I2214 LYN 07 59 53.8 +33 17 23 8 SBab 14.5   0.70   0.7         22417  4143    
I2215 GEM 07 59 30.0 +24 54 00 0 *3                                    
I2216 CMI 07 59 27.7 +05 36 50 0 *2                                    
I2217 CNC 08 00 49.8 +27 29 59 8 S?   14.4   0.60   0.4  80     22476  4160    
I2218 CNC 08 01 38.4 +24 25 53 8 S    15.7   0.60   0.2  15     22509  
I2219 CNC 08 02 36.5 +27 26 12 8 Sc   14.4   1.30   0.6 175     22565  4180    
I2220 CAR 07 56 51.3 -59 07 31 5 EN+*        6.00   4.0                      Butterfly Nebula
I2221 LYN 08 05 08.0 +37 27 00 8 E    16.2   0.20   0.2                
I2222 LYN 08 05 14.8 +37 28 19 8 SBbc 15.3   0.40   0.2 120     22700  
I2223 LYN 08 05 50.3 +37 27 33 8 C    15.5   0.40   0.4                
I2224 LYN 08 05 50.3 +37 27 33 3 C    15.5   0.40   0.4                
I2225 LYN 08 05 28.1 +35 56 47 8 SB0- 14.9   0.90   0.7         22708  
I2226 CNC 08 06 11.1 +12 32 37 8 Sab  14.2   1.30   1.1         22747  4220    
I2227 LYN 08 07 07.1 +36 13 58 8 E-S0 14.9   0.70   0.7  25     22787  
I2228 CNC 08 07 05.6 +08 01 29 0 *                                     
I2229 CNC 08 09 45.7 +25 52 48 8 S    16.0   0.30   0.2  10     22903  
I2230 CNC 08 10 56.5 +25 41 05 8 C    15.6   0.30   0.2 160     22944  
I2231 CMI 08 11 01.4 +05 05 13 8 E    14.7   1.40   1.4         22950  4265    
I2232 LYN 08 12 57.8 +36 15 11 8 SBb  12.7   2.30   1.2  45     23028  4273    
I2233 LYN 08 13 59.0 +45 44 21 8 SBcd 13.0   4.60   0.5 172     23071  4278    
I2234 LYN 08 13 51.6 +35 29 34 8 E    16.5   0.30   0.3                
I2235 CNC 08 13 34.1 +24 04 39 0 *2                                    
I2236 CNC 08 13 37.6 +24 02 53 0 *3                                    
I2238 CNC 08 14 08.6 +24 39 40 0 *                                     
I2239 CNC 08 14 06.7 +23 51 57 8 S0   14.9   1.30   1.1         23078  
I2241 CNC 08 15 03.1 +24 08 24 0 *                                     
I2242 CNC 08 15 08.3 +24 08 47 0 *                                     
I2243 CNC 08 15 18.5 +23 57 43 0 *                                     
I2244 CNC 08 15 22.3 +24 32 43 0 *                                     
I2245 CNC 08 15 28.4 +24 32 06 0 *                                     
I2247 CNC 08 15 59.0 +23 11 57 8 Sbc  14.0   1.80   0.3 150     23169  4299    
I2248 CNC 08 16 04.7 +23 08 02 8 S?   15.2   0.40   0.3  50     23176  
I2249 CNC 08 16 34.5 +24 29 33 8 S?   16.5   0.30   0.3         23202  
I2250 CNC 08 16 32.3 +23 37 55 8 P    16.5   0.20   0.2                
I2251 CNC 08 16 38.9 +23 56 56 0 *2                                    
I2252 CNC 08 16 42.0 +24 41 34 0 *                                     
I2253 CNC 08 16 33.9 +21 24 35 8 E?   15.0   0.40   0.3 170     23204  
I2254 CNC 08 16 45.5 +24 46 47 8 S    15.2   0.30   0.2 120     23206  
I2255 CNC 08 16 42.0 +24 27 42 0 *Grp                                  
I2256 CNC 08 16 54.4 +24 10 34 8 Sc   15.3   0.70   0.3  10     23214  
I2258 CNC 08 17 13.9 +23 34 57 0 *2                                    
I2260 CNC 08 17 27.5 +24 40 22 0 *                                     
I2261 CNC 08 17 32.7 +23 30 32 0 *                                     
I2262 CNC 08 17 22.5 +18 27 12 0 *                                     
I2264 CNC 08 17 44.9 +23 42 50 0 *                                     
I2265 CNC 08 17 50.4 +24 11 35 0 *                                     
I2266 CNC 08 17 38.4 +18 24 37 0 *                                     
I2267 CNC 08 18 01.5 +24 44 08 8 SBc  15.0   2.10   0.3 153     23266  4315    
I2268 CNC 08 18 06.5 +24 47 44 8 C    15.5   0.20   0.2         23273  
I2269 CNC 08 18 08.6 +23 02 48 8 S    15.6   0.50   0.1  30     23278  
I2270 CNC 08 18 00.4 +19 05 50 0 *2                                    
I2271 CNC 08 18 19.7 +24 31 37 8 C    15.2   0.30   0.2 135     23283  
I2272 CNC 08 18 06.6 +18 44 02 0 *2                                    
I2273 CNC 08 18 12.9 +18 24 02 0 *                                     
I2274 CNC 08 18 14.2 +18 39 54 0 *3                                    
I2275 CNC 08 18 13.7 +18 24 39 0 *                                     
I2277 CNC 08 18 32.5 +18 38 58 0 *                                     
I2279 CNC 08 18 35.5 +18 34 05 0 *                                     
I2280 CNC 08 18 38.5 +18 26 59 0 *                                     
I2281 CNC 08 18 54.2 +18 54 32 0 *                                     
I2282 CNC 08 19 15.6 +24 47 33 8 Sb   14.7   1.00   0.8         23333  
I2283 CNC 08 19 17.5 +24 47 09 0 *                                     
I2284 CNC 08 18 58.7 +18 36 21 0 *                                     
I2285 CNC 08 19 02.9 +18 54 53 0 *2                                    
I2286 CNC 08 19 04.0 +18 57 17 0 *                                     
I2288 CNC 08 19 22.3 +23 44 48 8 Sbc  15.6   0.60   0.3  70     23342  
I2289 CNC 08 19 06.9 +18 31 21 0 *                                     
I2290 CNC 08 19 15.7 +19 18 47 8 E    15.3   0.40   0.3 150     23334  
I2291 CNC 08 19 18.2 +18 30 27 0 *                                     
I2292 CNC 08 19 22.0 +19 33 45 0 *                                     
I2293 CNC 08 19 32.1 +21 23 38 8 Sab  15.1   0.90   0.7         23352  
I2295 CNC 08 19 25.9 +18 24 39 0 *                                     
I2296 CNC 08 19 28.5 +18 53 53 0 *                                     
I2297 CNC 08 20 04.7 +18 22 51 0 *                                     
I2298 CNC 08 20 07.1 +18 24 08 0 *                                     
I2299 CNC 08 20 09.7 +19 20 15 0 *2                                    
I2300 CNC 08 20 12.7 +18 25 10 0 *                                     
I2301 CNC 08 20 13.9 +18 26 02 0 *                                     
I2302 CNC 08 20 17.3 +19 21 22 0 *                                     
I2303 CNC 08 20 19.4 +19 25 07 0 *                                     
I2304 CNC 08 20 35.8 +19 26 20 0 *2                                    
I2305 CNC 08 20 40.2 +19 27 08 0 *                                     
I2306 CNC 08 20 39.5 +19 06 34 0 *                                     
I2307 CNC 08 20 42.9 +19 26 25 8 S    15.3   0.60   0.3 165     23417  
I2308 CNC 08 20 45.3 +19 21 40 8 Sc   15.6   0.60   0.3  90     23415  4355    
I2309 CNC 08 20 43.6 +18 23 48 8 S    15.4   0.80   0.2   5     23416  
I2310 CNC 08 20 46.3 +18 27 46 0 *                                     
I2311 PUP 08 18 45.9 -25 22 14 8 E    12.5   2.10   1.9         23304  
I2312 CNC 08 20 53.2 +18 30 28 8 S    16.0   0.40   0.4                
I2313 CNC 08 20 54.6 +18 30 52 0 *                                     
I2314 CNC 08 21 03.7 +18 45 45 0 *2                                    
I2316 CNC 08 21 15.3 +19 45 34 0 *2                                    
I2317 CNC 08 21 26.2 +18 50 02 0 *2                                    
I2318 CNC 08 21 32.8 +18 37 21 0 *                                     
I2319 CNC 08 21 33.1 +18 28 32 0 *                                     
I2320 CNC 08 21 35.4 +18 40 11 0 *                                     
I2321 CNC 08 21 39.1 +18 28 05 0 *                                     
I2322 CNC 08 21 39.0 +18 29 00 0 *                                     
I2323 CNC 08 21 41.3 +18 36 46 0 *                                     
I2324 CNC 08 21 57.8 +19 12 00 0 *                                     
I2325 CNC 08 22 08.7 +18 55 24 0 *                                     
I2326 CNC 08 22 14.0 +19 01 10 0 *                                     
I2327 HYA 08 21 28.0 +03 10 06 8 Sa   14.0   1.40   0.4 168     23447  4356    
I2329 CNC 08 22 19.4 +19 24 54 8 Sd   14.8   2.10   0.4 117     23483  4365    
I2330 CNC 08 22 23.2 +18 51 10 0 *                                     
I2332 CNC 08 22 39.7 +19 55 19 0 *                                     
I2333 CNC 08 23 01.0 +19 04 52 0 *                                     
I2334 CNC 08 23 00.0 +18 36 50 0 *                                     
I2335 CNC 08 23 07.1 +19 24 25 8 E    16.2   0.30   0.2 170            
I2336 CNC 08 23 19.1 +18 32 12 0 *                                     
I2337 CNC 08 23 20.3 +18 32 06 8 S    15.7   0.30   0.1  45     23529  
I2338 CNC 08 23 32.7 +21 20 14 8 SBc  14.7   0.50   0.4         23542  4383    
I2339 CNC 08 23 34.2 +21 20 49 8 SBc  15.1   1.10   0.6  60     23545  4383    
I2340 CNC 08 23 30.2 +18 44 56 8 S0   14.4   1.00   1.0         23544  
I2341 CNC 08 23 41.4 +21 26 04 8 E-S0 14.7   1.30   0.6   1     23552  4384    
I2342 CNC 08 23 32.2 +18 34 44 0 *                                     
I2343 CNC 08 23 54.1 +19 01 30 0 *                                     
I2344 CNC 08 23 54.9 +18 39 32 0 *                                     
I2346 CNC 08 24 10.5 +19 42 18 0 *2                                    
I2348 CNC 08 24 20.2 +20 32 00 8 S?   15.7   0.70   0.4  90     23589  
I2349 CNC 08 24 18.4 +18 59 40 0 *                                     
I2351 CNC 08 24 30.3 +18 35 16 0 *                                     
I2352 CNC 08 24 40.0 +19 36 06 0 *                                     
I2353 CNC 08 24 37.6 +18 39 21 0 *                                     
I2354 CNC 08 24 43.7 +18 40 12 0 *                                     
I2355 CNC 08 24 51.7 +20 27 41 0 *2                                    
I2356 CNC 08 25 00.8 +19 29 48 0 *                                     
I2357 CNC 08 25 04.6 +19 30 29 0 *                                     
I2358 CNC 08 25 05.2 +19 29 41 0 *                                     
I2359 CNC 08 25 12.1 +20 20 01 8 SBab 13.9   1.20   1.2         23630  4391    
I2361 CNC 08 25 44.4 +27 52 27 8 SBab 14.9   1.10   0.5  78     23646  4394    
I2362 CNC 08 25 41.5 +19 56 26 0 *2                                    
I2363 CNC 08 25 45.5 +19 26 53 8 SBbc 14.9   0.90   0.8         23650  
I2364 CNC 08 25 51.5 +19 45 31 0 *2                                    
I2365 CNC 08 26 18.0 +27 50 24 8 SB0  14.7   1.10   0.9  45     23673  4402    
I2366 CNC 08 26 18.0 +27 50 24 8 SB0  14.7   1.10   0.9  45     23673  4402    
I2367 PUP 08 24 10.0 -18 46 35 8 SBR  12.5   2.60   1.8  55     23579  
I2368 CNC 08 26 01.3 +19 52 57 0 *                                     
I2369 CNC 08 26 16.2 +20 13 54 0 *                                     
I2370 CNC 08 26 22.9 +19 38 14 0 *                                     
I2371 CNC 08 26 37.0 +19 47 52 0 *                                     
I2372 CNC 08 26 40.6 +19 52 56 0 *                                     
I2373 CNC 08 26 49.0 +20 21 51 8 SBc  15.1   1.10   1.1         23695  4409    
I2374 CNC 08 28 22.2 +30 26 33 8 SBb  15.5   0.60   0.5         23758  
I2375 PUP 08 26 19.6 -13 18 13 8 SBb  14.5   1.90   0.4  83     23672  
I2376 CNC 08 28 26.1 +30 24 25 8 S?   15.3   0.70   0.4  70     23765  
I2377 PUP 08 26 26.0 -13 18 27 8 SB0- 14.5   1.00   0.7  35     23681  
I2378 CNC 08 28 31.6 +30 25 50 8 S0   15.3   0.80   0.8         23771  
I2379 PUP 08 26 27.7 -13 17 38 8 Sa   14.5   1.00   0.6 150     23683  
I2380 CNC 08 28 43.8 +30 24 16 8 Sa   15.5   0.50   0.5         23777  
I2381 CNC 08 28 21.8 +19 47 26 0 *2                                    
I2382 CNC 08 28 46.1 +22 03 10 8 S?   15.1   0.40   0.2 165     23787  
I2383 CNC 08 29 41.4 +30 41 15 8 E    15.7   0.30   0.3         23829  
