I1498 233153.5 -050023 14.6  8   1.9   0.6  11  71677 MCG -1-60-2           
I1499 233157.0 -132622       1   0.0   0.0   0                              
I1500 233309.5 +043309 15.4  8   0.5   0.3  10  71727 ZWG 407.6             
I1501 233440.1 -030913 14.6  8   1.6   0.7 136  71786 MCG -1-60-9           
I1502 233620.1 +753851 14.8  8   1.1   0.3  52  71864 UGC 12706             
I1503 233827.2 +044805 14.4  8   0.9   0.4  65  71982 UGC 12715             
I1504 234119.6 +040106 14.4  8   1.7   0.5  94  72117 UGC 12734             
I1505 234137.0 -033353 14.8  8   0.9   0.7 156  72133 MCG -1-60-20          
I1506 234448.3 +044410 15.3  8   0.7   0.4 135  72291 MCG 1-60-29           
I1507 234533.0 +014121 14.6  8   1.3   0.5 134  72330 UGC 12770             
I1508 234555.1 +120340 13.9  8   2.0   0.5 168  72345 UGC 12773             
I1509 234716.6 -151826 15.9  8   1.4   0.2  12  72392 MCG -3-60-14          
I1510 235032.5 +020429 15.5  8   0.7   0.6 156        MCG 0-60-53           
I1510 235033.0 +020420 15.2  8   0.6   0.4  70  72589 MCG 0-60-53           
I1511 235100.4 +270346       1   0.0   0.0   0                              
I1512 235001.5 +270140       1   0.0   0.0   0                              
I1513 235329.2 +111904 15.1  8   1.0   0.3 107  72773 UGC 12832             
I1514 235416.5 -133511 15.4  8   0.9   0.3 153  72812 NGC 7776              
I1515 235604.1 -005919 14.5  8   1.2   1.0  13  72922 UGC 12848             
I1516 235607.1 -005501 13.9  8   1.8   1.6  65  72927 UGC 12852             
I1517 235618.9 -001820 14.8  8   0.8   0.8   0  72942 MCG 0-1-8             
I1518 235706.0 +122756 15.6  8   0.3   0.2  80  73010 ZWG 433.5             
I1519 235708.3 +122729 15.6  8   0.7   0.6   0  73011 ZWG 433.6             
I1520 235754.5 -140220 14.5  8   0.7   0.6 165  73057 MCG -2-1-7            
I1521 235859.7 -070846 16.0  8   0.5   0.3 110 170418                       
I1522 235903.4 +014313 15.1  8   1.0   0.3  12  73139 MCG 0-1-12            
I1523 235906.5 +065225 16.3  8   0.3   0.2  10        IC 5368               
I1524 235910.7 -040737 14.9  8   1.7   0.7  80  73143 MCG -1-1-12           
I1525 235915.7 +465322 13.2  8   1.9   1.4  20  73150 UGC 12883             
I1526 000131.5 +112048 15.1  8   0.5   0.3 129    117 ZWG 433.15            
I1527 000221.5 +040525 15.4  8   1.3   0.7 147    164 MCG 1-1-12            
I1528 000504.0 -070700       0   0.0   0.0   0                              
I1529 000513.1 -113008 14.6  8   1.2   1.1   0    364 MCG -2-1-19           
I1530 000719.3 +323633 13.6  8   1.5   0.3  38    569 NGC 7831              
I1531 000935.5 -321636 13.5  8   1.8   1.4 138    684 ESO 349-35            
I1532 000953.4 -642216 14.8  8   1.6   0.5  74    695 ESO 78-17             
I1533 001036.3 -072455       0   0.0   0.0   0                              
I1534 001345.4 +480907 15.3  8   1.0   0.5  72    910 UGC 125               
I1535 001357.2 +480927 15.1  8   1.3   0.3 170    922 UGC 131               
I1536 001418.9 +480838 15.4  8   0.7   0.5 171    949 MCG 8-1-32            
I1537 001551.2 -391542       8   0.0   0.0   0   1050 ESO 294-1             
I1538 001800.5 +300140       0   0.0   0.0   0                              
I1539 001822.4 +300444 14.2  8   1.6   1.4   0   1194 NGC 70                
I1540 001948.8 +234621 14.9  8   0.9   0.4  27   1276 UGC 186               
I1541 002002.0 +220002 15.3  8   0.6   0.2  32   1287 ZWG 478.55            
I1542 002041.4 +223534 15.0  8   0.7   0.5  78   1328 MCG 4-2-1             
I1543 002055.6 +215156 14.3  8   0.7   0.7   0   1333 UGC 198               
I1544 002117.6 +230527 14.6  8   1.2   0.8 150   1362 UGC 204               
I1545 002120.8 +215902 16.7  8   0.3   0.2   0        NPM1G +21.0015        
I1546 002129.1 +223023 15.6  8   0.9   0.3 129   1382 NGC 85B               
I1547 002136.0 +223100       0   0.0   0.0   0                              
I1548 002155.1 +220025 15.5  8   0.9   0.7  85   1407 ZWG 479.14            
I1549 002249.8 +065753 14.7  8   0.8   0.8   0   1464 UGC 218               
I1550 002427.8 +381107 15.1  8   0.9   0.6 159   1533 MCG 6-2-2             
I1551 002735.5 +085239 14.5  8   2.5   1.2  15   1700 UGC 268               
I1552 002943.9 +212835 15.4  8   0.9   0.2 127   1817 UGC 297               
I1553 003240.0 -253632 14.3  8   1.2   0.3  15   1977 ESO 473-26            
I1554 003040.0 -323204       0   0.0   0.0   0                              
I1555 003432.8 -300103 14.4  8   1.3   0.9 126   2071 ESO 410-21            
I1556 003506.0 -093300       0   0.0   0.0   0                              
I1557 003534.4 -025233 15.8  8   0.5   0.2 135   2130 MCG -1-2-37           
I1558 003547.1 -252228 12.8  8   3.3   2.4 150   2142 ESO 474-2             
I1559 003652.2 +235906 14.9  8   0.4   0.3  10   2201 MCG 4-2-34            
I1560 003742.0 +024000       0   0.0   0.0   0                              
I1561 003832.4 -242025 14.9  8   1.2   0.5  97   2305 ESO 474-8             
I1562 003833.8 -241626 13.6  8   1.6   1.5 170   2308 ESO 474-9             
I1563 003900.1 -090054 15.0  8   0.7   0.6 143   2332 NGC 191A              
I1564 003905.2 +060116 14.8  8   1.0   0.5  83   2342 UGC 399               
I1565 003926.2 +064403 14.4  8   1.0   1.0   0   2372 UGC 410               
I1566 003933.3 +064856 15.7  8   0.7   0.6 126  73393 DRCG 2-36             
I1567 003936.1 +063952 16.5  8   0.6   0.5 123  73395 DRCG 2-16             
I1568 003955.9 +065057 15.2  8   0.8   0.8   0   2404 MCG 1-2-52            
I1569 004028.0 +064311 15.6  8   0.4   0.4   0   2430 MCG 1-2-53            
I1570 004034.2 +064512 17.0  8   0.4   0.2 179  73426 DRCG 2-23             
I1571 004037.8 -001949 14.6  8   1.5   1.2  42   2440 UGC 432               
I1572 004118.0 +161600       0   0.0   0.0   0                              
I1573 004210.2 -233532 16.7  8   1.2   0.1  70   2521 ESO 474-13            
I1574 004304.0 -221446 14.4  8   2.1   0.8 175   2578 ESO 474-18            
I1575A004333.1 -040700 14.5  8   1.2   1.0  45   2602 MCG -1-3-2            
I1575B004333.6 -040710 14.0  8   1.5   1.0  30   2601 MCG -1-3-3            
I1576 004413.8 -250633 15.7  8   0.7   0.4 144   2630 ESO 474-20            
I1577 004334.4 -081108 14.1  8   1.0   0.8  25   2603 IC 48                 
I1578 004425.8 -250435 15.3  8   0.8   0.3  18   2637 ESO 474-21            
I1579 004532.2 -263352 15.0  8   0.9   0.6   5   2667 ESO 474-22            
I1580 004621.3 +295614       1   0.0   0.0   0                              
I1581 004546.4 -255510 16.2  8   0.9   0.2  46   2676 ESO 474-23            
I1582 004616.8 -241647 15.9  8   1.1   0.3  46   2701 ESO 474-24            
I1583 004710.2 +230428 15.7  8   0.5   0.3  21   2760 MCG 4-3-1             
I1584 004718.5 +274942 15.3  8   1.6   1.4  90   2766 UGC 489               
I1585 004714.2 +230315 15.6  8   0.8   0.5 108   2764 MCG 4-3-2             
I1586 004756.5 +222224 14.9  8   0.3   0.2   0   2813 MK 347                
I1587 004843.2 -233342 15.6  8   1.4   0.4  36   2852 ESO 474-31            
I1588 005057.7 -233331 16.4  8   0.7   0.3 155   2965 ESO 474-33            
I1589 005159.3 -342519       1   0.0   0.0   0        ESO 351-**13          
I1590 005206.8 +563630       5   0.0   0.0   0                              
I1591 005206.5 -224049 15.8  8   1.0   0.4  90   3054 NGC 276               
I1592 005327.1 +054611 15.1  8   1.0   0.7 165   3139 UGC 543               
I1593 005439.5 +323111       1   0.0   0.0   0                              
I1594 005345.2 -473852 15.2  8   1.3   0.4 130   3161 ESO 195-12            
I1595 005347.0 -451111 15.4  8   1.5   0.2  12   3162 ESO 243-8             
I1596 005442.7 +213123 14.8  8   1.8   0.6 120   3219 UGC 550               
I1597 005332.1 -580626 15.0  8   1.7   0.3 151   3144 ESO 112-10            
I1598 005441.7 +054627 15.0  8   1.0   0.5   2   3217 UGC 553               
I1599 005432.7 -232940 15.5  8   1.1   0.2 106   3210 ESO 474-42            
I1600 005504.2 -233128 15.6  8   0.8   0.4  88   3253 ESO 474-43            
I1601 005534.7 -240912 14.5  8   0.9   0.4 117   3287 ESO 474-44            
I1602 005551.8 -095907 15.3  8   0.7   0.6 174   3306 MCG -2-3-47           
I1603 005659.7 -452446 14.6  8   1.3   0.8 111   3401 ESO 243-14            
I1604 005733.9 -161348       0   0.0   0.0   0                              
I1605 005737.4 -485410 13.7  8   1.6   1.3 138   3436 ESO 195-19            
I1606 005824.0 -121100       0   0.0   0.0   0                              
I1607 005848.9 +003514 14.5  8   0.9   0.9   0   3512 UGC 611               
I1608 005924.2 -341947 13.7  8   2.0   0.9 170   3549 ESO 351-27            
I1609 005946.7 -402001 13.6  8   1.4   1.4   0   3567 ESO 295-26            
I1610 010142.7 -153404 13.8  8   1.4   1.0 110   3681 MCG -3-3-20           
I1611 005948.7 -721957       3   1.0   0.0   0        ESO 29-SC27           
I1612 005959.6 -722215       3   0.7   0.0   0        ESO 29-SC28           
I1613 010454.2 +020802  9.9  8  16.6  14.9  50   3844 UGC 668               
I1614 010506.9 +331125 17.6  8   0.3   0.3   0        NPM1G +32.0038        
I1615 010406.8 -510758 14.3  8   1.3   0.6 143   3812 ESO 195-27            
I1616 010456.1 -272544 13.3  8   1.6   1.4   4   3846 ESO 412-4             
I1617 010416.7 -510157 14.6  8   1.4   0.6 125   3818 ESO 195-28            
I1618 010555.9 +322446 15.7  8   1.2   0.5 159   3899 UGC 671               
I1619 010722.4 +330401 15.5  8   0.7   0.5 102   3975 MCG 5-3-54            
I1620 010714.0 +135718 14.2  8   1.0   0.7  90   3960 UGC 681               
I1621 010622.6 -464331 14.6  8   1.3   0.4   3   3915 ESO 243-28            
I1622 010736.6 -173219 14.6  8   0.7   0.5 165   3997 ESO 541-22            
I1623 010746.8 -173024 14.5  4   0.9   0.7  12   4007 IC 1623A              
I1623 010748.1 -173024 15.5  8   0.7   0.6  12   4009 IC 1623B              
I1623A010746.8 -173024 14.5  4   0.9   0.7  12   4007 IC 1623-1             
I1623B010748.1 -173024 15.5  8   0.7   0.6  12   4009 IC 1623-2             
I1624 010521.9 -720233       3   0.7   0.0   0        ESO 51-SC17           
I1625 010742.6 -465430 13.0  8   1.6   1.2   7   4001 ESO 243-33            
I1626 010613.4 -731753       3   0.0   0.0   0        ESO 29-SC30           
I1627 010810.8 -460538 13.7  8   2.5   0.6 139   4027 ESO 243-34            
I1628 010847.5 -283456 13.5  8   1.1   1.1   0   4075 ESO 412-7             
I1629 010918.1 +023405 15.4  8   0.4   0.3  50   4122 ZWG 385.9             
I1630 010816.8 -464515 15.2  8   1.5   0.3  65   4036 ESO 243-36            
I1631 010844.7 -462831 14.2  8   0.9   0.6  82   4068 ESO 243-40            
I1632 011043.4 +174100 16.5  8   0.2   0.2   0   4205 DRCG 5-52             
I1633 010955.5 -455553 12.4  8   2.6   2.4  93   4149 ESO 243-46            
I1634 011103.0 +173945 15.7  8   0.4   0.4   0   4232 UGC 740               
I1635 011103.6 +173906 15.7  8   0.3   0.3   0   4231 UGC 739               
I1636 011137.3 +332118 15.2  8   0.3   0.2  90   4280 ZWG 501.125           
I1637 011101.2 -302619 13.5  8   1.7   1.3  90   4227 ESO 412-10            
I1638 011221.7 +332154 15.1  8   0.7   0.7   0   4338 MCG 5-3-82            
I1639 011146.5 -003950 14.1  8   0.9   0.8 100   4292 UGC 750               
I1640 011151.2 -003750 15.4  8   0.2   0.2   0   4299 ZWG 385.24            
I1641 010939.1 -714608       3   0.0   0.0   0        ESO 51-SC21           
I1642 011227.3 +154502 16.5  8   0.4   0.4   0  95507 IC 1645               
I1643 011208.5 -002435 15.2  8   0.8   0.8   0   4328 MCG 0-4-33            
I1644 010912.0 -731144       5   0.0   0.0   0        ESO 29-EN35           
I1645 011227.3 +154502 16.5  8   0.4   0.4   0  95507 IC 1642               
I1646 011243.8 +154225 15.3  8   0.5   0.5   0   4357 MCG 2-4-9             
I1647 011314.5 +385307 15.7  8   0.7   0.3  39   4390 MCG 6-3-24            
I1648 011342.2 +331305 15.3  8   0.4   0.3 132   4417 ZWG 501.131           
I1649 011150.8 -555124 14.7  8   1.7   0.3 136   4298 ESO 151-30            
I1650 011218.9 -502407 14.4  8   1.3   0.7  62   4334 ESO 195-34            
I1651 011327.5 +020422       1   0.0   0.0   0                              
I1652 011456.5 +315652 14.5  8   1.1   0.3 169   4498 UGC 792               
I1653 011507.5 +332240 14.5  8   0.8   0.7  57   4512 NGC 443               
I1654 011511.8 +301143 14.3  8   1.3   1.2  42   4520 UGC 798               
I1655 011153.8 -711954       3   1.0   0.0   0        ESO 51-SC23           
I1656 011537.9 +330359 14.5  8   2.2   2.2   0   4550 NGC 447               
I1657 011406.8 -323902 13.2  8   2.4   0.6 170   4440 IC 1663               
I1658 011549.6 +310450 14.9  8   1.9   0.4 157   4561 NGC 444               
I1659 011606.2 +302054 14.2  8   1.2   0.9  20   4584 UGC 812               
I1660 011238.4 -714541       3   0.0   0.0   0        ESO 51-SC24           
I1661 011612.4 +330349 14.9  8   0.7   0.5  35   4594 NGC 451               
I1662 011233.3 -732725       3   0.0   0.0   0        ESO 29-SC37           
I1663 011406.8 -323902 13.2  8   2.4   0.6 170   4440 IC 1657               
I1664 011416.2 -694852       1   0.0   0.0   0                              
I1665 011745.0 +344206       1   0.0   0.0   0                              
I1666 011953.4 +322800 14.3  8   1.1   1.0  72   4782 UGC 857               
I1667 011842.2 -170301 14.5  8   1.0   0.9  69   4694 MCG -3-4-39           
I1668 011853.2 +331020 16.0  8   0.3   0.3   0   4712 ZWG 502.24            
I1669 012006.9 +331102 15.6  8   1.0   0.2   5   4802 ZWG 502.32            
I1670 011848.7 -164813 14.4  8   1.9   0.4 126   4707 IC 1670A              
I1670 011852.8 -164811 14.6  8   1.4   0.4  94   4711 IC 1670B              
I1670A011848.7 -164813 14.4  8   1.9   0.4 126   4707 IC 1670-1             
I1670B011852.8 -164811 14.6  8   1.4   0.4  94   4711 IC 1670-2             
I1671 011902.2 -170340 14.0  8   1.3   0.6 170   4724 IC 93                 
I1672 012038.3 +294156 13.9  8   1.3   1.0 140   4848 UGC 872               
I1673 012046.3 +330244 15.1  8   0.3   0.3   0   4855 ZWG 502.38            
I1674 011849.0 -503827       0   0.0   0.0   0                              
I1675 012100.1 +341456 14.5  8   0.8   0.3  69   4876 UGC 879               
I1676 012058.5 +301536 15.4  8   0.5   0.4   0   4871 ZWG 502.41            
I1677 012107.1 +331256 15.0  8   0.9   0.5 120   4891 MCG 5-4-25            
I1678 012102.6 +053337 15.4  8   0.4   0.4   0   4875 ZWG 411.28            
I1679 012144.5 +332934 15.7  8   0.5   0.4  54   4944 MCG 5-4-27            
I1680 012151.4 +331655 15.3  8   0.7   0.5  90   4956 MCG 5-4-28            
I1681 012121.2 +000526 14.8  8   1.0   0.5  99   4916 UGC 894               
I1682 012213.4 +331535 14.5  8   0.8   0.4 126   4983 UGC 912               
I1683 012239.1 +342614 14.2  8   1.3   0.6 177   5008 UGC 916               
I1684 012253.2 +332447 15.8  8   0.6   0.3 125 169770                       
I1685 012306.7 +331127 15.5  8   0.5   0.4  25 169771                       
I1686 012311.5 +332735 13.2  8   1.7   1.3  84   5060 NGC 499               
I1687 012319.3 +331637 14.7  8   0.5   0.3   3   5074 MCG 5-4-39            
I1688 012328.2 +330458 16.0  8   0.4   0.3  40 169774                       
I1689 012348.0 +330318 14.8  8   0.9   0.5 165   5108 MCG 5-4-46            
I1690 012349.5 +330925 15.4  8   0.5   0.3 135   5110 ZWG 502.71            
I1691 012425.9 +332424 16.0  8   0.4   0.3 115 169777                       
I1692 012439.7 +331407 15.6  8   0.4   0.3 140   5203 ZWG 502.76            
I1693 012402.3 -013925 16.2  8   0.5   0.2 162  73940 DRCG 7-20             
I1694 012447.7 +013628 14.9  8   0.6   0.4   3   5221 ZWG 385.111           
I1695 012507.5 +084157 15.0  8   0.7   0.7   0   5245 UGC 977               
I1696 012452.4 -013702 14.6  8   0.9   0.8  10   5231 UGC 973               
I1697 012502.9 +002642 14.6  8   0.9   0.6 110   5238 UGC 976               
I1698 012522.1 +145018 14.5  8   1.3   0.4 120   5261 UGC 983               
I1699 012505.6 +145440       0   0.0   0.0   0                              
I1700 012524.7 +145153 13.9  8   1.0   0.7  27   5271 IC 107                
I1701 012550.3 +181106 15.4  8   1.2   1.0  99   5309 UGC 1002              
I1702 012556.2 +163604 14.3  8   1.2   1.0 170   5321 UGC 1005              
I1703 012625.1 -013818 14.6  8   1.8   0.6 123   5351 NGC 557               
I1704 012709.5 +144633 14.1  8   1.1   0.8 165   5411 UGC 1027              
I1705 012644.8 -033006 14.5  8   0.9   0.7   3   5377 MCG -1-4-48           
I1706 012730.8 +144909 16.0  8   0.3   0.3   0   5433 ZWG 436.57            
I1706 012731.2 +144910 16.0  8   0.3   0.3   0        ZWG 436.57            
I1707 012755.0 +370741       0   0.0   0.0   0                              
I1708 012456.5 -711102       3   0.0   0.0   0        ESO 52-SC2            
I1709 012756.9 -354303 13.6  8   2.2   1.3 140   5468 NGC 568               
I1710 013046.4 +212625 13.6  8   1.7   1.6  66   5634 NGC 575               
I1711 013055.2 +171120 14.5  8   2.6   0.5  43   5643 UGC 1082              
I1712 013120.5 -065202 11.5  8   4.1   2.0  72   5663 NGC 584               
I1713 013243.7 +351930       1   0.0   0.0   0                              
I1714 013253.1 -130129 16.0  8   0.5   0.5   0                              
I1715 013334.4 +123508 14.6  8   0.7   0.5 100   5805 UGC 1115              
I1716 013326.8 -121828       1   0.0   0.0   0                              
I1717 013231.2 -673149       0   0.0   0.0   0        ESO 52-?5             
I1718 013826.9 +332155 15.1  8   0.6   0.3 129   6068 ZWG 503.2             
I1719 013735.8 -335527 13.8  8   1.6   1.2 174   6020 ESO 353-27            
I1720 014021.4 -285450 13.7  8   1.5   1.1 162   6180 ESO 413-19            
I1721 014124.4 +083134 14.2  8   1.0   0.5  94   6235 UGC 1187              
I1722 014302.7 -341117 14.7  8   1.5   0.5  50   6319 ESO 353-34            
I1723 014314.1 +085320 13.9  8   3.3   0.8  29   6332 UGC 1205              
I1724 014309.5 -341432 14.1  8   1.3   0.5 126   6328 ESO 353-35            
I1725 014511.9 +214636 15.3  8   0.3   0.3   0   6432 ZWG 460.22            
I1726 014519.6 +043709 14.6  8   0.3   0.2  24   6441 ZWG 412.25            
I1727 014730.0 +271957 12.0  8   5.7   2.4 150   6574 UGC 1249              
I1728 014744.4 -333606 14.1  8   1.3   0.8   3   6584 ESO 353-47            
I1729 014755.2 -265331 13.5  8   1.6   0.9 150   6598 ESO 477-4             
I1730 014957.9 +220046 15.4  8   0.8   0.5  65   6732 MCG 4-5-15A           
I1731 015012.5 +271146 14.1  8   1.5   1.0 140   6756 UGC 1291              
I1732 015048.0 +355559 15.0  8   1.5   0.4  62   6805 UGC 1307              
I1733 015042.9 +330456 14.3  8   1.2   1.0  50   6796 UGC 1301              
I1734 014916.8 -324436 13.4  8   1.6   1.4  28   6679 ESO 353-48            
I1735 015051.8 +330531 16.0  8   0.5   0.3 149   6812 6ZW 63                
I1736 015053.2 +181809 14.9  8   1.1   0.4 120   6814 UGC 1309              
I1737 015141.5 +361508       1   0.0   0.0   0                              
I1738 015107.7 -094735 15.3  8   0.9   0.7  80   6832 MCG -2-5-61           
I1739 015029.3 -340320 14.9  8   0.8   0.5  94   6777 ESO 354-1             
I1740 015116.6 -295638       0   0.0   0.0   0                              
I1741 015156.7 -164715 15.1  8   0.8   0.4 171   6900 MCG -3-5-23           
I1742 015314.3 +224316 15.1  8   0.8   0.5  36   6996 MCG 4-5-23            
I1743 015259.5 +124230 13.9  8   1.8   0.8  57   6982 NGC 716               
I1744 015338.8 +195027 14.5  8   1.4   1.1 150   7019 NGC 719               
I1745 015259.0 -164009 16.2  8   0.5   0.3 130 174317 NPM1G -16.0071        
I1746 015424.2 +044813 14.9  8   1.4   0.5  93   7076 UGC 1371              
I1747 015735.8 +631922 13.6  6   0.3   0.0   0        PK 130+1.1            
I1748 015608.8 +173828 14.6  8   1.0   0.7 130   7229 UGC 1403              
I1749 015611.0 +064444 14.6  8   0.9   0.7 149   7235 UGC 1407              
I1750 015618.7 +040435 15.5  8   0.9   0.2  64   7266 UGC 1412              
I1751 015620.9 +053743 12.3  8   3.0   2.9  90   7252 NGC 741               
I1752 015715.4 +283651 16.3  8   0.3   0.2 110   7337 MCG 5-5-32            
I1753 015719.3 +283522 15.0  8   0.4   0.4   0   7353 MCG 5-5-33            
I1754 015649.8 +040134 15.2  8   0.8   0.8   0   7307 UGC 1424              
I1755 015709.8 +143259 14.8  8   1.4   0.3 154   7341 UGC 1428              
I1756 015705.2 -002806 15.4  8   1.4   0.2 155   7328 UGC 1429              
I1757 015711.5 -002825 16.5  8   0.6   0.2  60 174458                       
I1758 015652.5 -163230 16.0  8   0.6   0.2  45 170024                       
I1759 015755.5 -325914 13.8  8   1.5   1.4 169   7400 IC 1760               
I1760 015755.5 -325914 13.8  8   1.5   1.4 169   7400 IC 1759               
I1761 015852.2 +003408 15.3  8   0.9   0.5  45   7484 ZWG 387.19            
I1762 015748.6 -331423 14.4  8   1.8   0.4  43   7393 ESO 354-17            
I1763 015911.5 -274841 14.7  8   1.0   0.8  32   7514 ESO 414-20            
I1764 020023.3 +243447 14.2  8   1.2   0.8 174   7603 UGC 1486              
I1765 020106.6 +315255 12.9  8   1.6   1.4  35   7657 NGC 783               
I1766 020105.4 +314512 17.3  8   0.4   0.4   0   7655 MCG 5-5-43            
I1767 015959.4 -110443 14.5  8   1.8   0.7  75   7568 MCG -2-6-12           
I1768 020049.8 -250135 14.0  8   0.7   0.7   0   7636 MCG -4-5-26           
I1769 020054.8 -315514 15.5  8   0.8   0.2  77   7645 ESO 414-21            
I1770 020214.4 +095851 14.9  8   1.0   0.7  63   7751 UGC 1522              
I1771 020215.8 +095807 15.3  8   0.5   0.5   0   7737 MCG 2-6-14            
I1772 020242.8 +074444 14.6  8   0.7   0.7   0   7781 MCG 1-6-33            
I1773 020402.2 +304957 14.7  8   1.4   0.3   7   7873 NGC 804               
I1774 020359.0 +151904 14.7  8   1.6   1.2 140   7863 UGC 1559              
I1775 020517.5 +133020 16.3  8   0.7   0.7   0   7958 MCG 2-6-23            
I1776 020515.1 +060620 14.0  8   1.3   1.1 159   7952 UGC 1579              
I1777 020608.6 +151236 15.6  8   0.7   0.7   0   8021 MCG 2-6-29            
I1778 020619.4 +091338 15.0  8   1.4   0.8  25   8026 IC 199                
I1779 020625.9 +034223 14.8  8   0.4   0.3 100   8039 ZWG 387.35            
I1780 020651.1 +144320 15.8  8   0.7   0.3   9   8070 MCG 2-6-32            
I1781 020652.8 -003105 15.3  8   0.4   0.4   0   8067 ZWG 387.37            
I1782 020720.0 -252630 13.8  8   1.7   1.3 102   8093 NGC 823               
I1783 021006.0 -325623 13.2  8   2.0   0.8   3   8279 ESO 354-46            
I1784 021612.8 +323857 14.1  8   1.4   0.7  88   8676 UGC 1744              
I1785 021621.0 +324001 15.7  8   0.9   0.4 144   8682 MCG 5-6-21            
I1786 021605.5 +050846 15.2  8   0.4   0.2 160   8662 ZWG 413.67            
I1787 021610.6 -115532 14.3  8   2.2   0.5  39   8673 IC 217                
I1788 021550.2 -311204 12.5  8   2.6   1.1  27   8649 ESO 415-15            
I1789 021751.3 +322344 14.7  8   2.2   0.4  27   8766 UGC 1763              
I1790 021737.9 +123033 15.6  8   1.0   0.3  65   8752 UGC 1762              
I1791 021741.3 +122813 14.4  8   1.0   1.0   0   8758 UGC 1764              
I1792 021901.1 +342742 14.7  8   1.1   0.7  33   8839 UGC 1781              
I1793 022132.2 +323239 14.8  8   1.5   0.5  34   8969 UGC 1816              
I1794 022130.1 +154544 15.2  8   0.9   0.7 108   8963 MCG 3-7-3             
I1795 022630.0 +620400       5  40.0  15.0   0        LBN 645               
I1796 022247.3 -412215 14.2  8   1.1   0.9  86   9041 ESO 298-38            
I1797 022527.9 +202344 15.4  8   0.7   0.2 138   9205 UGC 1880              
I1798 022615.5 +132551 16.5  8   0.3   0.3   0                              
I1799 022845.8 +455816 14.7  8   1.1   0.4  34   9432 UGC 1943              
I1800 022831.4 +312448       1   0.0   0.0   0                              
I1801 022812.9 +193459 14.6  8   1.6   0.6  40   9392 UGC 1936              
I1802 022913.9 +230500 14.6  8   1.3   1.1 115   9462 MCG 4-6-57            
I1803 022917.2 +230827 16.0  8   0.3   0.2   0   9462                       
I1804 022917.0 +230512 16.0  8   0.3   0.1  40                              
I1805 023241.4 +612725       3  20.0   0.0   0        OCL 352               
I1806 022934.9 +225638 16.1  8   0.7   0.5 135  95515 NPM1G +22.0100        
I1807 023030.9 +225701 15.7  8   0.4   0.4   0   9547 MCG 4-6-62            
I1808 023031.1 -041256 14.5  4   0.7   0.7   0   9545 NGC 963               
I1809 023140.5 +225503 14.9  8   0.9   0.7 128   9616 UGC 1996              
I1810 022926.6 -430436 14.2  8   1.3   1.0 122   9477 ESO 246-18            
I1811 023038.0 -341553 14.3  8   1.3   0.9   7   9555 ESO 355-20            
I1812 022931.8 -424841 13.2  8   2.0   1.6  24   9486 ESO 246-19            
I1813 023049.6 -341318 14.2  8   1.2   0.8 102   9567 ESO 355-22            
I1814 023105.7 -360205 13.5  8   2.1   0.5  31   9582 NGC 964               
I1815 023419.9 +322548 14.3  8   1.4   1.1 141   9794 UGC 2047              
I1816 023151.0 -364020 13.9  8   1.4   1.2 167   9634 ESO 355-25            
I1817 023349.5 +111212 15.3  8   0.4   0.2  10   9757 MCG 2-7-14            
I1817 023350.8 +111210 16.5  8   0.7   0.4 160   9764 MCG 2-7-15            
I1818 023407.1 -110225 15.4  8   0.5   0.5   0        NPM1G -11.0094        
I1819 023541.8 +040308 14.7  8   1.6   0.6  36   9858 ZWG 414.23            
I1820 023552.7 +060227 15.1  8   0.5   0.2  70   9866 ZWG 414.24            
I1821 023625.3 +134650 15.1  8   0.6   0.4  90   9898 ZWG 439.20            
I1821 023626.6 +134647 17.3  8   0.3   0.2   0        ZWG 439.20            
I1822 023542.3 -083344       1   0.0   0.0   0                              
I1823 023836.9 +320413 14.5  8   2.1   2.0  72  10013 UGC 2125              
I1824 024118.0 +613702       3   9.0   0.0   0                              
I1825 023855.5 +090549 14.7  8   1.2   0.8  15  10031 UGC 2138              
I1826 023903.7 -272635 13.7  8   1.7   1.4 137  10041 IC 1830               
I1827 023946.4 +013330 14.6  8   1.1   0.2 154  10087 UGC 2152              
I1828 024029.0 +191749 13.7  8   1.5   1.1   2  10127 NGC 1036              
I1829 024032.8 +141753 15.6  8   0.8   0.8   0  10131 ZWG 439.26            
I1830 023903.7 -272635 13.7  8   1.7   1.4 137  10041 IC 1826               
I1831 024300.0 +631300       5 120.0   0.0   0        CED 8                 
I1832 024157.6 +190150 15.3  8   0.7   0.6  30  10216 MCG 3-7-45            
I1833 024138.6 -281018 14.1  8   1.5   0.8  61  10205 ESO 416-7             
I1834 024248.0 +030502 15.0  8   0.9   0.8 156  10267 UGC 2189              
I1835 024349.0 +145322 15.4  8   0.5   0.5   0  10342 ZWG 439.27            
I1835 024348.6 +145313 16.5  8   0.3   0.2  25        ZWG 439.27            
I1836 024323.3 +030618 16.3  8   0.5   0.5   0  10306 MCG 0-7-87            
I1837 024331.3 +001825 14.2  8   1.5   0.5  11  10315 NGC 1072              
I1838 024443.0 +192718 15.3  8   0.5   0.3   0  10389 MCG 3-8-2             
I1838 024443.0 +192732 17.0  8   0.2   0.1   0        MCG 3-8-2             
I1839 024443.0 +151422 15.1  8   1.0   0.5  97  10394 UGC 2220              
I1840 024341.9 -154221 15.1  8   0.7   0.7   0  10333 NGC 1105              
I1841 024536.3 +185545 15.1  8   0.7   0.5  51  10442 ZWG 463.7             
I1842 024523.4 +112732 15.5  8   1.1   0.3  25  10428 ZWG 440.3             
I1843 024524.9 +025250 14.1  8   1.1   0.7  70  10429 UGC 2228              
I1844 024549.2 +031350 15.3  8   0.8   0.3 105  10448 MCG 0-8-7             
I1845 024537.1 -275739 14.0  8   1.4   0.8 123  10441 MCG -5-7-18           
I1846 024743.5 +131520 15.2  8   0.6   0.5 150  10573 NGC 1109              
I1847 024753.6 +143020 15.4  8   0.4   0.3 135  10580 ZWG 440.10            
I1848 025126.7 +602426       3  18.0   0.0   0        OCL 364               
I1849 024744.7 +092124 15.4  8   0.9   0.6  90  10582 MCG 1-8-2             
I1850 024839.3 +131533 16.0  8   0.5   0.2   5        NGC 1111              
I1851 025148.0 +581900       5   6.0   0.0   0        CED 10                
I1852 024900.4 +131325 14.6  8   1.2   0.9   3  10660 NGC 1112              
I1853 024804.3 -135936 15.0  8   1.1   0.4  91  10595 MCG -2-8-6            
I1854 024920.6 +191816 15.0  8   0.6   0.5 162  10684 MK 372                
I1855 024904.3 +132634 16.0  8   0.3   0.3   0                              
I1856 024850.8 -004602 14.4  8   1.1   0.6  60  10647 UGC 2291              
I1857 024938.8 +143712 15.1  8   1.0   0.5 150  10715 UGC 2312              
I1858 024908.4 -311722 14.1  8   1.7   0.5 176  10671 ESO 416-29            
I1859 024903.8 -311021 14.3  8   1.2   0.8  21  10665 ESO 416-28            
I1860 024933.7 -311123 13.4  8   2.2   1.7   6  10707 ESO 416-31            
I1861 025307.0 +252925 14.4  8   1.2   0.8 150  10905 UGC 2357              
I1862 025158.8 -332024 14.5  8   3.0   0.3   3  10858 ESO 356-15            
I1863 025450.7 +084706 15.7  8   0.4   0.4   0  10997 MCG 1-8-15            
I1864 025339.4 -341153 12.8  8   1.2   0.7  63  10925 ESO 356-17            
I1865 025520.0 +084941 14.8  8   1.5   1.1  90  11035 UGC 2391              
I1866 025452.9 -153910 15.0  8   1.1   0.7  90  10992 MCG -3-8-44           
I1867 025552.2 +091844 14.8  8   1.5   1.2  15  11070 UGC 2400              
I1868 025605.8 +092246 15.9  8   0.4   0.3  70        NPM1G +09.0089        
I1869 025811.7 +055012 15.4  8   0.6   0.2 120  11224 ZWG 415.44            
I1870 025753.5 -022048 13.8  8   2.8   1.6 132  11202 MCG -1-8-20           
I1871 025721.7 +604020       5   0.0   0.0   0                              
I1872 030434.9 +424834 16.0  1   0.0   0.0   0                              
I1873 030352.8 +093650 15.5  8   1.1   0.7  24  11541 MCG 1-8-39            
I1873 030352.4 +093637 17.0  8   0.2   0.2   0        MCG 1-8-39            
I1874 030621.9 +360054 14.6  8   1.0   0.7  96  11652 MCG 6-7-39            
I1875 030356.6 -392627 13.5  8   1.4   1.2   3  11549 ESO 300-6             
I1876 030432.3 -272736 14.3  8   1.1   1.0   3  11577 ESO 417-13            
I1877 030309.6 -503041 16.3  8   0.8   0.2 155  11495 ESO 199-11            
I1878 030340.2 -520628 15.9  8   1.2   0.8 175  11528 ESO 199-13            
I1878 030343.4 -520606 15.5  8   0.4   0.2  50  11531 ESO 199-13            
I1879 030352.5 -520704 15.9  8   1.2   0.2 136  11542 ESO 199-14            
I1880 030628.4 -094350 14.0  8   1.6   1.1  30  11656 MCG -2-8-49           
I1881 030917.3 +383857 15.3  8   1.8   1.4  54  11789 NGC 1213              
I1882 030749.5 +030850 15.1  8   0.9   0.5  20  11718 UGC 2551              
I1883 030942.3 +405335 15.5  8   1.0   0.5  22  11815 NGC 1212              
I1884 030942.8 +405830 15.6  8   1.1   0.2 131  11817 IC 290                
I1885 030640.3 -325151 14.9  8   1.4   0.5 138  11665 ESO 357-3             
I1886 030803.2 -042400 15.5  8   1.0   0.7   0  11724 MCG -1-9-1            
I1887 031012.9 +404557 14.2  8   1.2   0.7  75  11846 IC 292                
I1888 031056.1 +410816 15.3  8   0.6   0.4  90  11873 IC 293                
I1889 031103.1 +403718 15.2  8   2.1   1.5 123  11878 IC 294                
I1890 030958.4 +191231 15.6  8   0.7   0.7   0  11837 MCG 3-9-4             
I1891 031012.0 +193624 16.0  8   0.3   0.2  45                              
I1892 030827.2 -230320 13.8  8   1.9   1.1  10  11750 ESO 480-36            
I1893 031016.5 +193701 16.5  8   0.2   0.1  50                              
I1894 031025.4 +193626 15.6  8   0.5   0.2   5  11857 ZWG 464.6             
I1895 030936.2 -251512 14.1  8   1.5   1.1 153  11807 ESO 481-1             
I1896 030752.9 -541250 15.8  8   0.7   0.3  16  11722 ESO 155-4             
I1897 031045.9 -104744 14.9  8   0.5   0.5   0  11866 MCG -2-9-9            
I1898 031020.4 -222414 13.6  8   3.6   0.6  73  11851 ESO 481-2             
I1899 031213.0 -251818 14.3  8   1.1   0.3 165  11930 ESO 481-8             
I1900 031555.2 +370917 15.0  8   0.5   0.4  96  12124 MCG 6-8-7             
I1901 031602.5 +370647 15.7  8   0.8   0.2 170  12136 MCG 6-8-8             
I1902 031612.4 +371041 15.5  8   0.4   0.4   0  12150 ZWG 525.15            
I1903 031308.5 -503343 16.5  8   0.6   0.2 143  11990 ESO 199-24            
I1903 031312.6 -503441 16.0  8   0.8   0.3   6  11990 ESO 199-24            
I1904 031500.9 -304230 14.4  8   1.4   0.6 108  12079 ESO 417-22            
I1905 031848.0 +412159       1   0.0   0.0   0                              
I1906 031605.7 -342136 14.5  8   1.2   0.4  63  12138 ESO 357-11            
I1907 031954.1 +413349 13.6  8   1.4   1.1 102  12438 NGC 1278              
I1908 031505.1 -544909 14.6  8   1.3   0.9  45  12085 ESO 155-13            
I1908 031505.7 -544919 16.0  8   0.5   0.3 160  12086 ESO 155-13A           
I1909 031720.0 -334125 14.5  8   1.2   0.6  60  12212 ESO 357-14            
I1910 031755.7 -212605       0   0.0   0.0   0                              
I1911 032048.0 +351800       0   0.0   0.0   0                              
I1912 031643.3 -503918 15.8  8   0.9   0.2   6  12172 ESO 200-1             
I1913 031934.5 -322754 14.4  8   1.9   0.3 149  12404 ESO 357-16            
I1914 031925.1 -493557 13.3  8   3.4   1.6  99  12390 ESO 200-3             
I1915 031951.8 -504131 16.2  8   0.6   0.5  82  12435 ESO 200-5             
I1916 032016.2 -490230 15.4  8   0.7   0.6  86  12482 ESO 200-8             
I1917 032212.3 -531108 16.0  8   0.3   0.3   0 100539 ESO 155-?23           
I1918 032617.8 +043230 14.9  8   0.4   0.2 160  12834 ZWG 416.9             
I1919 032602.1 -325341 13.8  8   1.3   1.0  84  12825 ESO 358-1             
I1920 032414.4 -524250 16.4  8   0.4   0.3 160  74394 DRCG 44-152           
I1921 032441.9 -504221       0   0.0   0.0   0        ESO 200-?12           
I1922 032443.0 -504425 16.9  8   0.4   0.2  46  12749 ESO 200-13            
I1923 032448.3 -503621 17.2  8   0.5   0.1   2  12753 ESO 200-14            
I1924 032507.5 -514212 16.7  8   0.5   0.3  75  12781 ESO 200-17            
I1925 032525.6 -511600 14.9  8   0.8   0.6 143  12799 IC 1929               
I1926 032518.8 -514204 16.6  8   0.5   0.2  80  12790 ESO 200-20            
I1927 032520.0 -514310       1   0.0   0.0   0        ESO 200-?19           
I1928 032729.1 -213335 14.1  8   1.6   0.4  30  12884 ESO 548-20            
I1929 032525.6 -511600 14.9  8   0.8   0.6 143  12799 IC 1925               
I1930 032846.1 +042302 16.0  8   0.4   0.3   0                              
I1931 032857.8 +014502 15.3  8   0.8   0.8   0  12950 MCG 0-9-87            
I1932 032554.0 -512034 15.4  8   0.7   0.6  15  12817 ESO 200-22            
I1933 032539.9 -524705 13.0  8   2.2   1.1  55  12807 ESO 155-25            
I1934 033113.9 +424734 15.0  8   1.2   0.5 137  13080 UGC 2769              
I1935 032613.3 -500038 14.5  8   1.1   0.7  65  12833 ESO 200-23            
I1936 032627.9 -511923 16.0  8   0.7   0.2 153  12847 ESO 200-24            
I1937 032647.4 -484210 14.9  8   0.9   0.5  52  12856 ESO 200-25            
I1938 032710.4 -530036 15.5  8   0.8   0.6   0  12874 ESO 155-32            
I1939 032745.6 -510350       0   0.0   0.0   0        ESO 200-?27           
I1940 032742.0 -520822 14.8  8   0.9   0.9   0  12896 ESO 200-26            
I1941 033214.8 +242302       1   0.0   0.0   0                              
I1942 032754.0 -524032 15.4  8   0.7   0.5  11  12907 ESO 155-34            
I1943 033844.9 -440602 12.3  8   1.8   1.4   6  13429 NGC 1411              
I1944 032939.9 -475947 15.7  8   0.5   0.4  12  12987 ESO 200-28            
I1945 032916.4 -523737 16.0  8   0.8   0.2 129  12970 ESO 155-38            
I1946 032922.0 -523710 15.3  8   0.9   0.4  62  12972 ESO 155-39            
I1947 033032.6 -502020 15.5  8   0.5   0.4 137  13027 ESO 200-30            
I1948 033049.9 -475752 15.5  8   0.8   0.7   0  13045 ESO 200-32            
I1949 033052.9 -475847 13.8  8   1.1   0.9  27  13047 ESO 200-33            
I1950 033104.3 -502558 15.0  8   1.4   0.4 153  13053 ESO 200-35            
I1951 033056.4 -530734 17.1  8   0.5   0.2  54  13048 ESO 155-43            
I1952 033326.6 -234246 13.6  8   2.6   0.6 141  13171 ESO 482-8             
I1953 033341.8 -212842 12.3  8   2.9   2.1 121  13184 ESO 548-38            
I1954 033131.1 -515415 12.2  8   3.0   1.5  66  13090 ESO 200-36            
I1955 033124.7 -571431 15.8  8   0.7   0.6   0  13086 ESO 155-45            
I1956 033533.2 +050402 15.4  8   1.6   0.3  34  13279 UGC 2795              
I1957 033213.4 -522725 16.5  8   0.9   0.2  33  13120 ESO 155-48            
I1958 033246.6 -512628 16.0  8   0.4   0.3  85  13144 ESO 200-38            
I1959 033312.1 -502444 13.2  8   2.9   0.7 147  13163 ESO 200-39            
I1960 033232.8 -571225 15.2  8   1.1   0.3 110  13135 ESO 155-50            
I1961 033333.3 -485703 15.5  8   0.6   0.4  24  13175 ESO 200-41            
I1962 033537.3 -211731 14.7  8   2.7   0.5   2  13283 ESO 548-50            
I1963 033531.2 -342648 13.1  8   2.6   0.7  84  13277 IC 335                
I1964 033330.2 -531022 16.6  8   0.5   0.3  81  13173 ESO 155-52            
I1965 033310.9 -563314 15.6  8   1.0   0.8 105  13162 ESO 155-51            
I1966 033403.3 -511920 15.6  8   0.6   0.3 120  13206 ESO 200-42            
I1967 033747.8 +031613 15.8  8   0.9   0.4  57  13382 MCG 0-10-8            
I1968 033437.8 -503905 16.2  8   0.5   0.3  92  13236 ESO 200-43            
I1969 033613.9 -451045 15.6  8   1.3   0.2  42  13303 ESO 249-5             
I1970 033631.2 -435724 12.9  8   3.1   0.6  78  13322 ESO 249-7             
I1971 033557.5 -523900 15.9  8   0.7   0.3 173  13295 ESO 156-1             
I1972 033621.2 -515804 16.4  8   0.8   0.2 154  13310 ESO 200-48            
I1973 033620.9 -515938 16.7  8   0.5   0.2  11  13309 ESO 200-49            
I1974 033642.2 -493301 15.9  8   0.8   0.3 160  13325 ESO 200-50            
I1975 033903.5 -152959 15.6  8   0.3   0.3   0        NPM1G -15.0197        
I1976 033708.9 -472616 15.8  8   0.8   0.5 122  13355 ESO 200-51            
I1977 034045.0 +174427 14.4  8   1.4   0.8 177  13536 UGC 2815              
I1978 033705.5 -500904 15.7  8   1.1   0.2   7  13350 ESO 200-52            
I1979 033646.3 -575640       1   0.0   0.0   0                              
I1980 033658.9 -575825 14.9  8   1.1   0.5  20  13345 ESO 117-2             
I1981 034029.3 -265143 13.5  8   1.8   0.7 131  13520 NGC 1412              
I1982 033742.4 -574635 15.6  8   0.5   0.5   0  13378 ESO 117-4             
I1983 034056.9 -223351 12.8  8   3.6   1.7 148  13544 NGC 1415              
I1984 033950.2 -470435 16.0  8   0.7   0.2 140  13487 ESO 249-12            
I1985 034434.1 +320947       3  10.0   0.0   0        IC 348                
I1986 034035.2 -452121 14.8  8   1.0   0.7 120  13521 ESO 249-13            
I1987 034011.5 -550333 15.9  8   0.5   0.4   0  13502 ESO 156-4             
I1987 034009.6 -550317 16.5  8   0.3   0.3   0        ESO 156-4             
I1987 034012.2 -550322 16.5  8   0.3   0.3   0        ESO 156-4             
I1987 034012.0 -550312 16.8  8   0.2   0.2   0        ESO 156-4             
I1988 034245.0 -395313       0   0.0   0.0   0                              
I1989 034154.4 -505728 14.6  8   1.1   0.7 131  13581 ESO 200-55            
I1990 034713.8 +242002       5   0.0   0.0   0        CED 19M               
I1991 034446.4 -513126 16.2  8   0.7   0.3  39  13734 ESO 200-56            
I1992 034507.6 -510042       0   0.0   0.0   0        ESO 200-?57           
I1993 034704.8 -334238 12.4  8   2.5   2.2  56  13840 ESO 358-65            
I1994 034555.1 -513836 16.0  8   0.7   0.2   4  13795 ESO 200-58            
I1995 035018.5 +253451       5 135.0 135.0   0        CED 22                
I1996 034507.9 -571928 16.4  8   0.8   0.2 102  13755 ESO 156-10            
I1997 034451.9 -590815 14.2  8   1.2   0.6  73  13740 ESO 117-7             
I1998 035131.2 +011125 15.4  8   0.9   0.7   0  13978 ZWG 391.39            
I1999 034743.0 -565707 15.5  8   0.6   0.5   0  13861 ESO 156-14            
I2000 034907.6 -485130 13.1  8   4.1   0.8  83  13912 ESO 201-3             
I2001 035054.0 -483800       0   0.0   0.0   0        ESO 201-?5            
I2002 035430.3 +104225 14.8  8   1.1   1.0   0  14080 NGC 1474              
I2003 035622.0 +335232 12.6  6   0.3   0.0   0        PK 161-14.1           
I2004 035145.6 -492509 15.0  8   0.8   0.6  46  13986 ESO 201-6             
I2005 035739.5 +364715 15.6  8   0.4   0.1   5  14168 ZWG 526.15            
I2006 035428.3 -355802 12.2  8   1.9   1.6  36  14077 ESO 359-7             
I2007 035522.6 -280932 13.8  8   1.3   0.8  52  14110 IC 2008               
I2008 035522.6 -280932 13.8  8   1.3   0.8  52  14110 IC 2007               
I2009 035334.6 -485928 14.6  8   1.8   1.2  51  14041 ESO 201-8             
I2010 035158.2 -595545 14.4  8   1.2   0.5  70  13995 ESO 117-11            
I2011 035227.4 -572805       1   0.0   0.0   0        ESO 117-?12           
I2012 035255.3 -583857 16.3  8   0.6   0.4   5  14027 ESO 117-13            
I2013 035648.0 -170600       0   0.0   0.0   0                              
I2014 035521.7 -564448 15.5  8   1.1   0.5  17  14108 ESO 156-20            
I2015 035811.4 -402321 15.6  8   0.5   0.4   0  14184 ESO 302-22            
I2016 040159.9 +201426 15.6  8   0.4   0.2   5  14322 ZWG 466.6             
I2017 035638.7 -592340 14.9  8   1.1   0.7  19  14140 ESO 117-15            
I2018 035754.4 -524650 15.7  8   0.8   0.5 140  14173 ESO 156-21            
I2019 040153.7 +053821 15.3  8   0.8   0.4  45  14324 UGC 2930              
I2019 040152.7 +053810 15.3  8   0.3   0.2  25 200219 UGC 2930              
I2020 035853.0 -540330 15.6  8   0.6   0.5   0  14211 ESO 156-22            
I2021 035923.9 -523924 15.8  8   0.7   0.4 120  14229 ESO 156-24            
I2022 035840.2 -590239 16.1  8   1.1   0.2   0  14203 ESO 117-17            
I2023 035940.8 -524049 15.9  8   0.5   0.4   0  14238 ESO 156-25            
I2024 040004.0 -532219 15.5  8   1.1   0.3  29  14249 ESO 156-26            
I2025 040022.8 -530354 16.1  8   1.1   0.2 120  14257 ESO 156-28            
I2026 040355.1 -111043 14.6  8   0.9   0.7  50  14393 NGC 1509              
I2027 040639.6 +370657 15.2  8   0.4   0.4   0  14473 UGC 2957              
I2028 040118.1 -524227 15.0  8   0.8   0.6  53  14299 ESO 156-32            
I2029 040117.8 -524803 15.7  8   0.9   0.4 178  14298 ESO 156-33            
I2030 040504.0 -190850       0   0.0   0.0   0                              
I2031 040614.7 -053907 16.0  8   0.5   0.5   0 146069 NPM1G -05.0170        
I2032 040703.2 -551923 14.8  8   1.4   0.8  78  14481 ESO 156-42            
I2033 040714.5 -534052 15.0  8   1.2   0.6 127  14491 ESO 156-43            
I2034 040636.8 -575742 15.9  8   1.2   0.2 118  14469 ESO 117-22            
I2035 040901.8 -453102 12.5  8   1.2   0.9  86  14558 ESO 250-7             
I2036 040955.0 -394119 14.5  8   1.0   0.8  82  14586 ESO 303-1             
I2037 040819.3 -584504 14.8  8   1.6   0.3  92  14521 ESO 118-1             
I2038 040854.2 -555933 15.2  8   1.8   0.4 152  14553 ESO 157-1             
I2039 040902.6 -560040 14.9  8   0.9   0.7 131  14560 ESO 157-2             
I2040 041259.6 -323314 13.6  8   1.4   0.8  65  14670 ESO 359-30            
I2041 041234.9 -324903 14.6  8   1.1   0.6 136  14656 ESO 359-28            
I2042 041143.1 -471614  9.0  1   0.0   0.0   0        ESO 250-*11           
I2043 041109.8 -534111 15.4  8   1.4   0.2  15  14623 ESO 157-4             
I2044 041114.0 -543156 16.5  8   0.5   0.4  54  14624 ESO 157-6             
I2045 041436.0 -131030 14.8  8   1.0   0.7 125  14722 MCG -2-11-27          
I2046 041124.5 -544023 15.1  8   0.8   0.5 104  14628 ESO 157-7             
I2047 041456.0 -131129 16.0  8   0.6   0.5   0        NGC 1538              
I2048 041418.6 -330730       0   0.0   0.0   0        ESO 360-?1            
I2049 041204.3 -583327 14.6  8   1.0   0.9 168  14636 ESO 118-9             
I2050 041356.2 -532833 14.7  8   1.1   0.8  23  14704 ESO 157-11            
I2051 035200.3 -834955 12.3  8   2.6   1.6  67  13999 ESO 4-7               
I2052 041458.7 -542011 15.4  8   0.9   0.4 165  14729 ESO 157-13            
I2053 041548.0 -492200       0   0.0   0.0   0                              
I2054 040726.7 -781513 16.4  8   0.5   0.4   0  14497 ESO 15-7              
I2055 041748.5 -485545       0   0.0   0.0   0                              
I2056 041624.8 -601223 12.5  8   1.9   1.6   8  14773 ESO 118-16            
I2057 042156.0 +040253 15.2  8   0.7   0.6   0  14962 ZWG 419.2             
I2058 041754.5 -555551 13.9  8   2.9   0.4  18  14824 ESO 157-18            
I2059 042026.2 -314328 13.9  8   1.3   0.4 172  14910 ESO 420-17            
I2060 041753.5 -563658 14.3  8   1.5   1.1 148  14823 ESO 157-19            
I2061 042357.1 +210454       0   0.0   0.0   0                              
I2062 043202.1 +715511       1   0.0   0.0   0                              
I2063 042240.2 -153940 15.0  8   0.6   0.3   0        MCG -3-12-5           
I2064 042326.7 -154107 15.8  8   0.4   0.4   0 146225 NPM1G -15.0228        
I2065 042128.1 -555558 14.6  8   1.2   0.4  37  14943 ESO 157-21            
I2066 042332.2 -544400 15.3  8   0.8   0.6 129  15019 ESO 157-25            
I2067 043048.0 +352500       5   0.0   0.0   0        SS 20                 
I2068 042636.8 -420537 14.3  8   1.2   0.8 153  15106 ESO 303-17            
I2069 042556.0 -481158       0   0.0   0.0   0        ESO 202-?16           
I2070 042435.6 -575852 14.5  8   1.4   0.9  85  15048 ESO 118-23            
I2071 042614.3 -530905 16.5  8   0.4   0.3  85  15088 ESO 157-28            
I2072 042655.5 -482209       0   0.0   0.0   0        ESO 202-?20           
I2073 042633.4 -531118 14.5  8   1.2   0.5  49  15102 ESO 157-29            
I2074 043123.0 +074212       1   0.0   0.0   0                              
I2075 043051.5 -054752 13.8  8   1.8   1.3  60  15348 NGC 1594              
I2076 042807.1 -481323       0   0.0   0.0   0        ESO 202-?24           
I2077 043206.1 +003404 14.8  8   1.6   0.6 130  15447 NGC 1593              
I2078 043152.2 -044155       1   0.0   0.0   0                              
I2079 042830.7 -534417 14.8  8   1.2   0.4 125  15200 ESO 157-33            
I2080 043152.1 -054525 15.8  8   0.5   0.4   0  15426 IRAS04294-0051        
I2081 042900.7 -533649 14.5  8   1.2   0.8  92  15231 ESO 157-34            
I2082 042907.8 -534940 14.2  8   1.3   0.8 136  15239 ESO 157-35            
I2083 043044.1 -535851 14.9  8   1.1   0.6 128  15339 ESO 157-37            
I2084 043206.2 -481642       0   0.0   0.0   0        ESO 202-?33           
I2085 043124.4 -542458 14.1  8   2.3   0.4 119  15388 ESO 157-38            
I2086 043132.1 -533851 15.7  8   0.4   0.4   0  15392 ESO 157-40            
I2087 044000.0 +254432       5   4.0   4.0   0        LBN 813               
I2088 044348.0 +271700       5   0.0   0.0   0        CED 39                
I2089 043250.6 -753225 15.1  8   1.1   0.9   0  15487 ESO 32-15             
I2090 044445.0 -335933       0   0.0   0.0   0        ESO 361-?8            
I2091 044640.3 -044020       3   0.0   0.0   0                              
I2092 044646.1 -045639       1   0.0   0.0   0                              
I2093 044732.3 -024216       1   0.0   0.0   0                              
I2094 044824.8 -052109 15.0  8   0.8   0.3  77                              
I2095 044845.8 -050730 15.9  8   1.4   0.2  48  16067 MCG -1-13-14          
I2096 044941.0 -045843       1   0.0   0.0   0                              
I2097 045023.8 -050451 15.8  8   1.2   0.4 120  16134                       
I2098 045044.2 -052506 14.5  8   2.1   0.3  95  16144 MCG -1-13-18          
I2099 045051.9 -045331 15.0  8   1.1   0.4 139  16146 NGC 1677              
I2100 045115.1 -044947       1   0.0   0.0   0                              
I2101 045142.0 -061350 14.5  8   1.7   0.4 147  16187 MCG -1-13-24          
I2102 045155.2 -045708 15.3  8   1.2   0.9 144  16197 MCG -1-13-27          
I2103 043947.7 -765012 14.7  8   1.8   0.3  89  15758 ESO 32-18             
I2104 045618.9 -154752 13.8  8   2.5   1.1 105  16367 MCG -3-13-34          
I2105 044926.7 -691203       5   0.0   0.0   0        ESO 56-EN7            
I2106 045633.8 -283014 13.8  8   1.7   0.9 157  16373 ESO 422-12            
I2107 045820.7 +081422       3   1.0   0.0   0        NGC 1707              
I2108 045716.8 -151720 14.0  8   1.3   1.0  15  16396 NGC 1710              
I2109 045859.2 -001819       1   0.0   0.0   0                              
I2110 045901.8 -001804       1   0.0   0.0   0                              
I2111 045151.4 -692337       5   0.0   0.0   0        ESO 56-EN13           
I2112 050030.0 +042311 15.0  8   0.5   0.2  30  16534 ZWG 420.27            
I2113 045931.7 -154924 13.2  8   2.3   1.0 100  16499 NGC 1730              
I2114 045423.7 -691106       5   0.0   0.0   0        NGC 1748              
I2115 045649.2 -662433       5   5.0   3.0   0        NGC 1763              
I2116 045649.2 -662433       5   5.0   3.0   0        NGC 1763              
I2117 045714.3 -682632       5   1.8   0.0   0                              
I2118 050409.0 -071500       5 180.0  60.0   0        NGC 1909              Witch Head Nebula
I2119 050650.9 -202045 14.7  8   1.1   0.7  56  16759 ESO 553-5             
I2120 051910.3 +381106       0   0.0   0.0   0                              
I2121 051944.7 -250352 13.8  8   1.9   1.1 160  17110 IC 408                
I2122 051901.4 -370521 13.8  8   1.5   1.3  67  17081 ESO 362-14            
I2123 052156.7 +032911 14.6  8   1.3   0.6   3  17180 IC 412                
I2124 052158.7 +032856 14.8  8   0.9   0.7 159  17181 IC 413                
I2125 052428.1 -270057 14.4  8   1.0   0.7 125  17238 ESO 487-8             
I2126 052158.8 -675727       5   0.0   0.0   0        NGC 1935              
I2127 052214.6 -675834       5   0.0   0.0   0        NGC 1936              
I2128 052247.7 -680412       3   0.0   0.0   0        ESO 56-SC113          
I2129 053116.1 -230346       0   0.0   0.0   0                              
I2130 053150.3 -230844 13.8  8   1.8   0.9 103  17402 ESO 487-19            
I2131 053218.5 -171326 14.5  8   0.7   0.7   0  17409 IC 422                
I2132 053228.6 -135536 14.5  8   1.5   0.8 177  17415 MCG -2-15-2           
I2133 054203.9 +692243 11.7  8   4.5   3.1  85  17625 NGC 1961              
I2134 052307.2 -752647       4   1.0   0.0   0        ESO 33-SC19           
I2135 053313.2 -362358 13.3  8   2.8   0.6 109  17433 IC 2136               
I2136 053313.2 -362358 13.3  8   2.8   0.6 109  17433 IC 2135               
I2137 053421.5 -233200 13.9  8   1.2   0.8  88  17463 IC 2138               
I2138 053421.5 -233200 13.9  8   1.2   0.8  88  17463 IC 2137               
I2139 053515.2 -175602       1   0.0   0.0   0        ESO 554-*A14          
I2140 053322.0 -752231       4   2.1   0.0   0        ESO 33-SC24           
I2141 054222.3 -510157       1   0.0   0.0   0        ESO 204-?29           
I2142 053308.9 -780110 15.5  8   0.8   0.4  31  17430 ESO 16-7              
I2143 054652.4 -184333 13.4  8   2.0   0.8  98  17810 ESO 554-34            
I2144 055018.0 +235200       5   1.0   0.0   0                              
I2145 054023.9 -694017       5   2.0   0.0   0        ESO 57-EN18           
I2146 053746.0 -744650       4   2.6   0.0   0        ESO 33-SC26           
I2147 054748.1 -302952       0   0.0   0.0   0                              
I2148 053912.0 -753345       4   1.1   0.0   0        ESO 33-SC28           
I2149 055623.9 +460619 11.2  6   0.6   0.0   0        PK 166+10.1           
I2150 055118.5 -381916 13.6  8   2.6   0.8  84  18000 ESO 306-32            
I2151 055236.8 -174715 14.2  8   1.5   0.9  99  18040 ESO 555-8             
I2152 055753.3 -231050 13.4  8   1.7   1.2  54  18148 ESO 488-47            
I2153 060004.8 -335510 14.2  8   1.1   0.8  72  18212 ESO 364-22            
I2154 060108.0 -234022 12.3  8   2.4   1.9 140  18258 NGC 2139              
I2155 060048.0 -340100       0   0.0   0.0   0                              
I2156 060452.6 +240929       3   0.0   0.0   0                              
I2157 060450.5 +240358       3   5.0   0.0   0        OCL 465               
I2158 060517.9 -275125 12.9  8   1.7   1.3 107  18388 ESO 425-7             
I2159 060954.0 +202500       5   0.0   0.0   0        CED 67B               
I2160 055528.7 -765513 13.8  8   2.1   0.8 107  18092 ESO 33-32             
I2161 055726.9 -750822       4   1.5   0.0   0        ESO 33-SC35           
I2162 061306.0 +175800       5   3.0   3.0   0        LBN 859               
I2163 061628.0 -212235 12.4  8   3.0   1.2  98  18751 ESO 556-9             
I2164 060652.4 -752154 14.6  8   1.1   0.9 131  18424 ESO 34-5              
I2165 062142.7 -125912 12.9  6   0.5   0.0   0        PK 221-12.1           
I2166 062655.8 +590447 13.2  8   3.0   2.1 115  19064 UGC 3463              
I2167 063106.9 +102655       5   5.0   4.0   0        IC 446                
I2168 063347.7 +444110       1   0.0   0.0   0                              
I2169 063100.3 +095351       5  25.0  20.0   0        IC 447                
I2170 063406.0 +444200       0   0.0   0.0   0                              
I2171 064513.0 -174024       0   0.0   0.0   0                              
I2172 064651.2 +011854       5   3.0   3.0   0        NGC 2282              
I2173 065052.0 +332744 15.4  8   0.4   0.2  93  19714 NGC 2288              
I2174 070905.0 +752113 14.5  8   0.9   0.7  42  20252 UGC 3666              
I2175 070839.6 +351717       1   0.0   0.0   0                              
I2176 070731.8 +322813 15.3  8   0.9   0.4   6  20193 MCG 5-17-11           
I2177 070518.0 -103800       5 120.0  40.0   0        LBN 1027              
I2178 070737.6 +323047 15.8  8   0.4   0.2 130  20196 ZWG 146.26            
I2179 071532.3 +645534 13.5  8   1.1   1.1   0  20516 UGC 3750              
I2180 071119.5 +262215 14.8  8   1.1   0.8   0  20344 UGC 3727              
I2181 071310.3 +185947 14.9  8   0.9   0.5 140  20417 UGC 3744              
I2182 071411.0 +185642 15.8  8   0.5   0.5   0                              
I2183 071656.6 -202449       0   0.0   0.0   0                              
I2184 072924.9 +720743 14.1  8   0.8   0.7   0  21123 UGC 3852              
I2185 072316.1 +322941 15.1  8   0.6   0.4 135  20889 MCG 5-18-8            
I2186 072243.1 +213049 15.1  8   0.9   0.6 111  20858 IC 2188               
I2187 072243.3 +212858 15.2  8   0.4   0.4   0  20857 MCG 4-18-10           
I2188 072243.1 +213049 15.1  8   0.9   0.6 111  20858 IC 2186               
I2189 072457.8 +085430       1   0.0   0.0   0                              
I2190 072954.3 +372706 14.8  8   0.9   0.5  21  21144 UGC 3880              
I2191 073017.4 +241942 15.1  8   0.9   0.7   0  21163 MCG 4-18-24           
I2192 073319.8 +313312 16.0  8   0.3   0.3   0                              
I2193 073323.6 +312900 14.5  8   1.5   0.9  87  21276 UGC 3902              
I2194 073340.2 +312004 15.1  8   1.1   0.3  48  21285 MCG 5-18-20           
I2195 072828.6 -511515       0   0.0   0.0   0                              
I2196 073409.7 +312422 13.8  8   1.4   1.1 150  21300 UGC 3910              
I2197 073418.9 +312014 16.2  8   0.4   0.4   0                              
I2197 073419.5 +312018 17.0  8   0.2   0.2   0                              
I2198 073411.1 +235759 15.1  8   0.4   0.4   0  21298 ZWG 117.54            
I2199 073455.6 +311633 13.8  8   1.1   0.6  25  21328 UGC 3915              
I2200 072817.4 -622110 14.0  8   1.2   0.7  58  21075 ESO 123-12            
I2200A072806.6 -622147 13.7  8   1.3   0.9  35  21062 ESO 123-11            
I2201 073616.8 +330723 14.9  8   1.3   0.3  67  21372 UGC 3926              
I2202 072754.9 -673428 13.6  8   2.0   0.7 165  21057 ESO 88-16             
I2203 074033.6 +341348 14.3  8   1.2   1.0 162  21555 UGC 3958              
I2204 074118.1 +341353 15.2  8   1.1   0.9  51  21581 UGC 3965              
I2205 074654.5 +265222 14.9  8   0.5   0.3  45  21773 ZWG 148.15            
I2206 074546.1 -342211  9.5  1   0.0   0.0   0                              
I2207 074950.8 +335745 15.2  8   2.0   0.3 124  21918 UGC 4040              
I2208 075207.9 +272903 15.0  8   1.0   0.7  20  22040 MCG 5-19-19           
I2209 075614.2 +601814 14.3  8   1.1   0.9 145  22232 UGC 4093              
I2210 075656.3 +564050       1   0.0   0.0   0                              
I2211 075745.6 +323331 14.9  8   0.8   0.4 140  22314 UGC 4119              
I2212 075857.1 +323646 15.3  8   0.5   0.5   0  22371 MCG 5-19-24           
I2213 075906.5 +272752 15.3  8   0.8   0.6  45  22372 MCG 5-19-25           
I2214 075953.8 +331725 14.5  8   0.8   0.7  51  22417 UGC 4143              
I2215 075930.0 +245402       1   0.0   0.0   0                              
I2216 075927.7 +053652       1   0.0   0.0   0                              
I2217 080049.8 +273001 14.4  8   0.6   0.4  80  22476 UGC 4160              
I2218 080138.4 +242555 15.7  8   0.6   0.2  15  22509 ZWG 118.48            
I2218 080136.8 +242622 17.5  8   0.2   0.1  88        NPM1G +24.0137        
I2219 080236.5 +272614 14.4  8   1.3   0.6 175  22565 UGC 4180              
I2220 075651.3 -590731       5   5.0   5.0   0        ESO 124-RN?3          Butterfly Nebula
I2221 080508.0 +372702 16.2  8   0.2   0.2   0                              
I2222 080514.8 +372821 15.3  8   0.4   0.2 120  22700 ZWG 178.24            
I2223 080550.3 +372735 15.5  8   0.4   0.4   0        IC 2224               
I2224 080550.3 +372735 15.5  8   0.4   0.4   0        IC 2223               
I2225 080528.1 +355649 14.9  8   0.9   0.7  84  22708 MCG 6-18-12           
I2226 080611.1 +123239 14.2  8   0.9   0.7 150  22747 UGC 4220              
I2227 080707.1 +361400 14.9  8   0.7   0.7   0  22787 ZWG 178.28            
I2228 080705.4 +080133       1   0.0   0.0   0                              
I2229 080943.9 +255252 16.0  8   0.8   0.5 108  93095 IC 496                
I2230 081056.5 +254107 15.6  8   0.3   0.2 160  22944 ZWG 119.7             
I2231 081101.4 +050515 14.7  8   1.0   1.0   0  22950 UGC 4265              
I2232 081257.8 +361513 12.7  8   2.3   1.2  45  23028 NGC 2543              
I2233 081359.0 +454423 13.0  8   4.6   0.5 172  23071 UGC 4278              
I2234 081351.6 +352936 16.5  8   0.3   0.3   0        NPM1G +35.0131        
I2235 081334.1 +240441       1   0.0   0.0   0                              
I2236 081337.6 +240255       1   0.0   0.0   0                              
I2237 081406.0 +244100       0   0.0   0.0   0                              
I2238 081408.6 +243942       1   0.0   0.0   0                              
I2239 081406.7 +235159 14.9  8   1.0   0.7 168  23078 MCG 4-20-6            
I2240 081448.0 +242800       0   0.0   0.0   0                              
I2241 081503.1 +240826       1   0.0   0.0   0                              
I2242 081508.3 +240849       1   0.0   0.0   0                              
I2243 081518.5 +235745       1   0.0   0.0   0                              
I2244 081522.3 +243245       1   0.0   0.0   0                              
I2245 081528.4 +243208       1   0.0   0.0   0                              
I2246 081600.0 +235100       0   0.0   0.0   0                              
I2247 081559.0 +231159 14.0  8   1.8   0.3 150  23169 UGC 4299              
I2248 081604.7 +230804 15.3  8   1.1   0.8   0  23176 MCG 4-20-9            
I2249 081634.5 +242935 16.5  8   0.3   0.3   0  23202 KUG 0813+246          
I2250 081632.3 +233757 16.5  8   0.2   0.2   0                              
I2251 081638.9 +235658       1   0.0   0.0   0                              
I2252 081642.0 +244136       1   0.0   0.0   0                              
I2253 081633.9 +212437 15.0  8   0.7   0.5 168  23204 MCG 4-20-11           
I2254 081645.5 +244649 15.2  8   0.3   0.2 120  23206 ZWG 119.25            
I2255 081642.0 +242744       3   0.0   0.0   0                              
I2256 081654.4 +241036 15.3  8   0.7   0.3  10  23214 MCG 4-20-12           
I2257 081709.7 +233905       0   0.0   0.0   0                              
I2258 081713.9 +233459       1   0.0   0.0   0                              
I2259 081718.0 +233400       0   0.0   0.0   0                              
I2260 081727.5 +244024       1   0.0   0.0   0                              
I2261 081732.7 +233034       1   0.0   0.0   0                              
I2262 081722.5 +182714       1   0.0   0.0   0                              
I2263 081740.7 +233448       0   0.0   0.0   0                              
I2264 081744.9 +234252       1   0.0   0.0   0                              
I2265 081750.4 +241137       1   0.0   0.0   0                              
I2266 081738.4 +182439       1   0.0   0.0   0                              
I2267 081801.5 +244410 15.0  8   2.1   0.3 153  23266 UGC 4315              
I2268 081806.5 +244746 15.5  8   0.2   0.2   0  23273 ZWG 119.37            
I2269 081808.6 +230250 15.6  8   0.5   0.1  30  23278 ZWG 119.38            
I2270 081800.4 +190552       1   0.0   0.0   0                              
I2271 081819.7 +243139 15.2  8   0.3   0.2 135  23283 ZWG 119.39            
I2272 081806.6 +184404       1   0.0   0.0   0                              
I2273 081812.9 +182404       1   0.0   0.0   0                              
I2274 081814.2 +183956       1   0.0   0.0   0                              
I2275 081813.7 +182441       1   0.0   0.0   0                              
I2276 081829.3 +182840       0   0.0   0.0   0                              
I2277 081832.5 +183900       1   0.0   0.0   0                              
I2278 081836.0 +182800       0   0.0   0.0   0                              
I2279 081835.5 +183407       1   0.0   0.0   0                              
I2280 081838.5 +182701       1   0.0   0.0   0                              
I2281 081854.2 +185434       1   0.0   0.0   0                              
I2282 081915.6 +244735 14.7  8   1.0   0.8   0  23333 MCG 4-20-20           
I2283 081917.5 +244711       1   0.0   0.0   0                              
I2284 081858.7 +183623       1   0.0   0.0   0                              
I2285 081902.9 +185455       1   0.0   0.0   0                              
I2286 081904.0 +185719       1   0.0   0.0   0                              
I2287 081907.6 +192402       0   0.0   0.0   0                              
I2288 081922.3 +234450 15.6  8   0.6   0.3  70  23342 MCG 4-20-23           
I2289 081906.9 +183123       1   0.0   0.0   0                              
I2290 081915.7 +191849 15.3  8   0.4   0.3 150  23334 ZWG 88.59             
I2291 081918.2 +183030       1   0.0   0.0   0                              
I2292 081922.0 +193347       1   0.0   0.0   0                              
I2293 081932.1 +212340 15.1  8   0.9   0.7 123  23352 MCG 4-20-24           
I2294 081930.0 +185900       0   0.0   0.0   0                              
I2295 081925.9 +182441       1   0.0   0.0   0                              
I2296 081928.5 +185355       1   0.0   0.0   0                              
I2297 082004.7 +182253       1   0.0   0.0   0                              
I2298 082007.1 +182410       1   0.0   0.0   0                              
I2299 082009.7 +192017       1   0.0   0.0   0                              
I2300 082012.7 +182512       1   0.0   0.0   0                              
I2301 082013.9 +182604       1   0.0   0.0   0                              
I2302 082017.3 +192124       1   0.0   0.0   0                              
I2303 082019.4 +192509       1   0.0   0.0   0                              
I2304 082035.8 +192622       1   0.0   0.0   0                              
I2305 082040.2 +192710       1   0.0   0.0   0                              
I2306 082039.5 +190636       1   0.0   0.0   0                              
I2307 082042.9 +192627 15.3  8   0.6   0.3 165  23417 ZWG 89.4              
I2308 082045.3 +192142 15.6  8   0.6   0.3  90  23415 UGC 4355              
I2309 082043.6 +182350 15.4  8   0.8   0.2   5  23416 ZWG 89.3              
I2310 082046.3 +182748       1   0.0   0.0   0                              
I2311 081845.9 -252212 12.5  8   1.3   1.3   0  23304 ESO 495-2             
I2312 082053.2 +183030 16.0  8   0.4   0.4   0                              
I2312 082053.4 +183044 17.0  8   0.1   0.1   0                              
I2313 082054.6 +183054       1   0.0   0.0   0                              
I2314 082103.7 +184547       1   0.0   0.0   0                              
I2315 082110.9 +185453       0   0.0   0.0   0                              
I2316 082115.3 +194536       1   0.0   0.0   0                              
I2317 082121.6 +185040       1   0.0   0.0   0                              
I2318 082132.8 +183723       1   0.0   0.0   0                              
I2319 082133.1 +182834       1   0.0   0.0   0                              
I2320 082135.4 +184013       1   0.0   0.0   0                              
I2321 082139.1 +182807       1   0.0   0.0   0                              
I2322 082139.0 +182902       1   0.0   0.0   0                              
I2323 082141.3 +183648       1   0.0   0.0   0                              
I2324 082157.8 +191202       1   0.0   0.0   0                              
I2325 082208.7 +185526       1   0.0   0.0   0                              
I2326 082214.0 +190112       1   0.0   0.0   0                              
I2327 082128.0 +031008 14.0  8   1.4   0.4 174  23447 UGC 4356              
I2328 082217.3 +193659       0   0.0   0.0   0                              
I2329 082219.4 +192456 14.8  8   2.1   0.4 117  23483 UGC 4365              
I2330 082223.2 +185112       1   0.0   0.0   0                              
I2331 082236.0 +194100       0   0.0   0.0   0                              
I2332 082239.7 +195521       1   0.0   0.0   0                              
I2333 082301.0 +190454       1   0.0   0.0   0                              
I2334 082300.0 +183652       1   0.0   0.0   0                              
I2335 082307.1 +192427 16.2  8   0.3   0.2 170                              
I2336 082319.1 +183214       1   0.0   0.0   0                              
I2337 082320.3 +183208 15.7  8   0.3   0.1  45  23529 ZWG 89.10             
I2338 082332.7 +212016 14.7  8   0.5   0.4   0  23542 UGC 4383              
I2339 082334.2 +212051 15.1  8   1.1   0.6  60  23545 UGC 4383              
I2340 082330.2 +184458 14.9  8   0.7   0.5 171  23544 MCG 3-22-6            
I2341 082341.4 +212606 14.7  8   1.3   0.6   1  23552 UGC 4384              
I2342 082332.2 +183446       1   0.0   0.0   0                              
I2343 082354.1 +190132       1   0.0   0.0   0                              
I2344 082354.9 +183934       1   0.0   0.0   0                              
I2345 082406.0 +195700       0   0.0   0.0   0                              
I2346 082410.5 +194220       1   0.0   0.0   0                              
I2347 082418.0 +184600       0   0.0   0.0   0                              
I2348 082420.2 +203202 15.7  8   0.7   0.4  90  23589 MCG 4-20-49           
I2349 082417.1 +190022       1   0.0   0.0   0                              
I2350 082428.3 +193307       0   0.0   0.0   0                              
I2351 082430.3 +183518       1   0.0   0.0   0                              
I2352 082440.0 +193608       1   0.0   0.0   0                              
I2353 082437.6 +183923       1   0.0   0.0   0                              
I2354 082440.7 +183959       1   0.0   0.0   0                              
I2355 082451.7 +202743       1   0.0   0.0   0                              
I2356 082500.8 +192950       1   0.0   0.0   0                              
I2357 082504.6 +193031       1   0.0   0.0   0                              
I2358 082505.2 +192943       1   0.0   0.0   0                              
I2359 082512.1 +202003 13.9  8   1.2   1.2   0  23630 NGC 2582              
I2360 082512.0 +192700       0   0.0   0.0   0                              
I2361 082544.4 +275229 14.9  8   1.1   0.5  78  23646 UGC 4394              
I2362 082541.5 +195628       1   0.0   0.0   0                              
I2363 082545.5 +192655 14.9  8   0.8   0.8   0  23650 MCG 3-22-11           
I2364 082551.5 +194533       1   0.0   0.0   0                              
I2365 082618.0 +275026 14.7  8   1.1   0.9  45  23673 IC 2366               
I2366 082618.0 +275026 14.7  8   1.1   0.9  45  23673 IC 2365               
I2367 082410.0 -184633 12.7  8   2.6   1.8  55  23579 MCG -3-22-1           
I2368 082601.3 +195259       1   0.0   0.0   0                              
I2369 082616.3 +201357       1   0.0   0.0   0                              
I2370 082622.8 +193818       1   0.0   0.0   0                              
I2371 082637.0 +194754       1   0.0   0.0   0                              
I2372 082640.6 +195258       1   0.0   0.0   0                              
I2373 082649.0 +202153 15.1  8   0.9   0.9   0  23695 UGC 4409              
I2374 082822.2 +302635 15.5  8   0.6   0.5   0  23758 ZWG 149.27            
I2375 082619.6 -131811 14.5  8   1.9   0.4  83  23672 MCG -2-22-14          
I2376 082826.1 +302427 15.3  8   0.7   0.4  70  23765 MCG 5-20-16           
I2377 082626.0 -131825 14.5  8   0.7   0.4  36  23681 MCG -2-22-15          
I2378 082831.6 +302552 15.3  8   0.8   0.8   0  23771 MCG 5-20-18           
I2379 082627.7 -131736 14.6  8   1.0   0.6 144  23683 MCG -2-22-16          
I2380 082843.8 +302418 15.5  8   0.5   0.5   0  23777 MCG 5-20-19           
I2381 082821.8 +194728       1   0.0   0.0   0                              
I2382 082846.1 +220312 15.1  8   0.4   0.2 168  23787 MCG 4-20-64           
I2383 082941.4 +304117 15.7  8   0.3   0.3   0  23829 ZWG 149.38            
I2384 083423.4 +322607 15.7  8   0.5   0.5   0  24062 MCG 6-19-9            
I2385 083510.6 +371557 15.1  8   0.7   0.5  18  24103 MCG 6-19-10           
I2386 083443.9 +254823       1   0.0   0.0   0                              
I2387 083833.9 +304754 14.8  8   1.1   0.5  18  24299 UGC 4511              
I2388 083956.5 +193841 15.5  8   0.4   0.2 160  24365 ZWG 89.63             
I2389 084758.3 +733219 14.0  8   1.4   0.3 126  24711 UGC 4576              
I2390 084151.7 +194211 15.4  8   0.6   0.4  30  24434 ZWG 89.67             
I2391 084018.0 -525500       3  60.0   0.0   0        OCL 767               Omicron Velorum Cluster
I2392 084430.9 +181710 15.0  8   0.6   0.5   6  24559 MCG 3-23-1            
I2393 084649.2 +281015 14.3  8   1.3   0.9  20  24669 UGC 4589              
I2394 084706.7 +281411 14.9  8   1.5   0.7 105  24678 UGC 4595              
I2395 084230.1 -480732       3  13.0   0.0   0        OCL 763               
I2396 084641.7 +173935       1   0.0   0.0   0                              
I2397 084641.7 +173935       1   0.0   0.0   0                              
I2398 084644.5 +174519 15.7  8   0.5   0.3   5  24664 MCG 3-23-3            
I2399 084650.1 +185455       0   0.0   0.0   0                              
I2400 084759.1 +380408 15.1  8   0.8   0.3 111  24714 MCG 6-20-2            
I2401 084810.2 +374521 15.4  8   1.2   0.7 101  24728 UGC 4600              
I2402 084759.0 +314710 15.6  8   0.5   0.5   0  24720 MCG 5-21-10           
I2403 084609.3 -152124 15.5  8   0.6   0.3 120  90089 IRAS08438-1510        
I2404 084810.3 +292929 15.5  8   0.4   0.3  95  24725 ZWG 150.34            
I2405 084842.7 +371306 15.3  8   0.8   0.5   3  24766 MCG 6-20-6            
I2406 084804.4 +174208 14.3  8   1.1   0.6 173  24721 UGC 4606              
I2407 084809.1 +173642 15.2  8   1.2   0.2  86  24726 UGC 4607              
I2408 084820.3 +190212       1   0.0   0.0   0                              
I2409 084824.7 +181949 14.4  8   1.0   0.7 165  24748 UGC 4608              
I2410 084827.2 +190111 14.9  8   0.8   0.3  78  24741 NGC 2667              
I2411 084830.2 +190237 15.5  8   0.8   0.2  45  24755 NGC 2667B             
I2412 084923.9 +183232       1   0.0   0.0   0                              
I2413 084931.5 +184442       1   0.0   0.0   0                              
I2414 084950.0 +184735 15.5  8   0.3   0.3   0  24811 ZWG 90.20             
I2415 085002.0 +183908       1   0.0   0.0   0                              
I2416 085032.1 +183336       1   0.0   0.0   0                              
I2417 085108.7 +183729       0   0.0   0.0   0                              
I2418 085125.0 +175641 16.3  8   0.2   0.2   0                              
I2419 085209.5 +180605       1   0.0   0.0   0                              
I2420 085133.7 +030604 14.7  8   0.6   0.6   0  24883 ZWG 33.14             
I2421 085421.5 +324050 14.0  8   2.0   1.5 147  24996 UGC 4658              
I2422 085424.3 +201331 15.6  8   0.5   0.5   0  24998 MCG 3-23-16           
I2423 085447.1 +201313 14.6  8   1.0   0.8 130  25021 UGC 4667              
I2424 085647.7 +392257 14.3  8   1.0   1.0   0  25134 NGC 2704              
I2425 085550.2 -032525       1   0.0   0.0   0                              
I2426 085830.4 +025534 15.5  8   0.4   0.2 111  25208 MCG 1-23-14           
I2427 090101.6 +375234 15.9  8   0.4   0.3  90  25330 ZWG 180.28            
I2428 090314.7 +303527 14.6  8   1.9   0.4  75  25423 UGC 4747              
I2429 090342.5 +291748 15.2  8   0.4   0.2 160  25446 MCG 5-22-3            
I2430 090422.8 +275709 14.4  8   1.1   0.6  43  25467 UGC 4755              
I2431 090434.8 +143543 14.6  8   0.5   0.4  54  25476 UGC 4756              
I2432 090439.5 +053045 15.4  8   0.5   0.2 135  25479 ZWG 33.56             
I2433 090528.6 +223607 15.3  8   0.9   0.4 120  25514 MCG 4-22-10           
I2434 090715.9 +371256 14.4  8   1.5   0.7  13  25609 UGC 4785              
I2435 090649.7 +261633 14.8  8   0.8   0.4 120  25571 UGC 4782              
I2436 090523.1 -190959       1   0.0   0.0   0        ESO 564-**17          
I2437 090533.1 -191226 13.9  8   1.8   1.1 123  25518 ESO 564-21            
I2438 091411.0 +732450       3   0.0   0.0   0                              
I2439 090838.4 +323536 14.8  8   1.0   0.2  30  25719 MCG 6-20-32           
I2440 091516.3 +732914       1   0.0   0.0   0                              
I2441 091001.8 +225118 15.3  8   0.5   0.4  95  25844 MCG 4-22-20           
I2441 091002.8 +225106 15.2  8   0.4   0.3 130  25844 MCG 4-22-20           
I2442 091005.1 +225020 15.1  8   0.5   0.5   0  25843 MCG 4-22-21           
I2443 091130.8 +284937 15.2  8   0.7   0.6 162  25908 MCG 5-22-11           
I2444 091250.8 +301246 15.0  8   0.6   0.6   0  25969 MCG 5-22-12           
I2445 091312.5 +314827 15.1  8   0.8   0.5  16  25985 UGC 4854              
I2446 091331.3 +285705 14.8  8   1.4   0.6 148  26002 UGC 4855              
I2447 091330.0 +284500       0   0.0   0.0   0                              
I2448 090706.5 -695629 11.5  6   0.5   0.0   0        PK 285-14.1           
I2449 091332.9 +300001 15.1  8   1.7   0.2  77  26012 UGC 4856              
I2450 091705.5 +252540 13.8  8   1.5   0.8 157  26218 UGC 4902              
I2451 091547.7 +232949 15.5  8   0.4   0.4   0  26119 ZWG 121.45            
I2452 091557.5 +232822 15.4  8   0.4   0.2 135  26129 ZWG 121.47            
I2453 091554.5 +205546 15.4  8   0.5   0.3  60  26131 MK 1229               
I2454 091601.7 +174917 14.6  8   0.9   0.6   0  26139 UGC 4886              
I2455 091649.9 +201154 13.8  8   1.4   1.2  60  26196 NGC 2804              
I2456 091730.0 +344700       0   0.0   0.0   0                              
I2457 091704.2 +200537 15.8  8   0.5   0.3  50                              
I2458 092130.2 +641418 15.4  8   0.5   0.2  21  26485 NGC 2820A             
I2459 091859.4 +345146 15.7  8   0.4   0.3 100        NPM1G +35.0157        
I2460 091918.9 +335251 15.6  8   0.8   0.3   6  26342 NGC 2827              
I2461 091958.0 +371127 14.9  8   2.3   0.4 143  26390 UGC 4943              
I2462 092256.3 +224110 15.8  8   0.6   0.3  45                              
I2463 092300.2 +223709 15.5  8   0.3   0.3   0  26557 ZWG 121.66            
I2464 092322.2 +223749 15.3  8   0.7   0.6   0  26585 MCG 4-22-36           
I2465 092331.5 +242646 15.3  8   0.9   0.5  80                              
I2466 092344.8 +243105 15.3  8   0.9   0.7   0  26629 MCG 4-22-44           
I2467 092452.7 +382106 14.8  8   0.7   0.7   0  26683 MCG 7-20-5            
I2468 092452.6 +382108 15.9  8   0.4   0.4   0  26691 MCG 7-20-7            
I2469 092301.4 -322659 11.3  8   4.7   1.0  36  26561 ESO 433-17            
I2470 092541.2 +232141 15.5  8   0.7   0.7   0  26730 ZWG 121.88            
I2471 092512.2 -064948 14.7  8   1.1   0.7 141  26707 MCG -1-24-15          
