N2953                        8                                             
N2954 094024.7 +145520 13.30 8   1.7   1.1 160  27600 UGC  5155            
N2955 094117.1 +355300 13.61 8   1.7   0.9 162  27666 UGC  5166            
N2956 093917.4 -190606       8   0.9   0.3  55  27531 ESO  565- 34         
N2957A094715.8 +725910       8   0.8   0.4   0  28113 MCG 12-10-  1        
N2957B094718.1 +725902       8   1.0   0.4   0  28119 MCG 12-10-  2        
N2958 094041.8 +115317       8   1.0   0.8  10  27620 UGC  5160            
N2959 094510.0 +683549       8   1.3   1.3   0  27939 UGC  5202            
N2960 094036.6 +033438       8   1.8   1.2  40  27619 UGC  5159            
N2961 094522.0 +683631       8   1.1   0.3  44  27958 MCG 12- 9- 63        
N2962 094054.0 +051000 12.96 8   2.6   1.9   3  27635 UGC  5167            
N2963 094749.8 +725756       8   1.2   0.6 165  28155 UGC  5222            
N2964 094253.9 +315051 11.99 8   2.9   1.6  97  27777 UGC  5183            
N2965 094319.2 +361453       8   1.2   0.9  85  27813 UGC  5191            
N2966 094211.4 +044024       8   2.2   0.9  72  27734 UGC  5181            
N2967 094203.8 +002008 12.30 8   3.0   2.8  65  27723 UGC  5180            
N2968 094312.0 +315541 12.78 8   2.3   1.6  45  27800 UGC  5190            
N2969 094154.6 -083610       8   1.3   1.2   0  27714 MCG -1-25- 21        
N2970 094330.3 +315834 14.38 8   0.6   0.5   0  27827 MCG  5-23- 30        
N2971 094346.2 +361046       8   1.1   0.8 135  27843 UGC  5197            
N2972 094028.5 -502009 10.72 3                                             
N2973 093759.6 -300853       8                                             
N2974 094233.3 -034159 11.87 8   3.5   2.0  40  27762 MCG  0-25-  8        
N2975 094116.1 -164027 16.12 8                                             
N2976 094715.6 +675450 10.82 8   5.9   2.7 143  28120 UGC  5221            
N2977 094346.9 +745143 13.30 8   1.8   0.8 145  27845 UGC  5175            
N2978 094316.8 -094445       8   1.0   0.9   0  27808 MCG -1-25- 29        
N2979 094308.7 -102300       8   1.5   0.9  30  27795 MCG -2-25- 12        
N2980 094312.0 -093646 13.60 8   1.6   0.9 170  27799 MCG -1-25- 28        
N2981 094456.2 +310558       8   1.2   1.0  95  27925 UGC  5208            
N2982      		                                                  
N2983 094340.8 -202841 12.76 8   2.5   1.5  95  27840 ESO  566-  3         
N2984 094340.4 +110344       8   0.7   0.7   0  27838 UGC  5200            
N2985 095020.9 +721645 11.18 8   4.6   3.6   0  28316 UGC  5253            
N2986 094416.3 -211642 11.72 8   3.2   2.8 105  27885 ESO  566-  5         
N2987 094541.8 +045633       8   1.5   0.7 160  27981 UGC  5220            
N2988 094647.8 +220041 14.3  8                                             
N2989 094525.8 -182236 13.58 8   1.7   0.9  38  27962 ESO  566-  9         
N2990 094617.6 +054230 13.10 8   1.3   0.7  85  28026 UGC  5229            
N2991 094649.8 +220056 13.53 8   1.4   1.1   0  28079 UGC  5233            
N2992 094542.1 -141939 13.14 8   3.5   1.1   0  27982 MCG -2-25- 14        
N2993 094548.4 -142208 13.11 8   1.3   0.9   0  27991 MCG -2-25- 15        
N2994 094716.3 +220523 13.98 8   1.3   1.0 125  28122 UGC  5239            
N2995      		                                                  
N2996 094630.2 -213418       8   1.5   1.3 115  28049 ESO  566- 12         
N2997 094539.4 -311128 10.06 8   8.9   6.8 110  27978 ESO  434- 35         
N2998 094843.7 +440452 13.11 8   2.9   1.3  53  28196 UGC  5250            
N2999      		                                                  
N3000      		                                                  
N3001 094619.1 -302618 12.72 8   2.9   1.9   6  28027 ESO  434- 38         
N3002 094907.7 +440250 16.   8                                             
N3003 094836.0 +332518 12.33 8   5.8   1.3  79  28186 UGC  5251            
N3004      		                                                  
N3005 094915.5 +440748 16.   8                                             
N3006 094917.3 +440131 15.6  8                                             
N3007 094745.6 -062618       8   1.3   0.5   0  28150 MCG -1-25- 38        
N3008 094934.1 +440606 15.4  8                                             
N3009 095010.6 +441740       8   0.8   0.7   0  28303 UGC  5264            
N3010 095033.2 +441852 14.3  8                                             
N3011 094941.4 +321252       8   0.9   0.8   0  28259 UGC  5259            
N3012 094952.1 +344250       8   1.1   1.0   0  28270 UGC  5262            
N3013 095009.3 +333409 15.6  8                                             
N3014 094907.6 -044434 14.   8                                             
N3015 094922.5 +010841       8   0.5   0.4  95  28240 UGC  5261            
N3016 094951.1 +124141       8   1.2   0.9  70  28269 UGC  5266            
N3017 094903.0 -024920       8   1.0   1.0   0  28220 MCG  0-25- 19        
N3018 094941.4 +003721       8   1.2   0.7  27  28258 UGC  5265            
N3019 095007.2 +124445 15.0  8                                             
N3020 095006.6 +124854       8   3.2   1.6 105  28296 UGC  5271            
N3021 095057.3 +333316       8   1.6   0.9 110  28357 UGC  5280            
N3022 094939.2 -051001       8   1.6   1.6   0  28257 MCG -1-25- 46        
N3023 094952.6 +003713       8   2.9   1.4  70  28272 UGC  5269            
N3024 095027.5 +124557       8   2.1   0.5 125  28324 UGC  5275            
N3025 094928.4 -214431       8   1.5   1.2 110  28249 ESO  566- 15         
N3026 095054.3 +283257       8   2.7   0.8  82  28351 UGC  5279            
N3027 095539.5 +721213 12.18 8   4.3   2.0 130  28636 UGC  5316            
N3028 094954.3 -191108       8   1.3   1.0  48  28276 ESO  566- 16         
N3029 094853.7 -080306 14.50 8   1.4   1.0   0  28206 MCG -1-25- 47        
N3030 095010.5 -121335 15.   8                                             
N3031 095533.5 +690400  7.89 8  26.9  14.1 157  28630 UGC  5318       M  81 Bode's Galaxy      
N3032 095208.0 +291413 13.18 8   2.0   1.8  95  28424 UGC  5292            
N3033 094830.0 -562529  9.24 3                                             
N3034 095554.0 +694057  9.30 8  11.2   4.3  65  28655 UGC  5322       M  82 Ursa Major A
N3035 095155.0 -064923       8   1.6   1.4   0  28415 MCG -1-25- 52        
N3036                        3                                             
N3037 095123.6 -270036       8   1.2   1.1   0  28381 ESO  499- 10         
N3038 095115.9 -324518 12.42 8   2.5   1.3 130  28376 ESO  374-  2         
N3039 095229.2 +020917       8   1.3   0.6  12  28452 UGC  5297            
N3040 095305.1 +192555 14.2  8                                             
N3041 095307.0 +164044 12.30 8   3.7   2.4  95  28485 UGC  5303            
N3042 095320.0 +004158       8   1.2   0.8 111  28498 UGC  5307            
N3043 095614.0 +591825       8   1.7   0.6  84  28672 UGC  5327            
N3044 095339.8 +013446 12.46 8   4.9   0.7  13  28517 UGC  5311            
N3045 095317.8 -183844       8   1.4   0.6 110  28492 MCG -3-25- 28        
N3046      		                                                  
N3047 095432.5 -011732 14.2  8                                             
N3048 095456.5 +162723 15.2  8                                             
N3049 095449.8 +091619       8   2.2   1.4  25  28590 UGC  5325            
N3050 094308.5 -102300 14.   8                                             
N3051 095358.7 -271706       8   2.1   1.9   0  28536 ESO  499- 16         
N3052 095428.0 -183822 12.78 8   2.0   1.3 102  28570 ESO  566- 26         
N3053 095533.8 +162558       8   1.8   0.9 140  28631 UGC  5329            
N3054 095429.0 -254210       8   3.8   2.3 118  28571 ESO  499- 18         
N3055 095517.4 +041617 12.70 8   2.1   1.3  63  28617 UGC  5328            
N3056 095433.0 -281749 12.57 8   1.8   1.1  16  28576 ESO  435-  7         
N3057 100536.0 +801700 13.49 8   2.2   1.3   5  29296 UGC  5404            
N3058A095336.1 -122858       8   1.3   0.7   0  28513 MCG -2-25- 26        
N3059 095008.1 -735517 11.70 8   3.6   3.2   0  28298 ESO   37-  7         
N3060 095619.7 +164954       8   2.2   0.6  78  28680 UGC  5338            
N3061 095611.9 +755154 13.47 8   1.7   1.5   0  28670 UGC  5319            
N3062 095635.8 +012542       8   0.6   0.3  65  28699 CGCG   8-  2         
N3063      		                                                  
N3064 095541.6 -062149       8   1.1   0.3   0  28638 MCG -1-26-  1        
N3065 100153.2 +721013 13.50 8   1.7   1.7   0  29046 UGC  5375            
N3066 100210.0 +720725 13.55 8   1.1   1.0   0  29059 UGC  5379            
N3067 095822.0 +322212 12.78 8   2.5   0.9 105  28805 UGC  5351            
N3068A095830.0 +285200       8   0.9   0.8   0  28815 UGC  5353            
N3069 095754.0 +102600       8   0.8   0.4   0  28788 MCG  2-26-  5        
N3070 095807.1 +102140 13.25 8   1.4   1.4   0  28796 UGC  5350            
N3071 095848.0 +313600       8   0.1   0.1   0  28825 CGCG 153-  8         
N3072 095723.8 -192120       8   1.9   0.6  71  28749 ESO  566- 33         
N3073 100051.9 +553713 14.07 8   1.3   1.2   0  28974 UGC  5374            
N3074 095941.2 +352332 13.30 8   2.3   2.1 145  28888 UGC  5366            
N3075 095856.2 +142516       8   1.2   0.8 135  28833 UGC  5360            
N3076 095737.6 -181044       8   1.0   0.9   0  28766 ESO  566- 34         
N3077 100321.1 +684402 10.61 8   5.4   4.5  45  29146 UGC  5398            
N3078 095824.5 -265534 12.14 8   2.5   2.1 177  28806 ESO  499- 27         
N3079 100158.2 +554043 11.54 8   7.9   1.4 165  29050 UGC  5387            
N3080 095956.1 +130237       8   0.9   0.8   0  28910 UGC  5372            
N3081 095929.7 -224930 12.85 8   2.1   1.6 158  28876 ESO  499- 31         
N3082 095853.0 -302123       8   1.8   0.7  26  28829 ESO  435- 18         
N3083 095949.7 -025241       8   1.0   0.4   0  28900 MCG  0-26-  2        
N3084 095906.5 -270741       8   1.7   1.2   2  28841 ESO  499- 29         
N3085 095928.9 -192936       8   1.2   0.4 119  28875 ESO  566- 38         
N3086 100011.0 -025835       8   1.1   0.4   0  28924 MCG  0-26-  3        
N3087 095908.8 -341330 11.58 8   2.5   2.0   0  28845 ESO  374- 15         
N3088 100109.2 +222411 14.7  8                                             
N3089 095936.7 -281949       8   1.8   1.0 139  28882 ESO  435- 24         
N3090 100030.2 -025819 13.60 8   1.7   1.4   0  28945 MCG  0-26-  5        
N3091 100013.9 -193814 12.13 8   3.0   1.9 149  28927 ESO  566- 41         
N3092 100047.5 -030046       8   1.2   0.6   0  28967 MCG  0-26-  8        
N3093 100053.6 -025821       8   0.7   0.3   0  28977 MCG  0-26-  7        
N3094 100126.0 +154617       8   2.0   1.4  75  29009 UGC  5390            
N3095 100006.2 -313308       8   3.5   2.0 126  28919 ESO  435- 26         
N3096 100032.9 -193945 14.35 8   1.0   0.8 170  28950 ESO  566- 42         
N3097                        0                                             
N3098 100217.4 +244237 12.89 8   2.3   0.6  90  29067 UGC  5397            
N3099 100236.6 +324224 15.4  8                                             
N3100 100041.2 -313945 12.00 8   3.2   1.6 154  28960 ESO  435- 30         
N3101 100135.6 -025943       8   1.2   0.3   0  29025 MCG  0-26- 11        
N3102 100430.7 +600626       8   0.8   0.8   0  29220 UGC  5418            
N3103 100041.2 -313945 13.50 8                                             
N3104 100357.9 +404528       8   3.3   2.2  35  29186 UGC  5414            
N3105 100048.0 -544600 10.73 3                                             
N3106 100405.6 +311110 13.27 8   1.8   1.8   0  29196 UGC  5419            
N3107 100421.9 +133717       8   0.7   0.6 140  29209 UGC  5425            
N3108 100229.5 -314037 12.78 8   2.5   1.8 110  29076 ESO  435- 32         
N3109 100306.7 -260932 10.39 8  19.1   3.7  93  29128 ESO  499- 36         
N3110 100402.2 -062832       8   1.5   0.7   0  29192 MCG -1-26- 14        
N3111 100608.2 +471547       8   0.9   0.8   0  29338 UGC  5441            
N3112 100359.4 -204651 15.88 8                                             
N3113 100426.2 -282635       8   3.3   1.2  87  29216 ESO  435- 35         
N3114 100242.0 -600700  4.47 3                                             
N3115 100514.1 -074307  9.87 8   7.2   2.5  40  29265 MCG -1-26- 18         Spindle Galaxy 
N3116 100645.0 +310551 15.3  8                                             
N3117 100610.5 +025440       8   0.9   0.9   0  29340 UGC  5445            
N3118 100711.9 +330147       8   2.5   0.4  41  29415 UGC  5452            
N3119 100647.8 +141850 15.3  8                                             
N3120 100522.9 -341313 13.52 8   1.8   1.3   1  29278 ESO  374- 29         
N3121 100652.2 +142221       8   1.7   1.4  20  29387 UGC  5450            
N3122 100401.9 -062828 13.5  8                                             
N3123      		                                                  
N3124 100639.7 -191317 12.86 8   3.0   2.5 165  29377 ESO  567- 17         
N3125 100634.5 -295610 13.50 8   1.1   0.7 114  29366 ESO  435- 41         
N3126 100820.9 +315150       8   2.8   0.5 123  29484 UGC  5466            
N3127 100624.8 -160736       8   1.2   0.2   0  29357 MCG -3-26- 22        
N3128 100601.4 -160724       8   1.6   0.7   0  29330 MCG -3-26- 20        
N3129      		                                                  
N3130 100812.5 +095835       8   1.0   0.6  30  29475 UGC  5468            
N3131 100836.3 +181350       8   2.4   0.7  54  29499 UGC  5471            
N3132 100701.8 -402611 10.09 6                                              Eight-Burst Planetary           
N3133 100712.7 -115755       8                                             
N3134                        0                                             
N3135 101055.0 +455658       8   0.9   0.6  90  29646 UGC  5486            
N3136A100333.6 -672652       8   2.0   0.3  83  29160 ESO   92-  7         
N3136 100548.2 -672239 11.70 8   3.1   2.1  30  29311 ESO   92-  8         
N3136B101013.3 -670018 12.70 8   1.5   0.9  30  29597 ESO   92- 13         
N3137 100907.4 -290351 12.10 8   6.3   2.2   1  29530 ESO  435- 47         
N3138 100906.0 -115800       8   1.2   0.4   0  29532 MCG -2-26- 32        
N3139 101005.2 -114644       8   1.4   1.2   0  29583 MCG -2-26- 34        
N3140 100927.9 -163742 14.80 8   0.9   0.5   0  29548 MCG -3-26- 28        
N3141 100919.9 -163912 15.28 8                                             
N3142 101006.4 -082846 14.   8                                             
N3143 101004.0 -123453 14.90 8   0.8   0.6   0  29579 MCG -2-26- 33        
N3144 101533.2 +741318       8   1.2   0.7   0  29949 UGC  5519            
N3145 101010.0 -122602 12.54 8   3.1   1.6   0  29591 MCG -2-26- 36        
N3146 101110.1 -205207       8   1.0   0.9 100  29663 ESO  567- 23         
N3147 101653.2 +732404 11.43 8   3.9   3.5 155  30019 UGC  5532            
N3148 101326.4 +502644 16.   8                                             
N3149 100345.3 -802519       8   2.0   1.9   0  29171 ESO   19-  1         
N3150 101326.3 +383927 15.4  8                                             
N3151 101330.0 +383701       8   1.2   0.7   0  29796 MCG  7-21- 18        
N3152 101334.8 +385026       8   1.0   0.6   0  29805 MCG  7-21- 18A       
N3153 101250.2 +124008       8   2.1   0.9 170  29747 UGC  5505            
N3154 101301.3 +170203 14.3  8                                             
N3155 101741.8 +742055       8   1.4   1.0  35  30064 UGC  5538            
N3156 101241.1 +030750 13.07 8   1.9   1.1  47  29730 UGC  5503            
N3157 101143.0 -313832       8   2.5   0.5  38  29691 ESO  435- 51         
N3158 101350.8 +384555 12.94 8   2.0   1.8   0  29822 UGC  5511            
N3159 101353.2 +383912 14.61 8   2.1   2.1   0  29825 MCG  7-21- 21        
N3160 101355.2 +385032 15.2  8                                             
N3161 101359.5 +383921       8   2.1   1.6   0  29837 MCG  7-21- 22        
N3162 101332.0 +224423 12.21 8   3.0   2.5   0  29800 UGC  5510            
N3163 101407.1 +383910 14.33 8   1.5   1.5   0  29846 UGC  5517            
N3164 101512.1 +564024       8   0.9   0.7   0  29928 UGC  5527            
N3165 101331.4 +032232 14.50 8   1.6   0.8 177  29798 UGC  5512            
N3166 101345.0 +032531 11.32 8   4.8   2.3  87  29814 UGC  5516            
N3167      		                                                  
N3168 101624.0 +601400       8   1.0   0.9   0  30001 UGC  5536            
N3169 101414.4 +032808 11.08 8   4.4   2.8  45  29855 UGC  5525            
N3170      		                                                  
N3171 101536.7 -203846       8   1.7   1.1 176  29950 ESO  567- 31         
N3172 114714.0 +890535 14.9  8                                              Polarissima Borealis           
N3173 101435.1 -274132       8   2.1   1.7   7  29883 ESO  500- 16         
N3174 101532.4 +741312 14.3  8                                             
N3175 101442.4 -285220 12.13 8   5.0   1.3  56  29892 ESO  436-  3         
N3176      		                                                  
N3177 101634.5 +210729 13.04 8   1.4   1.2 135  30010 UGC  5544            
N3178 101609.2 -154730       8   1.3   0.7   0  29980 MCG -3-26- 34        
N3179 101757.1 +410652       8   1.9   0.5  48  30078 UGC  5555            
N3180 101817.0 +412526 10.4  8                                             
N3181      		                                                  
N3182 101933.3 +581220       8   1.8   1.5 155  30176 UGC  5568            
N3183 102150.4 +741041 12.68 8   2.3   1.4 170  30323 UGC  5582            
N3184 101817.3 +412526 10.36 8   7.4   6.9 135  30087 UGC  5557            
N3185 101738.7 +214119 12.99 8   2.3   1.6 130  30059 UGC  5554            
N3186 101738.0 +065815 15.0  8                                             
N3187 101747.6 +215225 13.91 8   3.0   1.3   0  30068 UGC  5556            
N3188A101938.2 +572509       8   0.4   0.2   0  30179 MCG 10-15- 64        
N3188 101943.0 +572516       8   0.9   0.9   0  30183 UGC  5569            
N3189 101805.6 +214952 11.9  8                                             
N3190 101805.7 +214959 12.12 8   4.4   1.5 125  30083 UGC  5559            
N3191 101905.0 +462716       8   0.8   0.6   5  30136 UGC  5565            
N3192 101858.4 +462715 16.09 0                                             
N3193 101825.0 +215342 11.83 8   3.0   2.7   0  30099 UGC  5562            
N3194 101740.2 +742050 13.9  8                                             
N3195 100921.3 -805127       6                                             
N3196 101849.0 +274007 15.7  8                                             
N3197 101428.1 +774915       8   1.3   1.0 155  29870 UGC  5500            
N3198 101954.9 +453309 10.87 8   8.5   3.3  35  30197 UGC  5572            
N3199 101632.8 -575602       5                                             
N3200 101836.5 -175857 12.83 8   4.2   1.3 169  30108 ESO  567- 45         
N3201 101736.8 -462440  9.18 4                                             
N3202 102032.1 +430114       8   1.2   0.8  20  30236 UGC  5581            
N3203 101934.5 -264153 13.10 8   2.9   0.6  58  30177 ESO  500- 24         
N3204 102010.9 +274904       8   1.3   0.9 110  30214 UGC  5580            
N3205 102049.8 +425818       8   1.4   1.1   0  30254 UGC  5585            
N3206 102148.4 +565550       8   3.0   1.9   0  30322 UGC  5589            
N3207 102100.6 +425908       8   1.3   0.8  73  30267 UGC  5587            
N3208 101941.0 -254848 13.42 8   1.8   1.6  20  30180 ESO  500- 25         
N3209 102038.5 +253015       8   1.3   1.1  80  30242 UGC  5584            
N3210 102822.9 +794911       8                                             
N3211 101750.4 -624012 19.4  6                                             
N3212 102817.6 +794929       8   1.5   1.1 107  30813 UGC  5643            
N3213 102117.7 +193907       8   1.1   0.9 133  30283 UGC  5590            
N3214 102308.5 +570216       8   1.5   0.8   0  30419 MCG 10-15- 71        
N3215 102841.8 +794848       8   1.1   1.0 130  30840 UGC  5659            
N3216 102136.0 +235400       8   1.3   1.0   0  30312 UGC  5593            
N3217      		                                                  
N3218 102148.9 +741039 12.5  8                                             
N3219 102237.4 +383444 15.4  8                                             
N3220 102345.2 +570138       8   1.7   0.6  97  30462 UGC  5614            
N3221 102220.4 +213409       8   3.2   0.7 167  30358 UGC  5601            
N3222 102234.7 +195314 13.70 8   1.3   1.1   0  30377 UGC  5610            
N3223 102136.0 -341600 11.79 8   4.1   2.5 135  30308 ESO  375- 12         
N3224 102141.5 -344145 12.00 8   1.9   1.5 133  30314 ESO  375- 13         
N3225 102510.4 +580902       8   2.0   1.0 155  30569 UGC  5631            
N3226 102327.4 +195355 12.30 8   3.2   2.8  15  30440 UGC  5617            
N3227 102331.5 +195148 11.10 8   5.4   3.6 155  30445 UGC  5620            
N3228 102148.0 -514300  6.15 3                                             
N3229 102153.2 +001743 14.62 0                                             
N3230 102342.0 +123300       8   2.3   1.1 115  30463 UGC  5624            
N3231      		                                                  
N3232 102424.0 +280000       8   0.7   0.7   0  30508 MCG  5-25-  4        
N3233 102157.4 -221604       8   1.7   0.9 140  30336 ESO  568-  1         
N3234      		                                                  
N3235 102454.0 +280100       8   1.2   0.9  85  30553 UGC  5635            
N3236 102648.5 +611622 15.3  8                                             
N3237 102543.9 +393848       8   1.3   1.3   0  30610 UGC  5640            
N3238 102643.3 +571339       8   1.4   1.3   0  30686 UGC  5649            
N3239 102505.6 +170935 11.73 8   5.0   3.3   0  30560 UGC  5637            
N3240 102430.9 -214726       8   1.1   0.9  85  30515 ESO  568-  3         
N3241 102417.5 -322856       8   2.2   1.5 123  30498 ESO  436- 16         
N3242 102446.1 -183832 10.3  6                                              Ghost of Jupiter           
N3243 102621.7 -023719       8   1.4   1.1 125  30655 UGC  5652            
N3244 102529.3 -394940 12.89 8   2.0   1.5 170  30594 ESO  317- 24         
N3245A102701.2 +283829       8   3.3   0.3 150  30714 UGC  5662            
N3245 102718.3 +283029 11.70 8   3.2   1.8 177  30744 UGC  5663            
N3246 102641.6 +035138       8   2.4   1.3 100  30684 UGC  5661            
N3247 102417.3 -574535  7.99 3                                             
N3248 102745.6 +225056       8   2.5   1.1 135  30776 UGC  5669            
N3249 102622.1 -345748       8   1.6   1.3 139  30657 ESO  375- 24         
N3250 102632.4 -395636 12.18 8   2.8   2.0 148  30671 ESO  317- 26         
N3250C102742.7 -400008       8   1.8   0.5  56  30774 ESO  317- 28         
N3250B102744.3 -402608 13.74 8   2.3   0.6   6  30775 ESO  317- 29         
N3250A102753.6 -400450       8   1.2   0.2  89  30790 ESO  317- 30         
N3250D102757.9 -394857       8   1.7   0.3  29  30792 ESO  317- 31         
N3250E102900.9 -400459       8   2.1   1.4 142  30865 ESO  317- 34         
N3251 102916.9 +260558       8   2.0   0.4  55  30892 UGC  5684            
N3252 103423.0 +734549       8   2.0   0.6  35  31278 UGC  5732            
N3253 102827.5 +124222 14.30 8   1.2   1.1   0  30829 UGC  5674            
N3254 102920.0 +292928 12.41 8   5.0   1.6  46  30895 UGC  5685            
N3255 102630.0 -604000 11.54 3                                             
N3256A102551.1 -434453       8   1.3   0.6  85  30626 ESO  263- 34         
N3256 102751.5 -435420 12.15 8   3.8   2.1 100  30785 ESO  263- 38         
N3256B102901.3 -442411       8   1.8   0.5 135  30867 ESO  263- 39         
N3256C102905.9 -435111       8   1.5   1.1 159  30873 ESO  263- 41         
N3257 102847.1 -353928 14.11 8   1.0   0.9   0  30849 ESO  375- 36         
N3258A102819.1 -352715 14.10 8   1.1   0.5 169  30815 ESO  375- 32         
N3258 102854.2 -353622 12.49 8   2.9   2.5  75  30859 ESO  375- 37         
N3258C103124.9 -351314       8   1.2   0.9  48  31053 ESO  375- 53         
N3258D103155.8 -352433       8   1.6   0.9   5  31094 ESO  375- 58         
N3258E103225.2 -345958       8   1.6   0.3  27  31131 ESO  375- 60         
N3259 103235.3 +650229       8   2.2   1.2  20  31145 UGC  5717            
N3260 102906.2 -353540 13.71 8   1.2   1.0   2  30875 ESO  375- 40         
N3261 102902.1 -443923       8   3.7   2.8  85  30868 ESO  263- 40         
N3262 102906.5 -440941       8   1.1   0.9 108  30876 ESO  263- 42         
N3263 102913.7 -440617 12.50 8   5.1   1.4  97  30887 ESO  263- 43         
N3264 103220.3 +560500 12.50 8   2.9   1.2 177  31125 UGC  5719            
N3265 103107.1 +284748       8   1.3   1.0  73  31029 UGC  5705            
N3266 103317.7 +644458       8   1.5   1.3 105  31198 UGC  5725            
N3267 102949.7 -351924       8   1.8   1.1 148  30934 ESO  375- 42         
N3268 103000.6 -351930 12.50 8   3.5   2.5  71  30949 ESO  375- 45         
N3269 102957.6 -351330 13.14 8   2.5   1.1   8  30945 ESO  375- 44         
N3270 103130.2 +245209 13.90 8   3.2   0.8  10  31059 UGC  5711            
N3271 103026.6 -352131 12.86 8   3.1   1.8 106  30988 ESO  375- 48         
N3272 103210.4 +282858       8                                             
N3273 103029.2 -353649 13.55 8   1.7   0.8  97  30992 ESO  375- 49         
N3274 103216.7 +274013 13.21 8   2.1   1.0 100  31122 UGC  5721            
N3275 103051.8 -364425 11.80 8   2.8   2.1   0  31014 ESO  375- 50         
N3276 103109.5 -395644       8   1.0   0.6  74  31031 ESO  317- 40         
N3277 103255.4 +283043 12.50 8   1.9   1.7   0  31166 UGC  5731            
N3278 103135.6 -395721       8   1.3   0.9  62  31068 ESO  317- 43         
N3279 103442.7 +111157       8   2.9   0.3 152  31302 UGC  5741            
N3280 103246.4 -123804 16.   8                                             
N3281 103152.2 -345127 12.70 8   3.3   1.7 140  31090 ESO  375- 55         
N3281C103259.4 -345311       8   1.4   0.3 160  31173 ESO  375- 63         
N3281D103419.0 -342413       8   2.0   0.4 160  31273 ESO  375- 68         
N3282 103222.5 -221804       8   1.9   0.6  82  31129 ESO  568- 16         
N3283      		                                                  
N3284      		                                                  
N3285A103248.8 -273123       8   1.2   0.9 171  31161 ESO  501-  8         
N3285 103335.9 -272718 13.05 8   2.6   1.5 108  31217 ESO  501- 15         
N3285B103437.0 -273914       8   1.5   1.1  43  31293 ESO  501- 18         
N3286 103618.0 +583600       8   0.8   0.5   0  31433 MCG 10-15-112        
N3287 103447.7 +213902       8   2.1   1.0  20  31311 UGC  5742            
N3288 103626.6 +583327       8   1.1   0.9 175  31446 UGC  5752            
N3289 103407.3 -351925 13.44 8   2.2   0.6 153  31253 ESO  375- 65         
N3290 103517.6 -171636       8   1.0   0.5   0  31346                      
N3291      		                                                  
N3292 103531.1 -061106       8   1.1   0.9   0  31370 MCG -1-27- 23        
N3293 103548.8 -581300  4.84 3                                              Gem Cluster 
N3294 103616.1 +371928 12.20 8   3.5   1.8 122  31428 UGC  5753            
N3295                        8                                             
N3296 103245.4 -124302 14.61 8                                             
N3297 103311.8 -124018 15.38 8                                             
N3298 103712.3 +500713 15.2  8                                             
N3299 103623.8 +124224       8   2.2   1.7   3  31442 UGC  5761            
N3300 103638.5 +141019       8   1.9   1.0 173  31472 UGC  5766            
N3301 103655.6 +215258 12.31 8   3.5   1.0  52  31497 UGC  5767            
N3302 103547.5 -322133       8   1.7   1.2 118  31391 ESO  437-  7         
N3303 103659.6 +180813       8   3.0   2.1   0  31508 UGC  5773            
N3304 103737.6 +372722       8   1.7   0.6 158  31572 UGC  5777            
N3305 103612.5 -270946 13.77 8   1.1   1.1   0  31421 ESO  501- 30         
N3306 103710.4 +123913       8   1.3   0.5 141  31528 UGC  5774            
N3307 103617.3 -273146 14.49 8   0.9   0.3  28  31430 ESO  501- 31         
N3308 103622.3 -272616 12.94 8   1.7   1.3  32  31438 ESO  501- 34         
N3309 103636.3 -273105 12.60 8   1.9   1.6   0  31466 ESO  501- 36         
N3310 103846.1 +533008 11.15 8   3.1   2.4   0  31650 UGC  5786            
N3311 103643.3 -273141 12.65 8   3.5   2.9   0  31478 ESO  501- 38         
N3312 103702.4 -273353       8   3.3   1.3 175  31513 ESO  501- 43         
N3313 103725.6 -251906 12.21 8   3.9   3.2  55  31551 ESO  501- 50         
N3314A103713.0 -274105       8   1.5   0.7 143  31531 ESO  501- 46A        
N3314B103712.9 -274102       8   3.6   3.0   0  31532 ESO  501- 46B        
N3315 103719.6 -271130 14.42 8   1.1   1.0   0  31540 ESO  501- 48         
N3316 103737.4 -273536       8   1.3   1.1   0  31571 ESO  501- 54         
N3317      		                                                  
N3318A103532.2 -414427       8   1.4   0.4   3  31373 ESO  317- 50         
N3318 103715.7 -413742 12.19 8   2.4   1.3  78  31533 ESO  317- 52         
N3318B103734.9 -412754       8   1.5   1.1 110  31565 ESO  317- 53         
N3319 103910.0 +414118 11.48 8   6.2   3.4  37  31671 UGC  5789            
N3320 103936.7 +472346       8   2.2   1.0  20  31708 UGC  5794            
N3321 103850.7 -113854       8   2.5   1.2   0  31653 MCG -2-27- 10        
N3322 103850.7 -113855 14.   8                                             
N3323 103939.2 +251919       8   1.3   0.7   0  31712 UGC  5800            
N3324 103718.0 -583759  6.91 3                                             
N3325 103920.3 -001154       8   1.3   1.1  55  31689 UGC  5795            
N3326 103931.4 +050632       8   0.6   0.5   0  31701 UGC  5799            
N3327 103957.9 +240531       8   1.1   0.9  85  31729 UGC  5803            
N3328      		                                                  
N3329 104440.3 +764838       8   1.8   1.0 140  32059 UGC  5837            
N3330 103836.0 -540859  7.55 3                                             
N3331 104008.7 -234916       8   1.2   0.9   0  31743 ESO  501- 72         
N3332 104028.7 +091100       8   1.4   1.4   0  31768 UGC  5807            
N3333 103950.0 -360210 13.93 8   2.0   0.4 160  31723 ESO  376-  2         
N3334 104131.4 +371843 13.85 8   1.1   1.0   0  31845 UGC  5817            
N3335 103934.5 -235521       8   1.1   0.9 130  31706 ESO  501- 71         
N3336 104016.7 -274634       8   1.9   1.5 123  31754 ESO  437- 36         
N3337 104147.6 +045917 15.3  8                                             
N3338 104207.5 +134452 11.64 8   5.9   3.6 100  31883 UGC  5826            
N3339 104218.1 -002237 13.90 8                                             
N3340 104217.8 -002242       8   1.0   0.9 145  31892 UGC  5827            
N3341 104231.6 +050235 14.9  8                                             
N3342      		                                                  
N3343 104600.0 +732100       8   1.3   0.9  55  32143 UGC  5863            
N3344 104330.8 +245525 10.45 8   7.1   6.5   0  31968 UGC  5840            
N3345      		                                                  
N3346 104338.7 +145218       8   2.9   2.5   0  31982 UGC  5842            
N3347A104020.9 -362447       8   2.0   0.7   5  31761 ESO  376-  4         
N3347C104054.0 -361718       8   1.5   1.2  20  31797 ESO  376-  5         
N3347B104159.9 -365607       8   3.2   0.8  95  31875 ESO  376- 10         
N3347 104246.4 -362114 12.17 8   3.6   2.1 173  31926 ESO  376- 13         
N3348 104710.0 +725027 12.17 8   2.0   2.0   0  32216 UGC  5875            
N3349 104350.6 +064547 15.2  8                                             
N3350 104418.0 +304300       8   0.1   0.1   0  32035 CGCG 155-  2         
N3351 104358.0 +114215 10.53 8   7.4   5.0  13  32007 UGC  5850       M  95
N3352 104415.6 +222217 13.53 8   1.6   1.2   0  32025 UGC  5851            
N3353 104522.6 +555733 13.25 8   1.3   1.0   0  32103 UGC  5860            
N3354 104302.4 -362151 13.72 8   0.8   0.7   0  31941 ESO  376- 14         
N3355 104126.0 -232259 14.05 8                                             
N3356 104412.4 +064532 13.80 8   1.7   0.8 102  32021 UGC  5852            
N3357 104420.8 +140507       8   1.4   1.3  90  32032 UGC  5206            
N3358 104333.5 -362439 12.29 8   3.3   1.9 141  31974 ESO  376- 17         
N3359 104637.7 +631322 11.03 8   7.2   4.4 170  32183 UGC  5873            
N3360 104416.2 -111435 14.41 8   1.2   0.9   0  32026 MCG -2-28-  3        
N3361 104429.1 -111228 13.44 8   2.0   1.2   0  32044 MCG -2-28-  4        
N3362 104451.6 +063541       8   1.4   1.1  90  32078 UGC  5857            
N3363 104510.3 +220453       8   1.3   0.8   0  32089 UGC  5866            
N3364 104831.3 +722528 13.46 8   1.5   1.5   0  32314 UGC  5890            
N3365 104613.1 +014846 13.17 8   4.5   0.8 159  32153 UGC  5878            
N3366 103508.5 -434132 12.03 8   2.2   1.1  37  31335 ESO  264-  7         
N3367 104634.5 +134509 12.05 8   2.5   2.2   0  32178 UGC  5880            
N3368 104645.2 +114916 10.11 8   7.6   5.2   5  32192 UGC  5882       M  96
N3369 104644.8 -251438       8   1.4   0.8 114  32191 ESO  501- 95         
N3370 104703.7 +171626       8   3.2   1.8 148  32207 UGC  5887            
N3371 104816.9 +123742 10.0  8                                             
N3372 104419.0 -595321       5                                              Eta Carina, Keyhole Nebula           
N3373 113813.1 +120642 13.1  8                                             
N3374 104801.2 +431110       8   1.3   0.9 160  32266 UGC  5901            
N3375 104700.8 -095630 13.43 8   1.5   1.1   0  32205 MCG -2-28-  8        
N3376 104726.7 +060248       8   0.8   0.4 167  32231 UGC  5891            
N3377A104722.6 +140417 14.22 8   2.2   2.1   0  32226 UGC  5889            
N3377 104741.7 +135900 11.24 8   5.2   3.0  35  32249 UGC  5899            
N3378 104643.0 -400056       8   1.5   1.4   0  32189 ESO  318- 12         
N3379 104749.9 +123457 10.24 8   5.4   4.8   0  32256 UGC  5902       M 105
N3380 104812.5 +283608       8   1.7   1.3   0  32287 UGC  5906            
N3381 104825.1 +344244       8   2.0   1.9   0  32302 UGC  5909            
N3382      		                                                  
N3383 104719.2 -242621       8   1.4   1.1  24  32224 ESO  501- 97         
N3384 104817.2 +123749 10.85 8   5.5   2.5  53  32292 UGC  5911            
N3385 104812.0 +045546       8   1.5   0.9  97  32285 UGC  5908            
N3386 104811.9 +045954 14.8  8                                             
N3387 104811.9 +045954 14.8  8                                             
N3388                        8                                             
N3389 104827.9 +123201 12.36 8   2.8   1.3 112  32306 UGC  5914            
N3390 104804.0 -313157 12.85 8   3.5   0.6 177  32271 ESO  437- 62         
N3391 104856.5 +141318       8   1.0   0.7  35  32347 UGC  5920            
N3392 105054.0 +654600       8   0.8   0.6   0  32512 MCG 11-13- 42        
N3393 104824.1 -250940       8   2.2   2.0   0  32300 ESO  501-100         
N3394 105039.0 +654339       8   1.9   1.4  35  32495 UGC  5937            
N3395 104949.5 +325851 12.40 8   2.1   1.2  50  32424 UGC  5931            
N3396 104956.1 +325922       8   3.1   1.2 100  32434 UGC  5935            
N3397 104439.5 +764834 12.9  8                                             
N3398 105134.9 +552755       8   1.3   0.6   0  32568 MCG  9-18- 39        
N3399 104924.0 +161300       8   1.7   1.7   0  32395 MCG  3-28- 12        
N3400 105045.6 +282806       8   1.3   0.8 100  32499 UGC  5949            
N3401      		                                                  
N3402      		                                                  
N3403 105355.3 +734120       8   3.0   1.2  73  32719 UGC  5997            
N3404 105018.1 -120631       8   2.1   0.5   0  32466 MCG -2-28- 11        
N3405 104943.3 +161418 14.4  8                                             
N3406 105146.0 +510205 13.7  8                                             
N3407 105212.0 +612300       8   1.4   0.7  15  32626 UGC  5978            
N3408 105212.2 +582618       8   1.0   0.9 175  32616 UGC  5977            
N3409 105020.3 -170238       8   1.2   0.2   0  32470 MCG -3-28- 12        
N3410 105153.9 +510024       8   0.4   0.3   0  32594 MCG  9-18- 42        
N3411 105026.2 -125044 12.90 8   2.1   2.1   0  32479 MCG -2-28- 12        
N3412 105053.2 +132446 11.45 8   3.6   2.0 155  32508 UGC  5952            
N3413 105121.1 +324604       8   2.2   0.9 178  32543 UGC  5960            
N3414 105116.3 +275833 11.96 8   3.5   2.6   0  32533 UGC  5959            
N3415 105142.7 +434244 13.45 8   2.1   1.3  10  32579 UGC  5969            
N3416 105148.5 +434550       8   0.6   0.2   0  32588 MCG  7-22- 73        
N3417 105101.8 +082822 15.3  8                                             
N3418 105124.3 +280645       8   1.4   1.1  75  32549 UGC  5963            
N3419 105117.6 +135643       8   1.2   1.0 115  32535 UGC  5964            
N3419A105119.9 +140127       8   1.8   0.2 137  32540 UGC  5965            
N3420 105009.7 -171434       8   1.3   1.1   0  32453 MCG -3-28- 11        
N3421 105057.8 -122654       8   2.0   1.6   0  32514 MCG -2-28- 13        
N3422 105117.5 -122409       8   1.3   0.3   0  32534 MCG -2-28- 15        
N3423 105113.3 +055031 11.59 8   3.8   3.2  10  32529 UGC  5962            
N3424 105146.6 +325402       8   2.8   0.8 112  32584 UGC  5972            
N3425 105125.8 +083404       8   1.0   1.0   0  32555 UGC  5967            
N3426 105142.0 +182852       8   1.1   0.8   0  32577 UGC  5975            
N3427 105126.7 +081752       8   1.1   0.5  77  32559 UGC  5966            
N3428 105124.0 +091700       8   1.5   0.7 170  32552 UGC  5968            
N3429 105057.4 +091555       8                                             
N3430 105210.9 +325709 12.20 8   4.0   2.2  30  32614 UGC  5982            
N3431 105115.0 -170029       8   1.3   0.3   0  32531 MCG -3-28- 14        
N3432 105231.3 +363708 11.67 8   6.8   1.5  38  32643 UGC  5986            
N3433 105203.5 +100900       8   3.5   3.2  50  32605 UGC  5981            
N3434 105157.7 +034729       8   2.1   1.9   5  32595 UGC  5980            
N3435 105448.6 +611725       8   1.9   1.2  35  32786 UGC  6025            
N3436 105228.8 +075414 15.2  8                                             
N3437 105235.0 +225604       8   2.5   0.8 122  32648 UGC  5995            
N3438 105226.1 +103249       8   0.8   0.8   0  32638 UGC  5988            
N3439 105225.9 +083325 15.2  8                                             
N3440 105350.2 +570713       8   2.1   0.5  48  32714 UGC  6009            
N3441 105231.1 +071328       8   0.7   0.4   5  32642 UGC  5993            
N3442 105308.2 +335436 13.80 8   0.6   0.5  30  32679 UGC  6001            
N3443 105300.5 +173430       8   2.8   1.4 145  32671 UGC  6000            
N3444 105259.5 +101240       8   1.1   0.2  19  32670 UGC  6004            
N3445 105436.5 +565928 12.90 8   1.6   1.5   0  32772 UGC  6021            
N3446      		                                                  
N3447 105323.4 +164624       8   3.7   2.1   0  32694 UGC  6006            
N3447A105329.0 +164707       8   1.5   0.8 110  32700 UGC  6007            
N3448 105439.1 +541824 12.48 8   5.6   1.8  65  32774 UGC  6024            
N3449 105253.1 -325534 12.19 8   3.3   1.0 148  32666 ESO  376- 25         
N3450 104803.9 -205058       8   2.5   2.2 140  32270 ESO  569-  6         
N3451 105420.8 +271424       8   1.7   0.8  50  32754 UGC  6023            
N3452 105414.2 -112420       8   1.0   0.3   0  32742 MCG -2-28- 19        
N3453 105341.1 -214729       8   1.1   0.6   4  32707 ESO  569- 17         
N3454 105429.1 +172043       8   2.1   0.4 116  32763 UGC  6026            
N3455 105431.4 +171708       8   2.5   1.5  80  32767 UGC  6028            
N3456 105403.4 -160141       8   1.9   1.3   0  32730 MCG -3-28- 18        
N3457 105448.7 +173718       8   0.9   0.9   0  32787 UGC  6030            
N3458 105601.9 +570707       8   1.4   0.9   5  32854 UGC  6037            
N3459 105444.4 -170232       8   1.6   0.5   0  32782 MCG -3-28- 22        
N3460      		                                                  
N3461      		                                                  
N3462 105521.0 +074144       8   1.7   1.2  60  32822 UGC  6034            
N3463 105513.5 -260931       8   1.5   0.7  77  32813 ESO  502-  2         
N3464 105440.5 -210354 13.00 8   2.6   1.7 112  32778 ESO  569- 22         
N3465 105924.0 +751100       8   1.2   1.0   0  33099 UGC  6056            
N3466 105615.7 +094518       8   1.2   0.7  55  32872 UGC  6042            
N3467 105644.3 +094530 14.43 8   0.9   0.8   0  32903 UGC  6045            
N3468 105731.5 +405648       8   1.6   1.0   8  32940 UGC  6048            
N3469 105657.7 -141803       8   1.7   1.2   0  32912 MCG -2-28- 24        
N3470 105845.6 +593037       8   1.4   1.2 170  33040 UGC  6060            
N3471 105909.3 +613151 13.23 8   1.7   0.8  14  33074 UGC  6064            
N3472      		                                                  
N3473 105800.0 +170600       8   1.1   1.0  40  32978 UGC  6052            
N3474 105806.0 +170500       8   0.8   0.7   0  32989 MCG  3-28- 42        
N3475 105825.5 +241340       8   1.7   1.1  65  33012 UGC  6058            
N3476 105806.0 +091600       8   0.1   0.1   0  32987 MCG  2-28- 32        
N3477 105812.5 +091302 15.7  8                                             
N3478 105927.8 +460721 13.57 8   2.6   1.2 132  33101 UGC  6069            
N3479 105855.5 -145742       8   1.7   1.2   0  33053 MCG -2-28- 27        
N3480      		                                                  
N3481 105926.6 -073239 14.   8                                             
N3482 105833.8 -463505 13.22 8   1.9   1.4  14  33025 ESO  264- 56         
N3483 105900.1 -282835       8   1.8   1.3 105  33060 ESO  438-  1         
N3484      		                                                  
N3485 110002.4 +145037       8   2.3   2.0   0  33140 UGC  6077            
N3486 110023.6 +285833 11.05 8   7.1   5.2  80  33166 UGC  6079            
N3487 110046.6 +173512 14.6  8                                             
N3488 110124.3 +574037       8   1.9   1.3 175  33242 UGC  6096            
N3489 110018.2 +135408 11.12 8   3.5   2.0  70  33160 UGC  6082            
N3490 105954.0 +092100       8   0.1   0.1   0  33128 MCG  2-28- 36        
N3491 110035.7 +120946 14.27 8   0.9   0.9   0  33180 UGC  6088            
N3492 110057.4 +103023 14.17 8   1.1   0.7 100  33207 UGC  6094            
N3493 110124.0 +274300       8   1.1   0.3  84  33249 UGC  6099            
N3494      		                                                  
N3495 110115.8 +033735 12.41 8   4.9   1.2  20  33234 UGC  6098            
N3496 105948.0 -601959  9.02 3                                             
N3497 110718.2 -192818 12.79 8                                             
N3498      		                                                  
N3499 110311.5 +561318       8   0.8   0.7   0  33375 UGC  6115            
N3500 105931.5 +751128 14.6  8                                             
N3501 110246.9 +175933       8   3.9   0.5  27  33343 UGC  6116            
N3502 110220.3 -140813       8   1.2   1.2   0  33306 MCG -2-28- 41        
N3503 110130.0 -595100       5                                             
N3504 110310.8 +275825 11.82 8   2.7   2.1   0  33371 UGC  6118            
N3505      		                                                  
N3506 110312.3 +110438       8   1.2   1.1   0  33379 UGC  6120            
N3507 110325.6 +180815 11.73 8   3.4   2.9 110  33390 UGC  6123            
N3508 110259.8 -161721       8   1.1   0.9   0  33362 MCG -3-28- 31        
N3509 110423.7 +044950       8   2.1   1.0  40  33446 UGC  6134            
N3510 110343.9 +285309       8   4.0   0.8 163  33408 UGC  6126            
N3511 110323.7 -230511 11.53 8   5.8   2.0  76  33385 ESO  502- 13         
N3512 110402.4 +280219 12.98 8   1.6   1.5   0  33432 UGC  6128            
N3513 110345.7 -231441 11.93 8   2.8   2.2  75  33410 ESO  502- 14         
N3514 110400.2 -184653       8   1.1   0.9 115  33430 ESO  570-  1         
N3515 110437.3 +281337       8   1.0   0.8  55  33467 UGC  6139            
N3516 110647.3 +723412 12.50 8   1.7   1.3   0  33623 UGC  6153            
N3517 110537.6 +563134       8   1.1   0.9 120  33532 UGC  6144            
N3518 100401.9 -062828 13.5  8                                             
N3519      		                                                  
N3520 110615.6 -181530 15.85 8                                             
N3521 110548.9 -000215  9.83 8  11.0   5.1 163  33550 UGC  6150            
N3522 110640.5 +200508       8   1.2   0.7 117  33615 UGC  6159            
N3523 110307.5 +750704       8   1.5   1.5   0  33367 UGC  6105            
N3524 110632.2 +112305       8   1.6   0.5  14  33604 UGC  6158            
N3525 110718.2 -192818 12.79 8                                             
N3526 110656.3 +071026       8   1.9   0.4  55  33635 UGC  6167            
N3527 110718.4 +283136       8   1.0   0.9   0  33669 UGC  6170            
N3528 110718.3 -192821       8   2.6   1.4  59  33667 ESO  570-  6         
N3529 110719.3 -193321       8   1.0   0.8  55  33671 ESO  570-  7         
N3530 110840.3 +571345       8   0.6   0.3  99  33766 UGC  6188            
N3531      		                                                  
N3532 110533.0 -584347  3.28 3                                             
N3533 110707.0 -371021       8   2.8   0.6  65  33647 ESO  377- 11         
N3534 110855.6 +263637 15.4  8                                             
N3535 110834.1 +044956       8   1.1   0.5 178  33760 UGC  6189            
N3536 110851.7 +282831       8   1.1   0.8 155  33779 UGC  6191            
N3537a110826.4 -101522       8   1.4   1.3   0  33752                      
N3538      		                                                  
N3539 110906.0 +284000       8   1.1   0.2   0  33799 MCG  5-26- 65        
N3540 110916.1 +360116       8   1.4   1.2   0  33806 UGC  6196            
N3541 110845.3 -105751 15.   8                                             
N3542 110955.6 +365649       8   0.8   0.3   0  33868 MCG  6-25- 13        
N3543 111056.8 +612047 14.8  8                                             
N3544 111130.0 -181717 12.81 8                                             
N3545 111012.2 +365752 14.8  8                                             
N3546 110946.4 -132259       8   1.3   0.7   0  33846 MCG -2-29-  7        
N3547 110955.4 +104323 13.20 8   1.9   0.9   7  33866 UGC  6209            
N3548      		                                                  
N3549 111056.6 +532316 12.78 8   3.2   1.2  38  33964 UGC  6215            
N3550 111038.4 +284604       8   1.0   1.0   0  33927 UGC  6214            
N3551 110944.6 +214531 14.8  8                                             
N3552 111042.5 +284135 15.1  8                                             
N3553 111040.2 +284108 15.1  8                                             
N3554 111047.8 +283936 15.3  8                                             
N3555 110936.0 +214500       8   1.8   1.7  30  33836 UGC  6203            
N3556 111131.8 +554015 10.69 8   8.7   2.2  80  34030 UGC  6225       M 108
N3557B110932.4 -372053 13.60 8   2.0   0.6 110  33824 ESO  377- 15         
N3557 110957.5 -373217 11.41 8   4.1   3.0  30  33871 ESO  377- 16         
N3558 111055.8 +283235       8   0.9   0.8   0  33960 MCG  5-27-  8        
N3559 111045.3 +120057       8   1.3   0.9  55  33940 UGC  6217            
N3560      		                                                  
N3561B111112.8 +284148       8   0.7   0.7   0  33991 MCG  5-27- 10        
N3561A111112.6 +284244       8   0.9   0.9   0  33992 MCG  5-27- 11        
N3562 111259.3 +725244 13.17 8   0.1   0.1   0  34134 UGC  6242            
N3563B111125.2 +265748       8   1.1   0.8  15  34025 UGC  6234            
N3564 111035.8 -373300 13.14 8   1.8   0.8  15  33923 ESO  377- 18         
N3565 110748.2 -200121       8   1.0   0.6 129  33701 ESO  570-  8         
N3566 110748.2 -200121       8                                             
N3567 111118.8 +055014       8   0.9   0.8  67  34004 UGC  6230            
N3568 111048.7 -372642       8   2.5   0.8   7  33952 ESO  377- 20         
N3569 111208.4 +352709       8   1.1   1.0   0  34075 UGC  6238            
N3570 111200.0 +273400       8   1.0   1.0   0  34071 UGC  6240            
N3571 111130.1 -181719       8   3.0   1.0  94  34028 ESO  570- 11         
N3572 111024.0 -601359  6.82 3                                             
N3573 111119.0 -365225 13.30 8   3.6   1.0   4  34005 ESO  377- 22         
N3574 111206.0 +273500       8   0.4   0.4   0  34080 MCG  5-27- 22        
N3575      		                                                  
N3576 111149.8 -611814       5                                             
N3577 111345.3 +481623       8   1.4   1.4   0  34195 UGC  6257            
N3578      		                                                  
N3579                        0                                             
N3580 111312.0 +033900       8   0.9   0.3   0  34159 MCG  1-29- 18        
N3581 111157.2 -611848       5                                             
N3582                        0                                             
N3583 111411.5 +481912       8   2.8   1.8 125  34232 UGC  6263            
N3584                        0                                             
N3585 111316.9 -264520 10.88 8   4.7   2.6 107  34160 ESO  502- 25         
N3586                        0                                             
N3587 111447.5 +550114       6   3.4   3.3                            M  97 Owl Nebula         
N3588 111402.5 +202312 15.3  8                                             
N3589 111513.8 +604204       8   1.5   0.8  48  34308 UGC  6275            
N3590 111254.0 -604659  8.50 3                                             
N3591 111403.0 -140518       8   1.2   0.9  70  34220 MCG -2-29- 12        
N3592 111428.4 +171532       8   1.8   0.6 120  34248 UGC  6267            
N3593 111436.1 +124907 11.86 8   5.2   1.9  92  34257 UGC  6272            
N3594 111606.0 +554100       8   1.3   1.2  10  34374 UGC  6286            
N3595 111526.0 +472649       8   1.6   0.7 176  34325 UGC  6280            
N3596 111505.3 +144717 11.95 8   4.0   3.8   0  34298 UGC  6277            
N3597 111441.9 -234346       8   1.9   1.5   0  34266 ESO  503-  3         
N3598 111511.6 +171549       8   1.9   1.3  35  34306 UGC  6278            
N3599 111527.3 +180646 12.82 8   2.7   2.1   0  34326 UGC  6281            
N3600 111552.1 +413527       8   4.1   0.9   3  34353 UGC  6283            
N3601 111533.1 +050700       8   0.5   0.4   0  34335 UGC  6282            
N3602 111548.3 +172457 15.7  8                                             
N3603 111509.1 -611617 10.05 5                                             
N3604      		                                                  
N3605 111646.7 +180104 13.13 8   1.5   1.0  17  34415 UGC  6295            
N3606 111616.1 -334935       8   1.5   1.3   0  34378 ESO  377- 32         
N3607 111654.1 +180312 10.82 8   4.9   2.5 120  34426 UGC  6297            
N3608 111658.7 +180857 11.70 8   3.2   2.6  75  34433 UGC  6299            
N3609 111750.0 +263729       8   1.2   1.0  50  34511 UGC  6310            
N3610 111825.9 +584714 11.70 8   2.7   2.3   0  34566 UGC  6319            
N3611 111729.5 +043317 12.77 8   2.1   1.7   0  34478 UGC  6305            
N3612 111813.9 +263710       8   1.0   0.8 160  34546 UGC  6321            
N3613 111836.2 +580005 11.82 8   3.9   1.9 102  34583 UGC  6323            
N3614 111821.0 +454449       8   4.6   2.6  80  34561 UGC  6318            
N3614A111811.0 +454254       8   0.8   0.8   0  34562 MCG  8-21- 14        
N3615 111806.8 +232349       8   1.4   0.9  40  34535 UGC  6313            
N3616      		                                                  
N3617 111750.7 -260806 13.69 8   1.8   1.3 147  34513 ESO  503- 12         
N3618 111832.7 +232809       8   0.9   0.8 175  34575 UGC  6327            
N3619 111921.8 +574535 12.50 8   2.7   2.3   0  34641 UGC  6330            
N3620 111604.5 -761253       8   2.8   1.1  78  34366 ESO   38- 10         
N3621 111816.8 -324849 10.28 8  12.3   7.1 159  34554 ESO  377- 37         
N3622 112012.8 +671427 13.65 8   1.2   0.5   7  34692 UGC  6339            
N3623 111855.3 +130535 10.25 8   9.8   2.9 174  34612 UGC  6328       M  65
N3624 111842.0 +073100       8   0.9   0.6   0  34599 MCG  1-29- 29        
N3625 112031.7 +574655       8   2.0   0.6 148  34718 UGC  6348            
N3626 112003.7 +182130 11.78 8   2.7   1.9 157  34684 UGC  6343            
N3627 112015.0 +125929  9.65 8   9.1   4.2 173  34695 UGC  6346       M  66
N3628 112016.3 +133522 10.28 8  14.8   3.0 104  34697 UGC  6350            
N3629 112031.8 +265747       8   2.3   1.6  30  34719 UGC  6352            
N3630 112016.5 +025757       8   4.6   3.0  37  34698 UGC  6349            
N3631 112102.7 +531017 11.01 8   5.0   4.8   0  34767 UGC  6360            
N3632 112003.9 +182124 11.2  8                                             
N3633 112026.0 +033512       8   1.2   0.4  72  34711 UGC  6351            
N3634 112030.3 -090048 15.5  8                                             
N3635 112031.4 -090049       8   1.3   0.9   0  34717 MCG -1-29-  9        
N3636 112025.3 -101655 13.34 8   1.3   1.3   0  34709 MCG -2-29- 19        
N3637 112039.6 -101527 13.61 8   1.6   1.5   0  34731 MCG -2-29- 20        
N3638 112010.0 -080622       8   2.2   0.7   0  34688 MCG -1-29-  7        
N3639 112135.6 +182733       8   0.6   0.5   0  34819 UGC  6374            
N3640 112106.8 +031408 11.36 8   4.0   3.2 100  34778 UGC  6368            
N3641 112108.7 +031143 14.10 8   1.1   1.1   0  34780 UGC  6370            
N3642 112218.4 +590434 11.65 8   5.4   4.5 105  34889 UGC  6385            
N3643 112125.5 +030051       8   0.8   0.3   0  34802 MCG  1-29- 36        
N3644 112132.4 +024839       8   1.5   0.7  63  34814 UGC  6373            
N3645 112139.9 +025751 15.5  8                                             
N3646 112143.2 +201016 11.78 8   3.9   2.2  50  34836 UGC  6376            
N3647 112138.2 +025410 15.6  8                                             
N3648 112231.9 +395235       8   1.3   0.8  75  34908 UGC  6389            
N3649 112214.8 +201234       8   1.2   0.6 140  34883 UGC  6386            
N3650 112235.5 +204212       8   1.7   0.3  54  34913 UGC  6391            
N3651 112226.5 +241756 14.17 8   1.1   1.1   0  34898 UGC  6388            
N3652 112239.5 +374600       8   2.0   0.7 150  34917 UGC  6392            
N3653 112230.3 +241645 14.59 8   0.9   0.6   0  34905 MCG  4-27- 29        
N3654 112411.8 +692445       8   1.2   0.6   0  35025 UGC  6407            
N3655 112254.7 +163527 12.30 8   1.5   1.0  30  34935 UGC  6396            
N3656 112339.4 +535040       8   1.6   1.6   7  34989 UGC  6403            
N3657 112354.5 +525515       8   1.4   1.4   0  35002 UGC  6406            
N3658 112358.2 +383348 13.10 8   1.6   1.5   0  35003 UGC  6409            
N3659 112345.2 +174859       8   2.1   1.1  60  34995 UGC  6405            
N3660 112332.3 -083929       8   2.7   2.2 110  34980 MCG -1-29- 16        
N3661 112338.4 -134952       8   1.6   0.6 141  34986 MCG -2-29- 22        
N3662 112346.9 -010616       8   1.4   0.9  25  34996 UGC  6408            
N3663 112400.0 -121745       8   1.9   1.3   0  35006 MCG -2-29- 23        
N3664 112424.8 +031939 13.20 8   2.0   1.9   0  35041 UGC  6419            
N3664A112425.1 +031321       8   0.8   0.8   0  35042 UGC  6418            
N3665 112443.3 +384547 11.77 8   2.5   2.0  30  35064 UGC  6426            
N3666 112425.7 +112034 12.70 8   4.4   1.2 100  35043 UGC  6420            
N3667 112416.9 -135128       8   1.5   1.0   0  35028 MCG -2-29- 25        
N3667A112421.4 -135123       8   1.4   0.6   0  35034 MCG -2-29- 26        
N3668 112531.4 +632641       8   1.7   1.3   0  35123 UGC  6430            
N3669 112527.3 +574322       8   2.2   0.5 153  35113 UGC  6431            
N3670 112442.0 +235600       8   1.1   0.7  35  35067 UGC  6427            
N3671 112552.5 +602846 15.7  8                                             
N3672 112502.4 -094743 12.09 8   4.2   1.9  12  35088 MCG -2-29- 28        
N3673 112512.6 -264412       8   3.6   2.4  70  35097 ESO  503- 16         
N3674 112626.8 +570258       8   1.9   0.6  33  35191 UGC  6444            
N3675 112607.8 +433506 11.00 8   5.9   3.1 178  35164 UGC  6439            
N3676 112537.5 -110822 15.   8                                             
N3677 112617.5 +465826       8   1.9   1.7 130  35181 UGC  6441            
N3678 112615.5 +275159       8   0.8   0.8   0  35177 UGC  6443            
N3679 112608.8 -053512 14.5  8                                             
N3680 112542.0 -431500  8.40 3                                             
N3681 112629.5 +165151 11.90 8   2.5   2.0   0  35193 UGC  6445            
N3682 112742.7 +663525 13.30 8   1.7   1.1  95  35266 UGC  6459            
N3683 112732.1 +565243       8   1.9   0.7 128  35249 UGC  6458            
N3683A112912.4 +570757       8   2.3   1.7  75  35376 UGC  6484            
N3684 112711.2 +170149 12.00 8   3.1   2.1 130  35224 UGC  6453            
N3685      		                                                  
N3686 112744.1 +171325 11.89 8   3.2   2.5  15  35268 UGC  6460            
N3687 112800.6 +293041       8   1.9   1.9   0  35285 UGC  6463            
N3688 112744.5 -090956       8   1.3   0.9   0  35269 MCG -1-29- 24        
N3689 112810.3 +253944 13.03 8   1.7   1.1  97  35294 UGC  6467            
N3690 112833.7 +583351       8   2.0   1.5  50  35321 UGC  6472            
N3691 112808.6 +165515 12.60 8   1.3   1.0  15  35292 UGC  6464            
N3692 112824.3 +092423       8   3.2   0.7  95  35314 UGC  6474            
N3693 112811.7 -131143       8   3.2   0.7  84  35299 MCG -2-29- 32        
N3694 112854.7 +352448       8   0.7   0.6 120  35352 UGC  6480            
N3695 112917.3 +353430 14.9  8                                             
N3696 112844.2 -111658       8   1.2   1.0   0  35340                      
N3697 112850.7 +204744 13.77 8   2.3   0.7  93  35347 UGC  6479            
N3698      		                                                  
N3699 112757.3 -595729 10.   6                                             
N3700 112938.6 +353053       8   1.0   0.7 130  35413 UGC  6494            
N3701 112929.1 +240538 13.48 8   1.9   0.9 145  35405 UGC  6493            
N3702 113013.4 -085148       8   1.3   0.7 158  35448 MCG -1-29- 26        
N3703      		                                                  
N3704 113004.7 -113247       8   1.6   1.4   0  35435 MCG -2-29- 37        
N3705 113006.8 +091636 11.86 8   4.9   2.0 122  35440 UGC  6498            
N3706 112944.1 -362333 12.38 8   3.0   1.8  78  35417 ESO  378-  6         
N3707 113011.6 -113236 15.66 8                                             
N3708      		                                                  
N3709      		                                                  
N3710 113106.9 +224604 14.06 8   1.0   0.8 105  35502 UGC  6504            
N3711 112925.5 -110444 15.   8                                             
N3712 113109.2 +283405       8   1.7   0.6 160  35507 UGC  6506            
N3713 113142.1 +280914       8   1.2   0.8 125  35546 UGC  6511            
N3714 113153.5 +282126       8   0.5   0.4  68  35556 UGC  6516            
N3715 113132.3 -141357       8   1.3   0.9   0  35540 MCG -2-29- 41        
N3716 113140.6 +032923       8   0.7   0.6 150  35545 UGC  6513            
N3717 113131.8 -301828 12.24 8   6.0   1.1  33  35539 ESO  439- 15         
N3718 113235.7 +530359 11.59 8   8.1   4.0  15  35616 UGC  6524            
N3719 113213.5 +004914 13.64 8   1.8   1.3  15  35581 UGC  6521            
N3720 113222.1 +004817 13.71 8   1.0   0.9  85  35594 UGC  6523            
N3721 113416.9 -093433 15.   8                                             
N3722 113428.7 -093936 15.   8                                             
N3723 113230.6 -095810 14.   8                                             
N3724 113428.7 -093935       8   1.6   0.7  55  35757 MCG -1-30-  7        
N3725 113340.8 +615319       8   1.2   0.9 145  35698 UGC  6542            
N3726 113320.9 +470139 10.91 8   6.2   4.3  10  35676 UGC  6537            
N3727 113340.9 -135244       8                                             
N3728 113312.0 +242600       8   2.0   1.5  25  35669 UGC  6536            
N3729 113349.8 +530737 12.03 8   2.8   1.9  15  35711 UGC  6547            
N3730 113437.6 -093847 15.   8                                             
N3731 113411.6 +123044       8   1.0   0.9  50  35731 UGC  6553            
N3732 113414.0 -095045 12.50 8   1.2   1.2  82  35734 MCG -2-30-  5        
N3733 113501.8 +545108 12.93 8   4.8   2.2 170  35797 UGC  6554            
N3734 113440.7 -140456       8   1.3   1.0   0  35773 MCG -2-30-  6        
N3735 113559.7 +703207       8   4.2   0.8 131  35869 UGC  6567            
N3736 113541.6 +732706 15.6  8                                             
N3737 113536.7 +545657       8   1.0   1.0   0  35840 UGC  6563            
N3738 113548.8 +543122 12.13 8   2.5   1.9 155  35856 UGC  6565            
N3739 113536.0 +250300       8   1.1   0.3  17  35841 UGC  6564            
N3740 113612.6 +595833 14.9  8                                             
N3741 113606.4 +451707 14.30 8   2.0   1.1   5  35878 UGC  6572            
N3742 113533.0 -375730 13.03 8   2.4   1.7 116  35833 ESO  320-  6         
N3743 113557.4 +214321 15.6  8                                             
N3744 113557.9 +230042 15.4  8                                             
N3745 113744.6 +220115 16.18 8   0.4   0.2   0  36001 MCG  4-28-  4         Copeland Septet
N3746 113743.6 +220034 15.01 8   1.1   0.5 127  35997 UGC  6597             Copeland Septet           
N3747      		                                                  
N3748 113749.2 +220133 15.77 8   0.7   0.4   0  36007 MCG  4-28-  7         Copeland Septet           
N3749 113553.0 -375948       8   3.2   0.8 107  35861 ESO  320-  8         
N3750 113751.8 +215826 14.91 8   0.8   0.7   0  36011 MCG  4-28-  8         Copeland Septet           
N3751 113754.1 +215610 14.91 8   0.8   0.5   5  36017 UGC  6601             Copeland Septet           
N3752 113234.6 +743741       8   1.7   0.7 155  35608 UGC  6515            
N3753 113753.8 +215851 14.52 8   1.7   0.5 120  36016 UGC  6602             Copeland Septet           
N3754 113755.2 +215909 15.06 8   0.4   0.3   0  36018 MCG  4-28- 11         Copeland Septet           
N3755 113633.4 +362439       8   3.2   1.4 133  35913 UGC  6577            
N3756 113648.5 +541746 12.11 8   4.2   2.1 177  35931 UGC  6579            
N3757 113703.5 +582450       8   1.1   1.1   0  35955 UGC  6584            
N3758 113629.2 +213548       8   0.5   0.5   0  35905 MCG  4-27- 73        
N3759 113654.4 +544927 14.24 8   1.1   1.1   0  35945 UGC  6581            
N3759A113658.1 +550947       8   1.2   1.1   0  35948 UGC  6582            
N3760      		                                                  
N3761 113644.1 +225931 15.0  8                                             
N3762 113724.7 +614539       8   1.9   0.5 167  35979 UGC  6591            
N3763 113630.3 -095048       8   1.2   1.2   0  35907 MCG -2-30-  9        
N3764 113648.0 +175200       8   1.1   0.9   0  35930 MCG  3-30- 20        
N3765 113704.4 +240546       8   0.8   0.6   0  35956 MCG  4-28-  1        
N3766 113613.3 -613655  5.66 3                                             
N3767 113715.7 +165234 14.35 8   1.0   0.9   0  35969 UGC  6590            
N3768 113714.0 +175024       8   1.8   1.2 155  35968 UGC  6589            
N3769 113743.8 +475340 12.55 8   3.1   1.0 152  35999 UGC  6595            
N3769A113749.4 +475302       8   1.1   0.4  71  36008 MCG  8-21- 77        
N3770 113759.3 +593700       8   1.0   0.7 107  36025 UGC  6600            
N3771 113906.0 -092053 13.57 8   1.3   1.3   0  36107 MCG -1-30- 18        
N3772 113748.7 +224133       8   1.1   0.6  16  36005 UGC  6598            
N3773 113813.0 +120643       8   1.2   1.0 165  36043 UGC  6605            
N3774 113830.2 -085834       8   1.0   0.5  70  36058 MCG -1-30- 16        
N3775 113826.7 -103819       8   1.1   0.4  30  36055 MCG -2-30- 12        
N3776 113839.0 -032424 16.03 8                                             
N3777 113606.9 -123409       8   1.1   0.6  33  35879 MCG -2-30-  8        
N3778 113821.7 -504301       8   1.2   0.9   0  36051 ESO  216- 26         
N3779 113850.9 -103502       8   1.9   1.0  92  36084 MCG -2-30- 13        
N3780 113923.5 +561615       8   3.1   2.5  90  36138 UGC  6615            
N3781 113904.0 +262139       8   0.1   0.1   0  36104 MCG  5-28-  4        
N3782 113920.8 +463051 13.10 8   1.7   1.1   0  36136 UGC  6618            
N3783 113901.8 -374420       8   1.9   1.7   0  36101 ESO  378- 14         
N3784 113929.8 +261833       8   0.9   0.3   0  36147 MCG  5-28-  6        
N3785 113932.9 +261808       8   1.0   0.4  25  36148 UGC  6620            
N3786 113942.4 +315435       8   2.2   1.3  77  36158 UGC  6621            
N3787 113937.9 +202715 14.7  8                                             
N3788 113944.1 +315558       8   2.1   0.7 178  36160 UGC  6623            
N3789 113809.1 -093626       8   1.3   0.6  12  36036 MCG -1-30- 15        
N3790 113947.6 +174249       8   1.1   0.3 154  36167 UGC  6624            
N3791 113941.7 -092202       8   1.3   1.0 164  36156 MCG -1-30- 20        
N3792      		                                                  
N3793      		                                                  
N3794 113925.0 +550923       0                                             
N3795 114007.4 +583644       8   2.1   0.5  53  36192 UGC  6629            
N3796 114030.3 +601759       8   1.3   0.9 127  36215 UGC  6638            
N3797      		                                                  
N3798 114013.9 +244151       8   2.5   1.8  60  36199 UGC  6632            
N3799 114008.9 +151939       8   0.8   0.5   0  36193 UGC  6630            
N3800 114013.0 +152033       8   2.0   0.6  52  36197 UGC  6634            
N3801 114016.3 +174342 12.96 8   3.5   2.1 120  36200 UGC  6635            
N3802 114018.0 +174500 14.25 8   1.1   0.3  85  36203 UGC  6636            
N3803 114017.3 +174803       8                                             
N3804 114054.8 +561210       8   2.2   1.4 120  36238 UGC  6640            
N3805 114042.0 +202035       8   1.4   1.1  60  36224 UGC  6642            
N3806 114048.0 +174700 14.15 8   1.4   1.3   0  36231 UGC  6641            
N3807 114046.7 +174744 14.6  8                                             
N3808 114044.0 +222540 14.10 8   1.7   0.9 123  36227 MCG  4-28- 21        
N3808A114044.8 +222644       8   0.5   0.2   0  36228 MCG  4-28- 20        
N3809 114115.4 +595312       8   1.0   0.8   0  36263 UGC  6649            
N3810 114058.5 +112817 11.35 8   4.3   3.0  15  36243 UGC  6644            
N3811 114116.2 +474135 12.90 8   2.2   1.7 160  36265 UGC  6650            
N3812 114107.8 +244916       8   1.7   1.6   0  36256 UGC  6648            
N3813 114118.2 +363249 12.23 8   2.2   1.1  87  36266 UGC  6651            
N3814 114127.7 +244817 15.6  8                                             
N3815 114139.4 +244800       8   1.7   0.9  72  36288 UGC  6654            
N3816 114147.9 +200617 13.46 8   1.9   1.1  70  36292 UGC  6656            
N3817 114153.1 +101807 14.29 8   1.0   0.9 140  36299 UGC  6657            
N3818 114157.4 -060921 12.67 8   2.0   1.2 100  36304 MCG -1-30- 23        
N3819 114206.0 +102103 14.82 8   0.8   0.7   0  36311 MCG  2-30- 13        
N3820 114204.9 +102302 15.45 8   0.7   0.4   0  36308 MCG  2-30- 14        
N3821 114208.9 +201900 13.70 8   1.4   1.3   0  36314 UGC  6663            
N3822 114211.3 +101640 14.14 8   1.4   0.8 178  36319 UGC  6661            
N3823 114215.2 -135200       8   1.5   1.2   0  36331 MCG -2-30- 17        
N3824 114245.2 +524655       8   1.3   0.7 118  36370 UGC  6676            
N3825 114223.7 +101552 13.96 8   1.3   1.0 160  36348 UGC  6668            
N3826 114233.0 +262922       8   0.9   0.7  65  36359 UGC  6671            
N3827 114236.1 +185041 13.78 8   0.9   0.7  65  36361 UGC  6673            
N3828 114258.3 +162916 15.6  8                                             
N3829 114327.4 +524246       8   1.1   0.7  95  36439 UGC  6690            
N3830 114311.8 +263333 14.7  8                                             
N3831 114318.6 -125241       8   2.7   0.6  23  36417 MCG -2-30- 23        
N3832 114330.0 +224300 13.63 8   1.9   1.6   0  36446 UGC  6693            
N3833 114324.0 +100900       8   1.4   0.7  27  36441 UGC  6692            
N3834 114330.0 +190600       8   1.4   1.0   0  36443 MCG  3-30- 65        
N3835 114405.6 +600713       8   1.9   0.8  60  36493 UGC  6703            
N3836A114330.0 -164700       8   1.4   1.3   0  36445 MCG -3-30- 10        
N3837 114356.7 +195342 14.25 8   0.6   0.6   0  36476 UGC  6701            
N3838 114414.4 +575701 13.25 8   1.5   0.6 141  36505 UGC  6707            
N3839 114354.4 +104659       8   1.0   0.5  87  36475 UGC  6700            
N3840 114354.0 +200400 14.54 8   1.1   0.8  67  36477 UGC  6702            
N3841 114354.0 +195900 14.59 8   0.7   0.7   0  36469 MCG  3-30- 73        
N3842 114402.0 +195701 12.78 8   1.4   1.0   5  36487 UGC  6704            
N3843 114354.1 +075532       8   0.9   0.4  42  36471 UGC  6699            
N3844 114400.0 +200100 14.85 8   1.2   0.2  28  36481 UGC  6705            
N3845 114354.0 +200000 15.01 8   0.8   0.3   0  36470 MCG  3-30- 74        
N3846A114415.1 +550206       8   1.9   1.5  40  36506 UGC  6706            
N3846 114429.5 +553904       8   1.1   0.8 135  36539 UGC  6710            
N3847 114414.1 +333054       8   1.1   1.1   0  36504 UGC  6708            
N3848 114341.7 +101444 15.28 8                                             
N3849      		                                                  
N3850 114536.5 +555308       8   2.2   1.1 130  36660 UGC  6733            
N3851 114420.4 +195850 15.2  8                                             
N3852      		                                                  
N3853 114428.6 +163331 13.41 8   1.7   1.0 140  36535 UGC  6712            
N3854      		                                                  
N3855 114444.9 +331915 15.6  8                                             
N3856 114444.9 +331915 15.6  8                                             
N3857 114450.1 +193158 15.10 8   1.0   0.6   0  36548 MCG  3-30- 84        
N3858 114454.0 -091600 13.   8                                             
N3859 114452.5 +192721 14.76 8   1.2   0.3  58  36582 UGC  6721            
N3860 114448.7 +194739 14.22 8   1.0   0.5  38  36577 UGC  6718            
N3861 114504.0 +195826 13.47 8   2.3   1.3  77  36604 UGC  6724            
N3862 114504.6 +193626 13.67 8   1.5   1.5   0  36606 UGC  6723            
N3863 114505.4 +082801       8   2.8   0.6  75  36607 UGC  6722            
N3864 114516.5 +192326       8   0.9   0.7   0  36620 MCG  3-30- 97        
N3865 114452.0 -091359       8   2.0   1.5  49  36581 MCG -1-30- 28        
N3866 114512.0 -092000       8   1.4   0.8  56  36621 MCG -1-30- 29        
N3867 114529.4 +192350 14.20 8   1.5   0.6 173  36649 UGC  6731            
N3868 114518.0 +192800       8   0.8   0.3   0  36638 MCG  3-30-104        
N3869 114545.6 +104925       8   1.9   0.5 135  36669 UGC  6737            
N3870 114556.1 +501203 13.50 8   1.0   0.9  25  36686 UGC  6742            
N3871 114610.2 +330631 15.4  8                                             
N3872 114549.0 +134558 12.74 8   1.9   1.2   0  36678 UGC  6738            
N3873 114545.6 +194628 13.85 8   1.5   1.3  95  36670 UGC  6735            
N3874      		                                                  
N3875 114542.0 +194500       8   1.0   0.3  87  36675 UGC  6739            
N3876 114526.9 +090943       8   1.1   0.7 105  36644 UGC  6730            
N3877 114608.0 +472939 11.79 8   5.5   1.3  35  36699 UGC  6745            
N3878 114617.8 +331215 15.5  8                                             
N3879 114649.6 +692255       8   2.6   0.5 130  36743 UGC  6752            
N3880 114622.3 +330944       8   0.7   0.7   0  36712 MCG  6-26- 33        
N3881 114634.4 +330623 15.2  8                                             
N3882 114606.2 -562328       8   2.3   1.3 126  36697 ESO  170- 11         
N3883 114646.9 +204036 13.40 8   3.0   2.4   0  36740 UGC  6754            
N3884 114612.4 +202331 13.50 8   2.1   1.3  10  36706 UGC  6746            
N3885 114646.6 -275522 11.89 8   2.4   1.0 123  36737 ESO  440-  7         
N3886 114705.2 +195016       8   1.2   0.9 132  36756 UGC  6760            
N3887 114704.7 -165116 11.41 8   3.3   2.5  20  36754 MCG -3-30- 12        
N3888 114733.7 +555817 12.71 8   1.7   1.3 120  36789 UGC  6765            
N3889      		                                                  
N3890 114920.8 +741809       8   0.9   0.9   0  36925 UGC  6788            
N3891 114803.1 +302134       8   2.0   1.7  70  36832 UGC  6772            
N3892 114801.1 -105743       8   3.0   2.2  95  36827 MCG -2-30- 30        
N3893 114839.1 +484240 11.16 8   4.5   2.8 165  36875 UGC  6778            
N3894 114851.4 +592501 12.63 8   2.8   1.7  20  36889 UGC  6779            
N3895 114904.6 +592601 14.00 8   1.3   1.0 125  36907 UGC  6785            
N3896 114857.0 +484030       8   1.4   1.0 125  36897 UGC  6781            
N3897 114859.5 +350058 13.56 8   1.9   1.9   0  36902 UGC  6784            
N3898 114915.4 +560502 11.60 8   4.4   2.6 107  36921 UGC  6787            
N3899      		                                                  
N3900 114908.9 +270126 12.20 8   3.2   1.7   2  36914 UGC  6786            
N3901 114254.0 +772300       8   1.8   0.8 165  36386 UGC  6675            
N3902 114918.9 +260722       8   1.6   1.3  85  36923 UGC  6790            
N3903 114904.1 -373059       8   1.1   1.0   0  36906 ESO  378- 24         
N3904 114913.3 -291635 11.83 8   2.7   1.9   8  36918 ESO  440- 13         
N3905 114905.0 -094346 13.38 8   1.9   1.4   0  36909 MCG -1-30- 35        
N3906 114940.2 +482530 13.49 8   1.9   1.7   0  36953 UGC  6797            
N3907 114929.7 -010508 13.11 8   1.2   0.9  40  36941 UGC  6796            
N3908 114952.7 +121108       8                                             
N3909      		                                                  
N3910 114959.6 +212000       8   1.6   1.2 150  36971 UGC  6800            
N3911 114922.4 +245621       8   1.1   0.9 110  36926 UGC  6795            
N3912 115004.2 +262847       8   1.5   0.9   5  36979 UGC  6801            
