 4055 COM 12 04 01.5 +20 13 56 8 E    14.2   1.20   0.9   0     38146  7044             
 4056 COM 12 03 57.8 +20 18 45 8 C    16.5   0.20   0.2         38140                   
 4057 COM 12 04 06.3 +20 14 07 8 E    13.7   1.10   1.1         38156  7050             
 4058 VIR 12 03 48.9 +03 32 51 8 S0-a 14.1   1.20   0.6 165     38124  7036             
 4059 COM 12 04 11.3 +20 24 33 8 E    14.2   1.00   1.0         38169  7052             
 4060 COM 12 04 01.0 +20 20 15 8 S    15.6   0.50   0.3  84     38151                   
 4061 COM 12 04 01.5 +20 13 56 8 E    14.2   1.20   0.9   0     38146  7044             
 4062 UMA 12 04 03.8 +31 53 41 8 SBc  11.9   4.00   1.8 100     38150  7045             
 4063 VIR 12 04 05.9 +01 50 47 8 SB0  14.9   1.10   0.3   6     38154  7042             
 4064 COM 12 04 11.0 +18 26 34 8 SBa  11.6   4.60   1.7 150     38167  7054             
 4065 COM 12 04 06.3 +20 14 07 8 E    13.7   1.10   1.1         38156  7050             
 4066 COM 12 04 09.4 +20 20 50 8 E    14.1   1.20   1.2         38161  7051             
 4067 VIR 12 04 11.5 +10 51 14 8 Sb   13.4   1.30   0.9  35     38168  7048             
 4068 UMA 12 04 01.7 +52 35 19 8 Irr  13.1   3.20   1.7  30     38148  7047             
 4069 COM 12 04 06.1 +20 19 26 8 S    16.0   0.30   0.2  45     38166                   
 4070 COM 12 04 11.3 +20 24 33 8 E    14.2   1.00   1.0         38169  7052             
 4071 MUS 12 04 15.3 -67 18 35 6 PN   15.5   1.30                                       
 4072 COM 12 04 13.9 +20 12 35 8 S0   15.8   0.50   0.2  30     38176                   
 4073 VIR 12 04 27.1 +01 53 45 8 E    12.4   3.20   2.3 105     38201  7060             
 4074 COM 12 04 29.7 +20 18 59 8 S0   15.5   0.50   0.3  95     38207                   
 4075 VIR 12 04 37.8 +02 04 20 8 S0-a 14.6   1.20   0.6 120     38216                   
 4076 COM 12 04 32.6 +20 12 14 8 Sab  14.3   0.90   0.8         38209  7061             
 4077 VIR 12 04 38.0 +01 47 16 8 S0   14.3   1.20   0.9  15     38218  7063             
 4078 VIR 12 04 47.7 +10 35 43 8 S0   14.2   1.30   0.5  18     38238  7066             
 4079 VIR 12 04 49.9 -02 23 01 8 Sb-c 13.6   2.30   1.6 125     38240  7067             
 4080 COM 12 04 51.9 +26 59 30 8 SBm  14.1   1.20   0.5 125     38244  7068             
 4081 UMA 12 04 33.2 +64 26 12 8 Sa   13.7   1.50   0.6 135     38212  7062             
 4082 VIR 12 05 11.4 +10 40 13 8 S0   14.9   0.90   0.3  80     38274                   
 4083 VIR 12 05 14.0 +10 36 47 8 S0   14.9   0.80   0.4  45     38275                   
 4084 COM 12 05 15.3 +21 12 52 8 C    15.0   0.40   0.4         38272                   
 4085 UMA 12 05 22.4 +50 21 10 8 SBc  12.7   2.50   0.8  78     38283  7075             
 4086 COM 12 05 29.3 +20 14 48 8 S0   15.1   1.00   0.9  85     38290  7076             
 4087 HYA 12 05 35.3 -26 31 22 8 E-S0 13.1   2.10   1.7         38303                   
 4088 UMA 12 05 34.6 +50 32 24 8 SBbc 11.1   5.60   2.1  43     38302  7081             
 4089 COM 12 05 37.5 +20 33 21 8 E    14.7   0.50   0.5         38298                   
 4090 COM 12 05 28.0 +20 18 31 8 Sa-b 14.9   1.20   0.5  38     38288  7077             
 4091 COM 12 05 40.2 +20 33 21 8 Sbc  15.2   0.90   0.3  43     38308  7083             
 4092 COM 12 05 50.2 +20 28 37 8 Sab  14.3   1.00   1.0         38338  7087             
 4093 COM 12 05 51.4 +20 31 18 8 C    15.4   0.40   0.4         38323                   
 4094 CRV 12 05 53.9 -14 31 36 8 SBc  12.7   4.10   1.5  63     38346                   
 4095 COM 12 05 54.2 +20 34 23 8 E?   14.6   0.50   0.4 170     38324                   
 4096 UMA 12 06 00.9 +47 28 31 8 SBc  11.5   6.50   1.8  20     38361  7090             
 4097 UMA 12 06 02.4 +36 51 48 8 S0   14.5   1.20   0.7  98     38363  7092             
 4098 COM 12 06 03.6 +20 36 26 8 S?   14.5   1.00   0.6 163     38365  7091             
 4099 COM 12 06 03.6 +20 36 26 8 S?   14.5   1.00   0.6 163     38365  7091             
 4100 UMA 12 06 08.3 +49 34 56 8 Sb-c 11.9   5.40   1.7 167     38370  7095             
 4101 COM 12 06 10.7 +25 33 23 8 S0-a 14.6   1.00   0.8  60     38373  7093             
 4102 UMA 12 06 23.3 +52 42 37 8 SBb  12.1   3.10   1.7  38     38392  7096             
 4103 CRU 12 06 39.5 -61 15 00 3 I3m   7.0   5.00                             
 4104 COM 12 06 38.7 +28 10 23 8 SB0  13.1   2.60   1.6  35     38407  7099             
 4105 HYA 12 06 40.6 -29 45 38 8 E    11.5   2.80   2.1 151     38411                   
 4106 HYA 12 06 45.5 -29 46 08 8 SB0- 12.3   2.30   1.7  77     38417                   
 4107 VIR 12 04 47.7 +10 35 43 8 S0   14.2   1.30   0.5  18     38238  7066             
 4108 DRA 12 06 44.3 +67 09 46 8 Sc   13.0   1.70   1.4 105     38423  7101             
 4109 CVN 12 06 51.1 +42 59 44 8 Sa   15.0   0.70   0.6         38427                   
 4110 COM 12 07 03.4 +18 31 53 8 SBb  14.6   1.30   0.7 128     38441  7102             
 4111 CVN 12 07 02.9 +43 03 58 8 S0-a 11.7   4.60   1.0 150     38440  7103             
 4112 CEN 12 07 09.2 -40 12 30 8 SBb  12.8   1.60   0.9   5     38452                   
 4113 COM 12 07 08.5 +32 59 44 8 SBab 14.9   0.70   0.4  60     38451                   
 4114 CRV 12 07 12.2 -14 11 07 8 SBa  13.6   1.80   0.8 135     38460                   
 4115 COM 12 07 09.4 +14 24 23 0 *                                                      
 4116 VIR 12 07 37.0 +02 41 26 8 SBc  12.3   3.80   2.3 155     38492  7111             
 4117 CVN 12 07 46.1 +43 07 33 8 S0   14.0   2.50   0.9  18     38503  7112             
 4118 CVN 12 07 52.9 +43 06 39 8 S0-a 15.6   0.70   0.4 135     38507                   
 4119 VIR 12 08 09.5 +10 22 42 8 S0-a 12.2   3.90   1.8 114     38527  7117             
 4120 DRA 12 08 31.4 +69 32 38 8 Sc/I 14.2   1.70   0.4 166     38553  7121             
 4121 DRA 12 07 56.5 +65 06 50 8 E    14.0   0.40   0.4         38508                   
 4122 COM 12 07 08.5 +32 59 44 8 SBab 14.9   0.70   0.4  60     38451                   
 4123 VIR 12 08 11.2 +02 52 40 8 SBb  11.8   4.30   3.2 135     38531  7116             
 4124 VIR 12 08 09.5 +10 22 42 8 S0-a 12.2   3.90   1.8 114     38527  7117             
 4125 DRA 12 08 05.5 +65 10 26 8 E    10.6   6.00   5.1  95     38524  7118             
 4126 COM 12 08 37.4 +16 08 33 8 S0   14.5   1.10   0.8  10     38565  7123             
 4127 CAM 12 08 25.8 +76 48 14 8 Sc   13.4   2.50   1.2 140     38550  7122        
 4128 DRA 12 08 32.2 +68 46 03 8 S0   12.9   2.40   0.9  58     38555  7120             
 4129 VIR 12 08 53.2 -09 02 14 8 SBab 13.1   2.30   0.6  93     38580                   
 4130 VIR 12 08 53.2 -09 02 14 8 SBab 13.1   2.30   0.6  93     38580                   
 4131 COM 12 08 47.1 +29 18 15 8 SB0- 14.1   1.40   0.7  73     38573  7126             
 4132 COM 12 09 01.5 +29 14 59 8 Sa   14.7   1.10   0.3  20     38593                   
 4133 DRA 12 08 49.3 +74 54 14 8 SBb  13.1   1.80   1.3 125     38578  7127             
 4134 COM 12 09 09.9 +29 10 35 8 Sb   13.7   2.20   0.9 150     38605  7130             
 4135 CVN 12 09 08.8 +44 00 11 8 SBbc 14.9   0.70   0.5  90     38601                   
 4136 COM 12 09 17.8 +29 55 38 8 SBc  11.8   3.90   3.6         38618  7134             
 4137 CVN 12 09 17.4 +44 05 22 8 SBc  14.8   1.10   0.7 100     38619  7135             
 4138 CVN 12 09 29.7 +43 41 06 8 S0-a 12.2   2.90   1.8 150     38643  7139             
 4139 VIR 12 04 34.0 +01 48 03 8 S0   14.7   1.00   0.5 150     38213                   
 4140 VIR 12 04 38.0 +01 47 16 8 S0   14.3   1.20   0.9  15     38218  7063             
 4141 UMA 12 09 47.4 +58 50 56 8 SBc  14.4   1.30   0.9  75     38669  7147             
 4142 UMA 12 09 30.2 +53 06 12 8 SBcd 14.0   2.20   1.2 175     38645  7140             
 4143 CVN 12 09 36.2 +42 32 02 8 SB0  11.8   2.90   1.9 144     38654  7142             
 4144 UMA 12 09 59.3 +46 27 24 8 SBc  12.0   6.10   1.5 104     38688  7151             
 4145 CVN 12 10 01.7 +39 52 56 8 SBcd 11.5   5.90   4.1 100     38693  7154             
 4146 COM 12 10 18.2 +26 25 50 8 SBab 13.7   1.40   1.2         38721  7163             
 4147 COM 12 10 06.2 +18 32 31 4 VI   10.3   4.10                                       
 4148 CVN 12 10 07.9 +35 52 40 8 S0-a 14.3   1.50   1.0 165     38704  7158             
 4149 UMA 12 10 32.8 +58 18 12 8 S?   14.1   1.30   0.3  87     38741  7167             
 4150 COM 12 10 33.6 +30 24 05 8 S0   12.4   2.30   1.6 147     38742  7165             
 4151 CVN 12 10 32.3 +39 24 22 8 SBab 11.1   6.80   5.3  50     38739  7166             
 4152 COM 12 10 37.5 +16 01 57 8 SBc  12.6   2.30   1.9 115     38749  7169             
 4153 COM 12 10 06.2 +18 32 31 3 VI   10.3   4.10                                       
 4154 UMA 12 10 32.8 +58 18 12 8 S?   14.1   1.30   0.3  87     38741  7167             
 4155 COM 12 10 45.6 +19 02 26 8 E    14.4   1.10   1.0         38761  7172             
 4156 CVN 12 10 49.4 +39 28 21 8 SBb  13.9   1.30   1.2         38773  7173             
 4157 UMA 12 11 04.4 +50 29 03 8 SBb  12.1   6.70   1.2  66     38795  7183             
 4158 COM 12 11 10.2 +20 10 31 8 Sb   12.9   2.00   1.8         38802  7182             
 4159 DRA 12 10 53.3 +76 07 33 8 Sbc  14.3   1.30   0.5  35     38777  7174             
 4161 UMA 12 11 32.9 +57 44 13 8 Sc   13.8   1.10   0.7  50     38834  7191             
 4162 COM 12 11 52.5 +24 07 24 8 Sbc  12.8   2.30   1.4 174     38851  7193             
 4163 CVN 12 12 09.0 +36 10 05 8 Irr  14.0   1.90   1.6         38881  7199             
 4164 VIR 12 12 05.4 +13 12 19 8 E    15.4   0.50   0.3  90     38877                   
 4165 VIR 12 12 11.8 +13 14 44 8 SBab 14.3   1.20   0.8 160     38885  7201             
 4166 COM 12 12 09.7 +17 45 24 8 SB0  14.2   1.20   1.0  20     38882  7198             
 4167 CVN 12 12 09.0 +36 10 05 8 Irr  14.0   1.90   1.6         38881  7199             
 4168 VIR 12 12 17.2 +13 12 14 8 E    12.2   2.80   2.2         38890  7203             
 4169 COM 12 12 18.7 +29 10 44 8 S0   13.2   1.80   0.9 153     38892  7202  Box Galaxies           
 4170 COM 12 12 12.9 +29 10 00 0 *                                                      
 4171 COM 12 12 38.3 +29 13 28 0 *                                                      
 4172 UMA 12 12 14.7 +56 10 33 8 S?   14.2   1.30   1.1         38887  7205             
 4173 COM 12 12 21.5 +29 12 24 8 Scd  13.4   5.00   0.7 134     38897  7204  Box Galaxies
 4174 COM 12 12 26.9 +29 08 55 8 S0-a 14.4   0.80   0.3  50     38906  7206  Box Galaxies
 4175 COM 12 12 31.0 +29 10 05 8 Sb-c 14.2   1.80   0.4 130     38912  7211  Box Galaxies
 4176 VIR 12 12 36.8 -09 09 39 8 Sb   14.6   0.70   0.5 100     38928                   
 4177 CRV 12 12 41.2 -14 00 52 8 Sc   12.5   1.70   1.2  65     38937                   
 4178 VIR 12 12 46.2 +10 51 49 8 SBcd 12.0   5.00   1.7  30     38943  7215             
 4179 VIR 12 12 52.1 +01 17 57 8 S0   11.9   4.20   1.3 143     38950  7214             
 4180 VIR 12 13 03.0 +07 02 20 8 Sa-b 13.5   1.50   0.5  22     38964  7219             
 4181 UMA 12 12 48.9 +52 54 12 8 E-S0 14.9   1.20   0.7 140     38938                   
 4182 VIR 12 13 03.0 +07 02 20 8 Sa-b 13.5   1.50   0.5  22     38964  7219             
 4183 CVN 12 13 16.8 +43 41 51 8 Sc   12.8   5.30   0.7 166     38988  7222             
 4184 CRU 12 13 32.5 -62 43 17 3 I2p         4.00   4.0                                 
 4185 COM 12 13 22.2 +28 30 35 8 SBbc 13.2   2.60   2.0 165     38995  7225             
 4186 COM 12 14 06.4 +14 43 31 8 Sa-b 14.6   1.00   0.8  60     39057  7240             
 4187 CVN 12 13 29.3 +50 44 28 8 E    14.2   1.30   1.0 145     39004  7229             
 4188 CRV 12 14 07.4 -12 35 12 8 Sb   13.6   0.70   0.6  80     39059                   
 4189 COM 12 13 47.2 +13 25 27 8 SBc  12.5   2.50   1.7  85     39025  7235             
 4190 CVN 12 13 44.4 +36 37 59 8 Irr  13.4   1.70   1.6         39023  7232             
 4191 VIR 12 13 50.3 +07 12 01 8 S0   13.7   1.20   0.8   5     39034  7233             
 4192 COM 12 13 47.8 +14 53 56 8 SBb  10.9   9.40   2.3 155  98 39028  7231             
 4193 VIR 12 13 53.4 +13 10 20 8 SBbc 13.2   2.20   1.1  93     39040  7234             
 4194 UMA 12 14 09.7 +54 31 33 8 Irr  13.0   1.80   1.1 170     39068  7241             
 4195 UMA 12 14 18.1 +59 36 54 8 SBc  15.1   1.60   1.4         39082  7244             
 4196 COM 12 14 29.6 +28 25 23 8 S0   13.7   1.20   0.9  60     39098  7245             
 4197 VIR 12 14 38.6 +05 48 20 8 Sc   13.5   3.40   0.6  36     39114  7247             
 4198 UMA 12 14 21.8 +56 00 40 8 S0-a 14.6   1.00   0.6 130     39090  7246             
 4199 UMA 12 14 48.6 +59 54 21 8 S?   15.8   0.50   0.5         39135  7253             
 4200 VIR 12 14 44.3 +12 10 49 8 S0   14.0   1.50   0.8  98     39124  7251             
 4201 VIR 12 14 41.9 -11 35 02 8 S0   14.4   0.90   0.8  80     39120                   
 4202 VIR 12 18 08.5 -01 03 52 8 Sb-c 14.5   1.20   0.7 127     39495  7337             
 4203 COM 12 15 05.0 +33 11 49 8 E-S0 11.7   3.50   3.2  10     39158  7256             
 4204 COM 12 15 14.2 +20 39 30 8 SBdm 13.9   3.60   2.9 130     39179  7261             
 4205 DRA 12 14 55.3 +63 46 54 8 S?   13.9   1.70   0.6  28     39143  7258             
 4206 VIR 12 15 16.7 +13 01 20 8 Sb-c 12.8   6.40   1.1   0     39183  7260             
 4207 VIR 12 15 30.1 +09 35 06 8 Scd  13.6   1.60   0.8 124     39206  7268             
 4208 COM 12 15 39.2 +13 54 05 8 Sc   11.8   3.20   2.0  75     39224  7275             
 4209 COM 12 15 25.8 +28 28 05 0 *                                                      
 4210 DRA 12 15 15.8 +65 59 08 8 SBb  13.3   2.00   1.6 105     39184  7264             
 4211 COM 12 15 35.8 +28 10 37 8 S0-a 14.4   1.00   1.0         39221  7277             
 4212 COM 12 15 39.2 +13 54 05 8 Sc   11.8   3.20   2.0  75     39224  7275             
 4213 COM 12 15 37.5 +23 58 53 8 E    13.5   1.70   1.7         39223  7276             
 4214 CVN 12 15 38.8 +36 19 37 8 Irr  10.2   8.40   7.2 155     39225  7278             
 4215 VIR 12 15 54.6 +06 24 01 8 S0-a 12.3   1.80   0.7 174     39251  7281             
 4216 VIR 12 15 54.0 +13 08 50 8 SBb  11.1   7.80   1.8  19     39246  7284             
 4217 CVN 12 15 50.6 +47 05 22 8 Sb   12.1   4.80   1.5  50     39241  7282             
 4218 CVN 12 15 46.0 +48 07 52 8 Sa   13.4   0.90   0.5 142     39237  7283             
 4219 CEN 12 16 27.4 -43 19 23 8 Sb-c 12.7   4.20   1.2  36     39315                   
 4220 CVN 12 16 11.8 +47 52 57 8 S0-a 12.2   3.90   1.5 141     39285  7290             
 4221 DRA 12 16 00.0 +66 13 51 8 SB0- 13.4   2.00   1.4  25     39266  7288             
 4222 COM 12 16 22.6 +13 18 23 8 Scd  13.9   3.10   0.5  56     39308  7291             
 4223 VIR 12 17 25.8 +06 41 20 8 S0-a 13.0   2.50   1.4 128     39412  7319             
 4224 VIR 12 16 33.9 +07 27 42 8 Sa   12.9   2.50   1.0  57     39328  7292             
 4225 CRV 12 16 38.3 -12 19 39 8 S0-a 14.3   0.70   0.5  60     39337                   
 4226 CVN 12 16 26.3 +47 01 30 8 Sa/P 14.4   1.00   0.5 127     39312  7297             
 4227 CVN 12 16 33.7 +33 31 18 8 SB0- 13.7   1.50   0.9  70     39329  7296             
 4228 CVN 12 15 38.8 +36 19 37 8 Irr  10.2   8.40   7.2 155     39225  7278             
 4229 CVN 12 16 38.7 +33 33 38 8 S0-a 14.2   1.10   0.8   3     39341  7299             
 4230 CEN 12 17 15.3 -55 05 10 3 IV2p  9.0   5.00                             
 4231 CVN 12 16 48.9 +47 27 27 8 S0-a 14.5   1.20   1.1         39354  7304             
 4232 CVN 12 16 49.0 +47 26 18 8 SBbc 14.5   1.30   0.7 155     39353  7303             
 4233 VIR 12 17 07.6 +07 37 25 8 SB0  13.0   2.40   1.1 174     39384  7311             
 4234 VIR 12 17 09.1 +03 40 58 8 SBm  13.4   1.20   1.1         39388  7309             
 4235 VIR 12 17 09.7 +07 11 25 8 Sa   12.6   3.90   0.9  48     39389  7310             
 4236 DRA 12 16 43.3 +69 27 47 8 SBdm 10.7  22.60   6.9 162     39346  7306             
 4237 COM 12 17 11.4 +15 19 22 8 SBbc 12.6   2.10   1.4 108     39393  7315             
 4238 DRA 12 16 56.0 +63 24 36 8 Scd  14.2   1.80   0.5  36     39366  7308             
 4239 COM 12 17 14.9 +16 31 52 8 E    13.6   1.80   1.2 120     39398  7316             
 4240 VIR 12 17 24.3 -09 57 08 8 E    13.7   1.20   1.2         39411                   
 4241 VIR 12 17 59.9 +06 39 13 8 SBc  13.8   1.70   1.4         39483  7333             
 4242 CVN 12 17 30.0 +45 37 07 8 SBd  11.5   5.20   4.0  25     39423  7323             
 4243 VIR 12 17 24.3 -09 57 08 8 E    13.7   1.20   1.2         39411                   
 4244 CVN 12 17 29.9 +37 48 26 8 Sc   10.7  15.90   1.8  48     39422  7322             
 4245 COM 12 17 36.9 +29 36 25 8 SB0- 12.3   3.30   2.4 165     39437  7328             
 4246 VIR 12 17 58.1 +07 11 06 8 Sc   13.4   2.30   1.2  83     39479  7334             
 4247 VIR 12 17 57.9 +07 16 26 8 SBab 15.2   0.80   0.7         39480                   
 4248 CVN 12 17 50.4 +47 24 31 8 SBb  13.2   2.90   1.2 108     39461  7335             
 4249 VIR 12 17 59.3 +05 35 55 8 S0-a 14.6   0.50   0.5         39481                   
 4250 DRA 12 17 25.9 +70 48 08 8 SB0- 12.8   2.30   1.9 168     39414  7329             
 4251 COM 12 18 08.4 +28 10 29 8 SB0  11.6   3.60   2.5 100     39492  7338             
 4252 VIR 12 18 30.9 +05 33 34 8 Sb   14.9   1.30   0.3  48     39537  7343             
 4253 COM 12 18 26.4 +29 48 45 8 SBa  13.8   0.90   0.8         39525  7344             
 4254 COM 12 18 49.3 +14 25 01 8 Sc   10.4   5.30   4.6  40  99 39578  7345             
 4255 VIR 12 18 56.1 +04 47 09 8 S0   13.7   1.30   0.5 115     39592  7348             
 4256 DRA 12 18 42.8 +65 53 52 8 Sb   12.9   4.10   0.7  42     39568  7351             
 4257 VIR 12 19 06.5 +05 43 32 8 Sa-b 15.1   1.00   0.3  80     39624                   
 4258 CVN 12 18 57.8 +47 18 23 8 SBbc  9.1  17.40   6.6 150 106 39600  7353             
 4259 VIR 12 19 22.1 +05 22 35 8 S0   14.3   1.10   0.4 143     39657  7359             
 4260 VIR 12 19 22.2 +06 05 52 8 SBab 12.7   2.40   1.2  58     39656  7361             
 4261 VIR 12 19 23.1 +05 49 26 8 E    11.4   3.80   3.5 160     39659  7360             
 4262 COM 12 19 30.6 +14 52 38 8 E-S0 12.5   1.80   1.6         39676  7365             
 4263 CRV 12 19 42.2 -12 13 34 8 Sb   12.6   1.20   0.6 125     39698                   
 4264 VIR 12 19 35.6 +05 50 47 8 SB0- 13.9   0.90   0.7 130     39687  7364             
 4265 CRV 12 19 42.2 -12 13 34 8 Sb   12.6   1.20   0.6 125     39698                   
 4266 VIR 12 19 42.1 +05 32 15 8 SBa  14.6   1.80   0.4  76     39699  7368             
 4267 VIR 12 19 45.3 +12 47 52 8 E-S0 11.8   3.00   2.8         39710  7373             
 4268 VIR 12 19 47.1 +05 17 01 8 SB0- 13.2   1.40   0.6  48     39712  7371             
 4269 VIR 12 19 49.2 +06 00 53 8 S0-a 13.8   1.30   0.8 137     39719  7372             
 4270 VIR 12 19 49.4 +05 27 46 8 S0   13.1   2.00   0.9 110     39718  7376             
 4271 UMA 12 19 32.7 +56 44 12 8 E-S0 13.5   1.50   1.3  55     39683  7375             
 4272 COM 12 19 47.6 +30 20 18 8 E    14.1   1.00   0.9         39715  7378             
 4273 VIR 12 19 56.0 +05 20 35 8 SBc  12.4   2.30   1.5  10     39738  7380             
 4274 COM 12 19 50.8 +29 36 47 8 SBab 11.3   6.80   2.4 102     39724  7377             
 4275 COM 12 19 52.6 +27 37 14 8 Sb   13.6   0.80   0.7         39728  7382             
 4276 VIR 12 20 07.7 +07 41 27 8 SBc  13.4   1.60   1.4         39765  7385             
 4277 VIR 12 20 03.6 +05 20 29 8 SB0- 14.2   1.10   0.8 130     39759                   
 4278 COM 12 20 06.7 +29 16 47 8 E    11.1   4.00   3.9         39764  7386             
 4279 VIR 12 20 24.9 -11 40 00 8 S0-a 14.0   1.10   0.7  35     39812                   
 4280 CRV 12 20 25.0 -11 41 48 0 *3                                                     
 4281 VIR 12 20 21.6 +05 23 09 8 S0-a 12.3   3.00   1.6  88     39801  7389             
 4282 VIR 12 20 24.2 +05 34 22 8 S0-a 15.0   0.80   0.5 100     39809                   
 4283 COM 12 20 20.6 +29 18 37 8 E    13.0   1.40   1.4         39800  7390             
 4284 UMA 12 20 12.8 +58 05 34 8 Sb-c 14.4   2.50   1.2 102     39775  7393             
 4285 VIR 12 20 39.8 -11 38 34 8 Sa   14.5   0.90   0.5  50     39842                   
 4286 COM 12 20 42.1 +29 20 42 8 S0-a 14.5   1.50   0.8 150     39846  7398             
 4287 VIR 12 20 48.4 +05 38 24 8 Sb   14.8   1.20   0.2  80     39860                   
 4288 CVN 12 20 38.0 +46 17 38 8 SBcd 13.3   2.20   1.6 130     39840  7399             
 4289 VIR 12 21 02.4 +03 43 20 8 Sc   14.3   3.90   0.4   1     39886  7403             
 4290 UMA 12 20 47.5 +58 05 31 8 SBab 12.8   2.20   1.6  90     39859  7402             
 4291 DRA 12 20 17.3 +75 22 14 8 E    12.4   2.00   1.7 110     39791  7397             
 4292 VIR 12 21 16.4 +04 35 44 8 SB0  13.2   1.60   1.2   7     39922  7404             
 4293 COM 12 21 12.9 +18 22 56 8 SB0- 11.2   5.50   2.9  72     39907  7405             
 4294 VIR 12 21 17.8 +11 30 33 8 SBc  12.5   3.20   1.2 155     39925  7407             
 4295 COM 12 21 09.7 +28 09 54 8 S0   14.9   0.60   0.5         39906                   
 4296 VIR 12 21 28.4 +06 39 11 8 SB0  13.8   1.40   0.9  15     39943  7409             
 4297 VIR 12 21 27.4 +06 40 15 8 S0   15.5   0.50   0.2 175     39940                   
 4298 COM 12 21 32.9 +14 36 22 8 Sc   12.1   3.20   1.9 140     39950  7412             
 4299 VIR 12 21 40.5 +11 30 03 8 SBd  12.9   1.70   1.6  26     39968  7414             
 4300 VIR 12 21 41.3 +05 23 03 8 Sa   13.8   1.50   0.6  42     39972  7413             
 4301 VIR 12 22 27.2 +04 33 55 8 SBc  13.6   1.60   1.3  90     40087  7439             
 4302 COM 12 21 42.2 +14 35 52 8 Sc   12.6   5.30   1.0 178     39974  7418             
 4303 VIR 12 21 54.9 +04 28 20 8 SBbc 10.1   6.50   5.9      61 40001  7420             
 4304 HYA 12 22 12.7 -33 29 07 8 SBbc 12.4   2.60   2.5         40055                   
 4305 VIR 12 22 03.6 +12 44 25 8 Sa   13.3   2.20   1.2  32     40030  7432             
 4306 VIR 12 22 04.2 +12 47 13 8 SB0  13.8   1.60   1.1 140     40032  7433             
 4307 VIR 12 22 05.2 +09 02 29 8 Sb   12.9   3.50   0.8  24     40033  7431             
 4308 COM 12 21 56.8 +30 04 25 8 E    14.2   0.80   0.7         40011  7426             
 4309 VIR 12 22 12.3 +07 08 39 8 SB0- 13.7   1.80   1.0  85     40051  7435             
 4310 COM 12 22 26.4 +29 12 27 8 SB0- 13.3   2.00   1.0 160     40086  7440             
 4312 COM 12 22 31.4 +15 32 15 8 Sa-b 12.6   4.60   1.1 170     40095  7442             
 4313 VIR 12 22 38.3 +11 48 02 8 Sa-b 12.8   3.80   0.9 143     40105  7445             
 4314 COM 12 22 31.8 +29 53 43 8 SBa  11.4   3.90   3.7         40097  7443             
 4315 VIR 12 22 39.5 +09 17 10 0 *2                                                     
 4316 VIR 12 22 42.1 +09 19 55 8 Sc   13.8   2.50   0.5 113     40119  7447             
 4318 VIR 12 22 43.2 +08 11 55 8 E    14.2   0.70   0.5  65     40122  7446             
 4319 DRA 12 21 43.9 +75 19 19 8 SBab 12.8   2.80   2.1 160     39981  7429             
 4320 VIR 12 22 57.8 +10 32 55 8 Sb   14.8   1.00   0.6 170     40160  7452             
 4321 COM 12 22 54.9 +15 49 20 8 SBbc 10.1   7.50   6.1  30 100 40153  7450             
 4322 COM 12 22 42.0 +15 54 13 0 *                                                      
 4323 COM 12 23 01.7 +15 54 17 8 SB0  14.8   1.10   0.8 100     40171                   
 4324 VIR 12 23 06.0 +05 14 58 8 S0-a 12.5   2.90   1.2  53     40179  7451             
 4325 VIR 12 23 06.6 +10 37 16 8 E?   14.4   1.00   0.7   5     40183                   
 4326 VIR 12 23 11.6 +06 04 19 8 SBab 14.2   1.40   1.1 145     40192  7454             
 4327 COM 12 23 07.5 +15 44 11 0 *4                                                     
 4328 COM 12 23 20.0 +15 49 11 8 E-S0 14.3   1.40   1.2  90     40209                   
 4329 CRV 12 23 20.7 -12 33 31 8 E    14.7   1.10   0.6  45     40212                   
 4330 VIR 12 23 17.0 +11 22 05 8 Sc   13.1   4.50   0.9  59     40201  7456             
 4331 DRA 12 22 35.7 +76 10 05 8 Irr  14.7   2.20   0.4   2     40085  7449             
 4332 DRA 12 22 46.7 +65 50 37 8 SBa  13.1   2.10   1.5 130     40133  7453             
 4333 VIR 12 23 22.2 +06 02 26 8 SBab 14.5   0.80   0.7         40217                   
 4334 VIR 12 23 24.1 +07 28 22 8 SBab 13.9   2.20   1.1 135     40218  7458             
 4335 UMA 12 23 01.9 +58 26 38 8 E    13.4   1.90   1.5 145     40169  7455             
 4336 COM 12 23 29.7 +19 25 35 8 SB0- 13.6   2.00   0.9 162     40231  7462             
 4337 CRU 12 24 03.2 -58 07 25 3 II3p  8.0   4.00                             
 4338 COM 12 22 26.4 +29 12 27 8 SB0- 13.3   2.00   1.0 160     40086  7440             
 4339 VIR 12 23 34.9 +06 04 53 8 E    12.3   2.30   2.1         40240  7461             
 4340 COM 12 23 35.2 +16 43 20 8 SB0- 12.1   3.10   2.3 102     40245  7467             
 4341 VIR 12 23 53.1 +07 06 23 8 SB0  14.2   1.70   0.6  96     40280  7472             
 4342 VIR 12 23 39.1 +07 03 14 8 E-S0 13.2   1.20   0.6 168     40252  7466             
 4343 VIR 12 23 38.7 +06 57 14 8 Sb   13.2   2.30   0.7 133     40251  7465             
 4344 COM 12 23 37.5 +17 32 28 8 SB0  13.4   1.40   1.4         40249  7468             
 4345 DRA 12 22 27.1 +75 19 40 0 *                                                      
 4346 CVN 12 23 27.9 +46 59 36 8 SB0  12.3   3.20   1.3  99     40228  7463             
 4347 VIR 12 14 52.3 -03 14 28 0 *2                                                     
 4348 VIR 12 23 53.9 -03 26 35 8 Sbc  13.3   3.20   0.7  40     40284                   
 4349 CRU 12 24 06.0 -61 52 13 3 I2m   7.0   4.00                             
 4350 COM 12 23 57.8 +16 41 34 8 S0   12.0   2.90   1.6  28     40295  7473             
 4351 VIR 12 24 01.5 +12 12 15 8 SBab 13.0   2.00   1.4  80     40306  7476             
 4352 VIR 12 24 04.9 +11 13 02 8 S0   13.5   2.00   1.0 102     40313  7475             
 4353 VIR 12 24 00.2 +07 47 01 8 Irr  14.2   0.90   0.6  75     40303                   
 4354 VIR 12 24 01.5 +12 12 15 8 SBab 13.0   2.00   1.4  80     40306  7476             
 4355 VIR 12 26 54.6 -00 52 42 8 Sa   14.1   1.50   0.7  59     40762  7545             
 4356 VIR 12 24 14.6 +08 32 11 8 Sc   14.0   2.80   0.5  40     40342  7482             
 4357 CVN 12 23 59.1 +48 46 46 8 Sb-c 13.2   3.70   1.3  77     40296  7478             
 4358 UMA 12 24 02.1 +58 23 05 8 S0   14.2   1.00   0.8 170     40309  7479             
 4359 COM 12 24 11.4 +31 31 15 8 SBc  13.7   3.50   0.8 108     40330  7483             
 4360 VIR 12 24 21.8 +09 17 33 8 E    13.5   1.50   1.2 145     40363  7484             
 4361 CRV 12 24 30.8 -18 47 05 6 PN   10.3   0.75                                       
 4362 UMA 12 24 11.3 +58 21 39 8 S?   15.3   0.70   0.2  40     40350                   
 4363 DRA 12 23 28.6 +74 57 05 8 Sb   14.8   1.50   1.5         40233                   
 4364 UMA 12 24 11.3 +58 21 39 8 S?   15.3   0.70   0.2  40     40350                   
 4365 VIR 12 24 28.2 +07 19 01 8 E    10.6   6.50   4.9  40     40375  7488             
 4366 VIR 12 24 47.0 +07 21 08 8 E?   15.0   0.80   0.4  45     40421                   
 4367 VIR 12 24 35.1 +12 10 56 0 *2                                                     
 4368 VIR 12 23 06.6 +10 37 16 8 E?   14.4   1.00   0.7   5     40183                   
 4369 CVN 12 24 36.4 +39 22 56 8 Sa   12.3   2.40   2.4         40396  7489             
 4370 VIR 12 24 55.0 +07 26 38 8 Sa   13.8   1.30   0.7  83     40439  7492             
 4371 VIR 12 24 55.4 +11 42 13 8 SB0- 11.9   4.00   2.3  95     40442  7493             
 4372 MUS 12 25 45.4 -72 39 33 4 XII   7.2  18.60                             
 4373 CEN 12 25 17.7 -39 45 40 8 E-S0 11.9   3.60   2.6  43     40498                   
 4374 VIR 12 25 03.6 +12 53 11 8 E    10.2   6.70   6.0 135  84 40455  7494  Markarian Chain
 4375 COM 12 25 00.4 +28 33 29 8 SBab 13.8   1.40   1.2   5     40449  7496             
 4376 VIR 12 25 18.1 +05 44 26 8 Irr  13.7   1.40   0.9 157     40494  7498             
 4377 COM 12 25 12.4 +14 45 42 8 E-S0 12.7   1.70   1.3 177     40477  7501             
 4378 VIR 12 25 18.0 +04 55 29 8 Sa   12.6   2.50   2.3 167     40490  7497             
 4379 COM 12 25 14.7 +15 36 26 8 E-S0 12.6   2.00   1.6 105     40484  7502             
 4380 VIR 12 25 22.1 +10 00 58 8 Sa-b 12.7   3.20   1.8 153     40507  7503             
 4381 CVN 12 23 59.1 +48 46 46 8 Sb-c 13.2   3.70   1.3  77     40296  7478             
 4382 COM 12 25 23.9 +18 11 25 8 S0-a 10.0   7.40   5.9   5  85 40515  7508             
 4383 COM 12 25 25.5 +16 28 10 8 Sa   12.7   2.00   1.0  28     40516  7507             
 4384 UMA 12 25 11.9 +54 30 20 8 Sa/P 13.6   1.30   1.0  90     40475  7506             
 4385 VIR 12 25 42.6 +00 34 19 8 SB0- 12.9   2.10   1.3  82     40564  7515             
 4386 DRA 12 24 27.7 +75 31 44 8 SB0  12.7   2.60   1.6 135     40378  7491             
 4387 VIR 12 25 41.7 +12 48 35 8 E    13.0   1.70   1.1 140     40562  7517             
 4388 VIR 12 25 46.9 +12 39 41 8 Sb   11.8   5.60   1.5  92     40581  7520             
 4389 CVN 12 25 35.0 +45 41 04 8 SB/P 12.8   2.60   1.3 105     40537  7514             
 4390 VIR 12 25 50.5 +10 27 30 8 SBbc 13.4   1.60   1.2  95     40597  7519             
 4391 DRA 12 25 18.9 +64 55 59 8 E-S0 13.7   1.10   1.1         40500  7511             
 4392 CVN 12 25 18.7 +45 50 49 8 C    14.7   0.70   0.6         40499                   
 4393 COM 12 25 51.3 +27 33 41 8 SBcd 13.4   3.20   3.0         40600  7521             
 4394 COM 12 25 55.6 +18 12 49 8 SBab 11.7   3.40   3.2 160     40614  7523             
 4395 CVN 12 25 48.8 +33 32 46 8 SBR  10.6  12.30  10.0 147     40596  7524             
 4396 COM 12 25 59.2 +15 40 14 8 Scd  13.1   3.30   1.0 125     40622  7526             
 4397 COM 12 25 58.2 +18 18 04 0 *3                                                     
 4398 VIR 12 26 07.4 +10 41 08 0 *                                                      
 4399 CVN 12 25 42.9 +33 30 58 5 GxyP                                                   
 4400 CVN 12 25 55.9 +33 30 55 5 GxyP                                                   
 4401 CVN 12 25 57.9 +33 31 40 5 GxyP                                                   
 4402 VIR 12 26 07.8 +13 06 45 8 Sb   12.6   3.60   1.1  90     40644  7528             
 4403 VIR 12 26 12.8 -07 41 07 8 Sab  13.8   1.90   0.6  25     40656                   
 4404 VIR 12 26 16.1 -07 40 51 8 E-S0 14.0   1.20   1.0 100     40666                   
 4405 COM 12 26 07.1 +16 10 50 8 S0-a 13.1   1.60   1.1  20     40643  7529             
 4406 VIR 12 26 11.5 +12 56 45 8 E     9.9   9.80   6.3 130  86 40653  7532  Markarian Chain    
 4407 VIR 12 26 32.1 +12 36 35 8 SBab 12.7   2.30   1.4  60     40705  7538             
 4408 COM 12 26 17.1 +27 52 14 8 E    15.1   0.40   0.3  30     40668                   
 4409 VIR 12 26 58.4 +02 29 37 8 SBbc 12.8   2.00   1.0   8     40775  7549             
 4410 VIR 12 26 28.3 +09 01 09 8 Sa-b 14.6   0.50   0.4         40694  7535             
 4411 VIR 12 26 30.0 +08 52 16 8 SBdm 13.5   2.00   1.9         40695  7537             
 4412 VIR 12 26 36.0 +03 57 51 8 SB/P 13.2   1.40   1.2         40715  7536             
 4413 VIR 12 26 32.1 +12 36 35 8 SBab 12.7   2.30   1.4  60     40705  7538             
 4414 COM 12 26 27.1 +31 13 23 8 Sc   11.0   3.60   2.0 155     40692  7539             
 4415 VIR 12 26 40.5 +08 26 08 8 S0-a 13.8   1.40   1.2         40727  7540             
 4416 VIR 12 26 46.7 +07 55 06 8 SBc  13.0   1.70   1.5  84     40743  7541             
 4417 VIR 12 26 50.4 +09 35 02 8 SB0  12.1   3.30   1.4  49     40756  7542             
 4418 VIR 12 26 54.6 -00 52 42 8 Sa   14.1   1.50   0.7  59     40762  7545             
 4419 COM 12 26 56.4 +15 02 50 8 SBa  12.1   3.30   1.2 133     40772  7551             
 4420 VIR 12 26 58.4 +02 29 37 8 SBbc 12.8   2.00   1.0   8     40775  7549             
 4421 COM 12 27 02.5 +15 27 37 8 SB0- 12.4   2.70   2.0  20     40785  7554             
 4422 VIR 12 27 12.0 -05 49 51 8 E-S0 13.8   1.30   1.3         40813                   
 4423 VIR 12 27 09.1 +05 52 47 8 Sd   14.3   2.30   0.4  18     40801  7556             
 4424 VIR 12 27 11.4 +09 25 15 8 SBa  12.3   3.50   1.7  95     40809  7561             
 4425 VIR 12 27 13.3 +12 44 03 8 SB0- 12.8   2.80   1.0  27     40816  7562             
 4426 COM 12 27 10.5 +27 50 20 0 *2                                                     
 4427 COM 12 27 10.5 +27 50 20 0 *2                                                     
 4428 VIR 12 27 28.1 -08 10 07 8 SBc  13.5   1.70   0.7  85     40860                   
 4429 VIR 12 27 26.3 +11 06 25 8 S0-a 11.1   5.80   2.8  99     40850  7568             
 4430 VIR 12 27 26.2 +06 15 44 8 SBb/ 12.6   2.30   2.0  80     40851  7566             
 4431 VIR 12 27 27.4 +12 17 24 8 S0   13.9   1.70   1.0 177     40852  7569             
 4432 VIR 12 27 33.0 +06 13 58 8 SBbc 14.8   0.90   0.7         40875  7570             
 4433 VIR 12 27 38.5 -08 16 47 8 SBbc 13.2   2.20   0.9   5     40894                   
 4434 VIR 12 27 36.6 +08 09 14 8 E    12.9   1.40   1.4         40886  7571             
 4435 VIR 12 27 40.5 +13 04 45 8 SB0  11.8   3.00   2.2  13     40898  7575  Markarian Chain     
 4436 VIR 12 27 41.3 +12 18 55 8 S0   14.1   1.50   0.8 118     40903  7573             
 4437 VIR 12 32 45.6 +00 06 54 8 Sc   11.2  10.20   1.7  83     41618  7694             
 4438 VIR 12 27 45.6 +13 00 29 8 S0-a 10.9   8.50   3.0  27     40914  7574  Markarian Chain       
 4439 CRU 12 28 26.3 -60 06 11 3 II1p  8.0   4.00                             
 4440 VIR 12 27 53.5 +12 17 34 8 SBa  12.8   1.80   1.6         40927  7581             
 4441 DRA 12 27 20.2 +64 48 06 8 SB0- 13.4   3.20   2.5 175     40836  7572             
 4442 VIR 12 28 03.9 +09 48 12 8 SB0  11.4   4.50   1.8  87     40950  7583             
 4443 VIR 12 28 06.3 +13 07 18 0 *                                                      
 4444 CEN 12 28 36.1 -43 15 46 8 SBbc 13.0   2.50   2.3         41043                   
 4445 VIR 12 28 16.1 +09 26 10 8 Sa-b 13.7   2.60   0.5 106     40987  7587             
 4446 COM 12 28 06.8 +13 54 42 8 Sc   14.5   1.10   0.9  82     40962  7586             
 4447 COM 12 28 12.4 +13 53 57 8 SB0  14.8   0.90   0.7         40979                   
 4448 COM 12 28 15.5 +28 37 15 8 SBab 12.0   3.60   1.3  94     40988  7591             
 4449 CVN 12 28 11.3 +44 05 40 8 Irr  10.0   6.20   4.9  45     40973  7592             
 4450 COM 12 28 29.3 +17 05 01 8 Sab  10.9   5.40   4.1 175     41024  7594             
 4451 VIR 12 28 40.5 +09 15 30 8 Sb   13.4   1.50   0.9 162     41050  7600             
 4452 VIR 12 28 43.3 +11 45 16 8 S0   12.9   2.70   0.6  32     41060  7601             
 4453 VIR 12 28 46.8 +06 30 42 8 Sb   15.7   0.50   0.2 165     41072                   
 4454 VIR 12 28 50.6 -01 56 22 8 SB0- 12.8   1.90   1.6 100     41083  7606             
 4455 COM 12 28 44.0 +22 49 14 8 SBcd 13.1   2.60   0.8  16     41066  7603             
 4456 HYA 12 27 52.2 -30 05 54 8 Sbc  14.1   1.20   0.6 150     40925                   
 4457 VIR 12 28 58.9 +03 34 14 8 SB0- 11.7   2.60   2.3         41101  7609             
 4458 VIR 12 28 57.7 +13 14 30 8 E    12.8   1.60   1.5         41095  7610  Markarian Chain   
 4459 COM 12 29 00.0 +13 58 41 8 S0-a 11.3   4.00   3.1 110     41104  7614             
 4460 CVN 12 28 45.5 +44 51 50 8 SB0- 12.3   4.20   1.3  40     41069  7611             
 4461 VIR 12 29 02.9 +13 11 02 8 SB0- 12.0   3.40   1.4   9     41111  7613  Markarian Chain    
 4462 CRV 12 29 21.0 -23 10 01 8 SBab 12.8   3.10   1.1 124     41150                   
 4463 MUS 12 29 55.2 -64 47 22 3 I3p   7.0   5.00                             
 4464 VIR 12 29 21.2 +08 09 23 8 Sab  13.6   0.90   0.7         41148  7619             
 4465 VIR 12 29 23.5 +08 01 32 8 Sc   15.6   0.20   0.2         41157                   
 4466 VIR 12 29 30.6 +07 41 47 8 Sa-b 14.8   1.10   0.3 101     41170  7626             
 4467 VIR 12 29 30.3 +07 59 32 8 E    15.0   0.40   0.3  45     41169                   
 4468 COM 12 29 30.9 +14 02 55 8 E-S0 13.7   1.40   1.1  73     41171  7628             
 4469 VIR 12 29 28.1 +08 44 59 8 SB0- 12.4   3.40   1.2  89     41164  7622             
 4470 VIR 12 29 37.9 +07 49 24 8 Sa   13.1   1.30   0.9   0     41189  7627             
 4471 VIR 12 29 40.7 +07 54 38 0 *                                                      
 4472 VIR 12 29 46.7 +07 59 58 8 E     9.3   9.80   8.2 155  49 41220  7629             
 4473 COM 12 29 48.7 +13 25 45 8 E    11.2   4.20   2.6 100     41228  7631  Markarian Chain 
 4474 COM 12 29 53.3 +14 04 05 8 S0   12.5   2.40   1.6  80     41241  7634             
 4475 COM 12 29 47.7 +27 14 34 8 SBbc 14.3   1.70   0.9   5     41225  7632             
 4476 VIR 12 29 59.0 +12 20 53 8 E-S0 13.0   1.80   1.3  25     41255  7637             
 4477 COM 12 30 02.0 +13 38 11 8 SB0  11.4   3.70   3.3  15     41260  7638  Markarian Chain   
 4478 VIR 12 30 17.3 +12 19 41 8 E    12.4   1.80   1.5 140     41297  7645             
 4479 COM 12 30 18.3 +13 34 39 8 SB0  13.5   1.60   1.3         41302  7646             
 4480 VIR 12 30 26.7 +04 14 43 8 SBc  13.1   2.20   1.1 175     41317  7647             
 4481 DRA 12 29 48.6 +64 01 58 8 S    15.0   0.70   0.3 140     41222                   
 4482 VIR 12 30 10.3 +10 46 43 8 E    13.7   1.70   1.0 145     41272  7640             
 4483 VIR 12 30 40.6 +09 00 54 8 SB0- 12.5   1.60   0.8  65     41339  7649             
 4484 VIR 12 28 52.7 -11 39 08 8 Sc   14.0   1.60   1.6         41087                   
 4485 CVN 12 30 31.3 +41 42 01 8 Irr  12.3   2.40   1.8  15     41326  7648             
 4486 VIR 12 30 49.4 +12 23 24 8 E     9.6   8.70   6.6 170  87 41361  7654  Virgo A
 4487 VIR 12 31 04.3 -08 03 15 8 SBc  11.7   4.00   2.8 100     41399                   
 4488 VIR 12 30 51.3 +08 21 33 8 SB0- 13.0   3.80   1.5   5     41363  7653             
 4489 COM 12 30 52.2 +16 45 31 8 E    12.9   1.70   1.6         41365  7655             
 4490 CVN 12 30 36.1 +41 38 32 8 SBcd 10.2   6.40   3.2 125     41333  7651             
 4491 VIR 12 30 57.1 +11 28 58 8 SBa  13.5   1.60   0.8 148     41376  7657             
 4492 VIR 12 30 59.7 +08 04 39 8 Sa   13.3   1.70   1.6         41383  7656             
 4493 VIR 12 31 08.3 +00 36 49 8 E    14.6   1.30   1.0 145     41409                   
 4494 COM 12 31 24.1 +25 46 29 8 E    10.7   4.50   4.3         41441  7662             
 4495 COM 12 31 22.7 +29 08 10 8 Sa-b 14.1   1.40   0.8 130     41438  7663             
 4496 VIR 12 31 39.3 +03 56 21 8 SBc  11.9   3.90   3.1  70     41471  7668             
 4497 VIR 12 31 32.6 +11 37 28 8 SB0- 13.4   1.90   0.8  65     41457  7665             
 4498 COM 12 31 39.5 +16 51 08 8 SBc  12.6   3.00   1.6 133     41472  7669             
 4499 CEN 12 32 04.9 -39 58 59 8 SBbc 13.6   1.80   1.3  93     41537                   
 4500 UMA 12 31 22.0 +57 57 52 8 SBa  13.2   1.60   1.1 130     41436  7667             
 4501 COM 12 31 59.0 +14 25 09 8 Sb-c 10.2   6.80   3.7 140  88 41517  7675             
 4502 COM 12 32 03.2 +16 41 15 8 SBc  14.7   1.10   0.6  40     41531  7677             
 4503 VIR 12 32 06.1 +11 10 30 8 SB0  12.1   3.50   1.7  12     41538  7680             
 4504 VIR 12 32 17.4 -07 33 50 8 SBc  11.9   4.30   2.8 140     41555                   
 4505 VIR 12 31 39.3 +03 56 21 8 SBc  11.9   3.90   3.1  70     41471  7668             
 4506 COM 12 32 10.5 +13 25 11 8 SBa  13.7   1.60   1.1 110     41546  7682             
 4507 CEN 12 35 36.6 -39 54 35 8 SBab 12.8   1.60   1.3         41960                   
 4508 VIR 12 32 17.4 +05 49 08 0 *2                                                     
 4509 CVN 12 33 06.8 +32 05 30 8 Sa-b 14.2   0.80   0.5 155     41660  7704             
 4510 DRA 12 31 47.2 +64 14 00 8 E    14.0   1.50   0.9 153     41489  7679             
 4511 UMA 12 32 07.9 +56 28 14 8 Sbc  14.7   0.80   0.4   5     41560                   
 4512 DRA 12 32 47.6 +63 56 20 8 S0-a 13.1   2.50   0.6 167     41621  7706             
 4513 DRA 12 32 01.6 +66 19 57 8 S0   14.0   1.40   0.8  15     41527  7683             
 4514 COM 12 32 42.9 +29 42 42 8 Sb-c 14.1   1.20   1.1         41610  7693             
 4515 COM 12 33 04.9 +16 15 54 8 E-S0 13.4   1.40   1.1         41652  7701             
 4516 COM 12 33 07.5 +14 34 27 8 SBab 13.3   1.80   0.9 170     41661  7703             
 4517 VIR 12 32 45.6 +00 06 54 8 Sc   11.2  10.20   1.7  83     41618  7694             
 4518 VIR 12 33 11.7 +07 51 06 8 SB0  14.5   1.00   0.4   0     41674                   
 4519 VIR 12 33 30.2 +08 39 16 8 SBcd 12.3   2.90   2.3 145     41719  7709             
 4520 VIR 12 33 49.9 -07 22 31 8 E-S0 13.9   1.10   0.6 104     41748                   
 4521 DRA 12 32 47.6 +63 56 20 8 S0-a 13.1   2.50   0.6 167     41621  7706             
 4522 VIR 12 33 39.7 +09 10 25 8 SBc  12.8   3.60   1.0  33     41729  7711             
 4523 COM 12 33 48.0 +15 10 04 8 SBm  14.1   1.90   1.8         41746  7713             
 4524 CRV 12 33 54.4 -12 01 40 8 Sbc  14.5   1.30   0.8  80     41757                   
 4525 COM 12 33 51.1 +30 16 37 8 SBc  12.9   2.60   1.3  53     41755  7714             
 4526 VIR 12 34 02.8 +07 41 54 8 SB0  10.6   7.00   2.5 113     41772  7718             
 4527 VIR 12 34 08.8 +02 39 10 8 SBbc 11.3   5.90   2.3  67     41789  7721             
 4528 VIR 12 34 06.0 +11 19 14 8 SB0  12.9   1.60   1.0   5     41781  7722             
 4529 COM 12 32 51.7 +20 10 59 8 Sc   15.0   2.00   0.4  99     41639  7697             
 4530 CVN 12 33 47.6 +41 21 12 0 *     4.3                                              
 4531 VIR 12 34 15.8 +13 04 31 8 SB0- 12.6   3.10   2.0 155     41806  7729             
 4532 VIR 12 34 19.3 +06 28 00 8 Irr  12.3   2.70   1.2 160     41811  7726             
 4533 VIR 12 34 22.1 +02 19 29 8 Scd  14.5   2.10   0.4 161     41816  7725             
 4534 CVN 12 34 05.4 +35 31 04 8 Sd   13.0   2.60   2.1 125     41779  7723             
 4535 VIR 12 34 20.2 +08 11 49 8 SBc  10.5   6.90   5.4   0     41812  7727             
 4536 VIR 12 34 26.9 +02 11 12 8 SBbc 11.1   7.10   3.1 130     41823  7732             
 4537 CVN 12 34 49.1 +50 48 18 8 S?   15.3   1.00   0.5  28     41864  7746             
 4538 VIR 12 34 40.8 +03 19 23 8 Sb   14.6   0.70   0.3  80     41850                   
 4539 COM 12 34 34.6 +18 12 08 8 SBa  12.9   3.30   1.4  95     41839  7735             
 4540 COM 12 34 50.9 +15 33 02 8 SBc  12.5   2.10   1.8  40     41876  7742             
 4541 VIR 12 35 10.7 -00 13 18 8 SBbc 13.9   1.60   0.7  91     41911  7749             
 4542 CVN 12 34 49.1 +50 48 18 8 S?   15.3   1.00   0.5  28     41864  7746             
 4543 VIR 12 35 20.2 +06 06 54 8 E-S0 14.6   0.60   0.4   0     41923                   
 4544 VIR 12 35 36.5 +03 02 06 8 SB0- 14.0   2.00   0.6 161     41958  7756             
 4545 DRA 12 34 34.1 +63 31 27 8 SBc  13.0   2.50   1.5   8     41838  7747             
 4546 VIR 12 35 29.5 -03 47 37 8 E-S0 11.3   3.30   1.6  80     41939                   
 4547 UMA 12 34 51.8 +58 55 00 8 E-S0 15.5   0.70   0.5  30     41896                   
 4548 COM 12 35 26.4 +14 29 45 8 SBb  10.9   5.20   4.2 150  91 41934  7753             
 4549 UMA 12 35 21.3 +58 56 56 8 S    16.0   0.40   0.2 100     41954                   
 4550 VIR 12 35 30.6 +12 13 13 8 SB0  12.5   3.30   0.9 178     41943  7757             
 4551 VIR 12 35 38.0 +12 15 48 8 E    13.0   1.80   1.4  70     41963  7759             
 4552 VIR 12 35 39.9 +12 33 20 8 E    10.9   5.30   4.8      89 41968  7760             
 4553 CEN 12 36 07.5 -39 26 23 8 SB0- 13.2   2.40   1.2 176     42018                   
 4555 COM 12 35 41.0 +26 31 24 8 E    13.4   1.40   1.1 125     41975  7762             
 4556 COM 12 35 45.6 +26 54 31 8 E    14.2   1.20   1.0  80     41980  7765             
 4557 COM 12 35 49.7 +27 03 12 0 *3                                                     
 4558 COM 12 35 52.6 +26 59 28 8 S  M 15.3   0.70   0.7         41995                   
 4559 COM 12 35 57.8 +27 57 33 8 SBc  10.3  11.00   4.9 150     42002  7766             
 4560 VIR 12 34 02.8 +07 41 54 8 SB0  10.6   7.00   2.5 113     41772  7718             
 4561 COM 12 36 08.1 +19 19 16 8 SBcd 13.1   1.50   1.3  30     42020  7768             
 4562 COM 12 35 34.5 +25 50 56 8 SBcd 14.4   2.40   0.7  48     41955  7758             
 4563 COM 12 36 12.6 +26 56 28 8 S    15.3   0.50   0.4 100     42030                   
 4564 VIR 12 36 26.9 +11 26 21 8 E    12.0   3.20   1.8  47     42051  7773             
 4565 COM 12 36 20.5 +25 59 14 8 Sb   10.3  14.90   2.0 136     42038  7772             
 4566 UMA 12 36 00.2 +54 13 12 8 Sbc  13.9   1.30   0.9  80     42007  7769             
 4567 VIR 12 36 32.7 +11 15 26 8 Sbc  12.1   3.10   2.2  85     42064  7777  Siamese Twins           
 4568 VIR 12 36 34.2 +11 14 17 8 Sbc  11.7   4.60   2.2  23     42069  7776  Siamese Twins           
 4569 VIR 12 36 50.0 +13 09 48 8 SBab 10.2   9.90   4.4  23  90 42089  7786             
 4570 VIR 12 36 53.2 +07 14 47 8 S0   11.8   3.70   1.2 159     42096  7785             
 4571 COM 12 36 56.4 +14 13 01 8 Sc   11.9   3.70   3.4  55     42100  7788             
 4572 DRA 12 35 45.5 +74 14 44 8 S?   14.9   1.50   0.3 155     41991  7775             
 4573 CEN 12 37 43.7 -43 37 19 8 SB0- 13.7   2.50   1.9 150     42167                   
 4574 CEN 12 37 43.5 -35 31 07 8 SBc  13.7   1.80   1.1 113     42166                   
 4575 CEN 12 37 51.1 -40 32 17 8 SBbc 13.1   2.00   1.2 106     42181                   
 4576 VIR 12 37 33.5 +04 22 01 8 SBbc 14.3   1.20   0.8 159     42152  7792             
 4577 VIR 12 39 12.4 +06 00 42 8 Sab  13.8   1.60   0.8  37     42319  7821             
 4578 VIR 12 37 30.6 +09 33 18 8 S0   12.2   3.10   2.3  35     42149  7793             
 4579 VIR 12 37 43.7 +11 49 04 8 SBb  10.4   6.00   4.8  95  58 42168  7796             
 4580 VIR 12 37 48.3 +05 22 03 8 SBab 12.3   2.10   1.5 165     42174  7794             
 4581 VIR 12 38 05.1 +01 28 40 8 E    13.3   1.90   1.1 173     42199  7801             
 4582 VIR 12 38 10.1 +00 10 58 0 *                                                      
 4583 CVN 12 38 04.4 +33 27 29 8 SB0- 14.5   1.10   1.1         42198                   
 4584 VIR 12 38 17.8 +13 06 36 8 SBa  13.7   1.40   1.0   5     42223  7803             
 4585 COM 12 38 13.2 +28 56 12 8 SBb  14.7   0.70   0.4 100     42215                   
 4586 VIR 12 38 28.3 +04 19 05 8 Sa   12.6   3.80   1.2 115     42241  7804             
 4587 VIR 12 38 35.3 +02 39 26 8 S0   14.3   1.10   0.5  48     42253  7805             
 4588 VIR 12 38 45.4 +06 46 01 8 SBc  14.9   1.30   0.4  57     42277  7810             
 4589 DRA 12 37 24.6 +74 11 29 8 E    11.7   3.40   2.8  90     42139  7797             
 4590 HYA 12 39 28.0 -26 44 34 4 X     7.8   9.80            68                       
 4591 VIR 12 39 12.4 +06 00 42 8 Sab  13.8   1.60   0.8  37     42319  7821             
 4592 VIR 12 39 18.6 -00 31 55 8 Sd   12.2   6.80   1.7  97     42336  7819             
 4593 VIR 12 39 39.3 -05 20 40 8 SBab 11.9   3.70   2.6 125     42375                   
 4594 VIR 12 39 59.3 -11 37 23 8 Sa-b  9.2   8.60   4.2  89 104 42407        Sombrero Galaxy           
 4595 COM 12 39 51.7 +15 17 50 8 SBb  13.0   1.70   1.1 110     42396  7826             
 4596 VIR 12 39 56.0 +10 10 33 8 SB0- 11.4   4.00   3.4 135     42401  7828             
 4597 VIR 12 40 12.3 -05 48 04 8 SBc  12.7   3.80   1.6  35     42429                   
 4598 VIR 12 40 11.9 +08 22 58 8 SB0  13.6   1.40   1.1         42427  7829             
 4599 VIR 12 40 26.9 +01 11 46 8 S0-a 13.6   1.70   0.8 144     42453  7833             
 4600 VIR 12 40 22.9 +03 07 02 8 S0   13.6   1.20   0.8  60     42447  7832             
 4601 CEN 12 40 46.6 -40 53 39 8 SB0- 14.5   1.70   0.5  16     42492                   
 4602 VIR 12 40 36.8 -05 07 59 8 SBbc 12.6   3.00   1.0  99     42476                   
 4603 CEN 12 40 55.0 -40 58 36 8 SBc  14.1   2.30   1.7  27     42510                   
 4604 VIR 12 40 44.9 -05 18 12 8 Irr  14.3   1.00   0.4 110     42489                   
 4605 UMA 12 39 59.3 +61 36 28 8 SBc/ 10.8   5.90   2.4 125     42408  7831             
 4606 VIR 12 40 57.5 +11 54 41 8 SBa  12.6   3.30   1.7  33     42516  7839             
 4607 VIR 12 41 12.2 +11 53 06 8 SBb  13.8   2.90   0.7   2     42544  7843             
 4608 VIR 12 41 13.2 +10 09 18 8 SB0  12.0   3.30   2.9 120     42545  7842             
 4609 CRU 12 42 19.8 -62 59 38 3 II1p  6.0   5.00                             
 4610 VIR 12 29 37.9 +07 49 24 8 Sa   13.1   1.30   0.9   0     41189  7627             
 4611 COM 12 41 25.4 +13 43 45 8 Sbc  15.1   1.20   0.2 126     42564  7849             
 4612 VIR 12 41 32.8 +07 18 51 8 SB0  12.5   2.70   2.0 145     42574  7850             
 4613 COM 12 41 29.0 +26 05 16 8 S?   15.6   0.40   0.4         42570                   
 4614 COM 12 41 31.6 +26 02 33 8 SB0- 14.3   0.90   0.8 175     42573  7851             
 4615 COM 12 41 37.5 +26 04 20 8 Sc   13.8   1.60   0.7 125     42584  7852             
 4616 CEN 12 42 16.5 -40 38 32 8 E    14.3   0.90   0.8         42662                   
 4617 CVN 12 41 05.7 +50 23 37 8 Sb   14.0   2.90   0.5 179     42530  7847             
 4618 CVN 12 41 33.0 +41 09 02 8 SBm  11.2   4.20   3.4  25     42575  7853             
 4619 CVN 12 41 44.4 +35 03 44 8 SBb/ 13.5   1.30   1.3         42594  7856             
 4620 VIR 12 41 59.3 +12 56 34 8 S0   13.2   1.80   1.5         42619  7859             
 4621 VIR 12 42 02.2 +11 38 48 8 E    10.7   5.30   4.0 165  59 42628  7858             
 4622 CEN 12 42 37.6 -40 44 40 8 Sa   13.4   1.70   1.6         42701                   
 4623 VIR 12 42 10.6 +07 40 33 8 SB0- 12.8   2.20   0.7 176     42647  7862             
 4624 VIR 12 45 06.1 +03 03 17 8 SB0- 11.2   3.50   3.5         42970  7924             
 4625 CVN 12 41 52.5 +41 16 23 8 SBm/ 12.9   2.30   1.9 160     42607  7861             
 4626 VIR 12 42 25.4 -07 02 43 8 Sbc  13.5   1.40   0.5  35     42680                   
 4627 CVN 12 41 59.6 +32 34 24 8 E    13.0   2.20   1.7  10     42620  7860             
 4628 VIR 12 42 25.3 -06 58 17 8 Sb   13.5   1.70   0.5  45     42681                   
 4629 VIR 12 42 32.7 -01 21 05 8 Sm   14.0   1.40   1.3  80     42692  7869             
 4630 VIR 12 42 31.1 +03 57 29 8 Irr  13.1   1.70   1.2  10     42688  7871             
 4631 CVN 12 42 07.6 +32 32 28 8 SBcd  9.7  15.20   2.8  86     42637  7865             
 4632 VIR 12 42 32.3 -00 04 52 8 Sc   12.5   3.00   1.2  63     42689  7870             
 4633 COM 12 42 37.1 +14 21 23 8 SBd  13.9   2.00   0.9  30     42699  7874             
 4634 COM 12 42 40.8 +14 17 44 8 SBc  13.4   2.50   0.6 156     42707  7875             
 4635 COM 12 42 38.7 +19 56 46 8 SBcd 13.4   1.90   1.4 170     42704  7876             
 4636 VIR 12 42 49.7 +02 41 12 8 E    10.4   5.90   4.6 150     42734  7878             
 4637 VIR 12 42 54.2 +11 26 15 8 S0   14.8   1.20   0.5  97     42744  7881             
 4638 VIR 12 42 47.3 +11 26 31 8 E-S0 12.1   2.40   1.7 125     42728  7880             
 4639 VIR 12 42 52.3 +13 15 24 8 SBbc 12.2   2.90   2.0 123     42741  7884             
 4640 VIR 12 42 57.8 +12 17 10 8 E?   14.2   1.40   0.8  45     42753  7888             
 4641 VIR 12 43 07.6 +12 03 03 8 S0   14.3   1.20   1.0         42769  7889             
 4642 VIR 12 43 17.6 -00 38 44 8 Sbc  13.8   1.90   0.5  37     42791  7893             
 4643 VIR 12 43 20.1 +01 58 39 8 SB0- 11.7   3.10   2.5 130     42797  7895             
 4644 UMA 12 42 42.6 +55 08 41 8 SBb/ 14.6   1.60   0.5  53     42708  7887             
 4645 CEN 12 44 09.9 -41 45 01 8 E    12.8   2.20   1.4  52     42879                   
 4646 UMA 12 42 52.1 +54 51 22 8 S0   14.4   0.60   0.3  18     42740  7892             
 4647 VIR 12 43 32.5 +11 34 56 8 SBc  12.1   2.90   2.3 125     42816  7896             
 4648 DRA 12 41 44.4 +74 25 18 8 E    12.9   1.80   1.2  70     42595  7868             
 4649 VIR 12 43 39.8 +11 33 09 8 E     9.8   7.60   6.2 105  60 42831  7898             
 4650 CEN 12 44 19.4 -40 43 57 8 SB0- 12.7   3.20   2.7  83     42891                   
 4651 COM 12 43 42.5 +16 23 35 8 Sc/P 11.3   4.00   2.7  80     42833  7901             
 4652 UMA 12 43 19.7 +58 57 53 8 Sb   15.6   1.00   0.2  40     42802                   
 4653 VIR 12 43 51.0 -00 33 42 8 SBc  12.8   3.40   3.0  30     42847  7900             
 4654 VIR 12 43 56.5 +13 07 33 8 SBc  11.1   5.00   3.1 128     42857  7902             
 4655 CVN 12 43 36.4 +41 01 07 8 S    15.2   1.00   1.0         42823                   
 4656 CVN 12 43 58.1 +32 10 09 8 SBm  10.7  15.30   2.4  33     42863  7907             
 4657 CVN 12 44 06.9 +32 12 31 8 I/P  13.0   1.10   0.7  90                             
 4658 VIR 12 44 37.7 -10 05 06 8 SBbc 13.0   2.10   0.9   0     42929                   
 4659 COM 12 44 29.5 +13 29 54 8 S0-a 13.1   1.80   1.3 173     42913  7915             
 4660 VIR 12 44 31.8 +11 11 24 8 E    12.2   2.10   1.7 100     42917  7914             
 4661 CEN 12 45 14.9 -40 49 30 8 E-S0 14.5   1.20   0.4 116     42983                   
 4662 CVN 12 44 26.3 +37 07 14 8 SBbc 13.5   1.90   1.6  55     42904  7917             
 4663 VIR 12 44 47.0 -10 11 55 8 SB0  14.5   1.10   0.8 170     42946                   
 4664 VIR 12 45 06.1 +03 03 17 8 SB0- 11.2   3.50   3.5         42970  7924             
 4665 VIR 12 45 06.1 +03 03 17 8 SB0- 11.2   3.50   3.5         42970  7924             
 4666 VIR 12 45 08.2 -00 27 48 8 SBc  11.5   4.50   1.4  42     42975  7926             
 4667 VIR 12 42 47.3 +11 26 31 8 E-S0 12.1   2.40   1.7 125     42728  7880             
 4668 VIR 12 45 31.8 -00 32 12 8 SBcd 13.6   1.40   0.8   5     42999  7931             
 4669 UMA 12 44 46.7 +54 52 32 8 Sb   14.5   1.50   0.4 177     42942  7925             
 4670 COM 12 45 16.9 +27 07 31 8 SB0- 13.1   1.40   1.2  90     42987  7930             
 4671 VIR 12 45 47.5 -07 04 13 8 E    14.0   1.30   1.1         43029                   
 4672 CEN 12 46 15.6 -41 42 23 8 Sa   14.0   2.20   0.6  45     43073                   
 4673 COM 12 45 34.7 +27 03 38 8 E    14.1   1.00   0.8 170     43008  7933             
 4674 VIR 12 46 03.3 -08 39 21 8 SBa/ 14.2   1.60   0.5 120     43050                   
 4675 UMA 12 45 31.7 +54 44 12 8 SBb  15.1   1.30   0.4  97     42998  7935             
 4676 COM 12 46 10.1 +30 43 55 8 SB0- 14.4   1.40   0.6   0     43062  7938  The Mice
 4677 CEN 12 46 57.0 -41 34 59 8 SB0- 13.8   1.60   0.7 167     43127                   
 4678 VIR 12 49 41.0 -04 34 51 8 S?   14.3   0.90   0.5 100     43385                   
 4679 CEN 12 47 30.0 -39 34 18 8 SBc  14.5   2.50   0.9   4     43170                   
 4680 VIR 12 46 54.7 -11 38 13 8 S    13.4   1.50   1.2  45     43118                   
 4681 CEN 12 47 28.7 -43 20 07 8 Sab  13.5   1.40   1.2         43166                   
 4682 VIR 12 47 15.5 -10 03 52 8 SBc  13.1   2.50   1.2  85     43147                   
 4683 CEN 12 47 42.2 -41 31 46 8 E-S0 13.8   1.30   0.9 130     43182                   
 4684 VIR 12 47 17.6 -02 43 39 8 SB0- 12.4   2.80   1.1  23     43149  7951             
 4685 COM 12 47 11.4 +19 27 51 8 E-S0 13.7   1.60   1.0 155     43143  7954             
 4686 UMA 12 46 39.7 +54 32 02 8 Sa   13.7   2.00   0.6   3     43101  7946             
 4687 CVN 12 47 23.8 +35 21 05 8 E    14.2   0.70   0.6         43157  7958             
 4688 VIR 12 47 46.5 +04 20 07 8 SBc  12.7   3.50   3.1         43189  7961             
 4689 COM 12 47 45.7 +13 45 42 8 Sb-c 11.5   4.70   4.0 160     43186  7965             
 4690 VIR 12 47 55.5 -01 39 24 8 E-S0 13.9   1.20   0.8 150     43202  7964             
 4691 VIR 12 48 13.4 -03 19 59 8 SB0- 11.7   2.70   2.5  15     43238                   
 4692 COM 12 47 55.2 +27 13 18 8 E    13.7   1.10   1.0         43200  7967             
 4693 DRA 12 47 09.0 +71 10 32 8 Scd  14.0   2.40   0.5  34     43141  7962             
 4694 VIR 12 48 14.9 +10 59 00 8 SB0  12.1   3.30   1.6 140     43241  7969             
 4695 UMA 12 47 32.0 +54 22 26 8 SBbc 14.3   1.10   0.7  80     43173  7966             
 4696 CEN 12 48 49.1 -41 18 44 8 E    11.2   4.70   3.3  95     43296                   
 4697 VIR 12 48 35.8 -05 48 02 8 E    10.1   6.20   4.5  70     43276                   
 4698 VIR 12 48 23.0 +08 29 16 8 Sa-b 11.5   4.00   2.9 170     43254  7970             
 4699 VIR 12 49 02.2 -08 39 52 8 SBb  10.4   3.80   2.8  45     43321                   
 4700 VIR 12 49 07.8 -11 24 44 8 SBc  12.8   3.00   0.5  50     43330                   
 4701 VIR 12 49 11.4 +03 23 18 8 Sc   12.8   3.10   2.6  45     43331  7975             
 4702 COM 12 49 01.4 +27 10 41 8 Scd  15.5   0.80   0.4 175     43317                   
 4703 VIR 12 49 18.9 -09 06 32 8 Sb   14.5   2.70   0.5 150     43342                   
 4704 CVN 12 48 46.4 +41 55 14 8 SBbc 14.5   1.00   0.9         43288  7972             
 4705 VIR 12 49 24.9 -05 11 45 8 SBbc 13.6   3.10   1.0 125     43350                   
 4706 CEN 12 49 54.0 -41 16 48 8 SB0  13.8   1.30   0.5  24     43411                   
 4707 CVN 12 48 23.2 +51 09 46 8 Sm   13.6   2.20   2.1  25     43255  7971             
 4708 VIR 12 49 41.6 -11 05 39 8 SBab 14.6   1.20   0.9 175     43382                   
 4709 CEN 12 50 03.9 -41 22 59 8 E    12.1   2.30   2.0         43423                   
 4710 COM 12 49 38.7 +15 09 51 8 S0-a 11.9   4.90   1.6  27     43375  7980             
 4711 CVN 12 48 45.7 +35 19 56 8 SBb  14.3   1.30   0.8  40     43286  7973             
 4712 COM 12 49 34.1 +25 28 09 8 Sbc  13.3   2.30   0.9 160     43368  7977             
 4713 VIR 12 49 57.6 +05 18 38 8 SBcd 12.1   2.90   1.8 100     43413  7985             
 4714 CRV 12 50 19.2 -13 19 30 8 E-S0 13.3   1.60   1.2 150     43442                   
 4715 COM 12 49 57.8 +27 49 20 8 S0-a 15.4   1.80   1.7  20     43399  7986             
 4716 VIR 12 50 33.1 -09 27 05 8 S0   14.3   1.10   0.7  85     43464                   
 4717 VIR 12 50 34.5 -09 27 48 8 SBa  15.1   1.40   0.5   0     43467                   
 4718 VIR 12 50 32.5 -05 16 57 8 SBb  13.7   1.80   0.6  95     43463                   
 4719 CVN 12 50 08.6 +33 09 31 8 SBb  14.0   1.40   1.1         43428  7987             
 4720 VIR 12 50 42.6 -04 09 23 8 E-S0 13.8   0.90   0.5 120     43478                   
 4721 COM 12 50 19.8 +27 19 27 8 S0   15.2   0.80   0.3 120     43437                   
 4722 CRV 12 51 32.3 -13 19 50 8 S0-a 13.7   1.80   0.7  35     43560                   
 4723 CRV 12 51 03.0 -13 14 14 8 Sm   15.0   1.10   0.7  40     43508                   
 4724 CRV 12 50 53.6 -14 19 58 8 E-S0 13.6   0.90   0.6  95     43494                   
 4725 COM 12 50 26.5 +25 29 58 8 SBab 10.1  10.40   7.2  35     43451  7989             
 4726 CRV 12 50 46.0 -14 16 06 8 S0   15.8   0.70   0.2  75                             
 4727 CRV 12 50 57.2 -14 20 01 8 SBbc 12.7   1.60   1.2 130     43499                   
 4728 COM 12 50 28.0 +27 26 05 8 E    15.6   0.80   0.8         43455                   
 4729 CEN 12 51 46.2 -41 07 58 8 E    13.4   1.50   1.5         43591                   
 4730 CEN 12 52 00.5 -41 08 51 8 E-S0 13.7   1.20   1.0         43611                   
 4731 VIR 12 51 01.0 -06 23 35 8 SBc/ 11.9   6.30   2.6  85     43507                   
 4732 UMA 12 50 07.0 +52 50 58 8 E    14.9   1.20   0.6   8     43430  7988             
 4733 VIR 12 51 06.7 +10 54 41 8 E    12.7   1.50   1.5         43516  7997             
 4734 VIR 12 51 12.8 +04 51 29 8 Sc   14.3   1.00   0.8 145     43525  7998             
 4735 COM 12 51 01.9 +28 55 39 8 SBbc 15.2   0.60   0.3  95     43509                   
 4736 CVN 12 50 53.1 +41 07 15 8 Sb    8.9  12.30  10.8 105  94 43495  7996             
 4737 CVN 12 50 52.9 +34 09 24 8 Sab  14.9   0.50   0.4         43490                   
 4738 COM 12 51 08.9 +28 47 16 8 Sc   14.7   2.10   0.3  34     43517  7999             
 4739 VIR 12 51 37.1 -08 24 37 8 E    13.4   1.40   1.2         43571                   
 4740 CRV 12 51 32.3 -14 13 17 8 Sb   14.5   0.80   0.4  85     43559                   
 4741 CVN 12 50 59.4 +47 40 16 8 Sc   14.4   1.40   0.7 165     43504  8000             
 4742 VIR 12 51 48.0 -10 27 19 8 E    12.1   2.30   1.3  75     43594                   
 4743 CEN 12 52 15.6 -41 23 26 8 S0   13.4   1.40   0.5 176     43653                   
 4744 CEN 12 52 19.5 -41 03 40 8 SB0- 13.6   2.10   1.0 122     43661                   
 4745 COM 12 51 26.1 +27 25 16 8 SB0  15.6   0.80   0.8         43539                   
 4746 VIR 12 51 55.2 +12 04 57 8 Sb   12.7   4.00   1.2 120     43601  8007             
 4747 COM 12 51 45.4 +25 46 24 8 SBcd 12.9   3.30   1.3  30     43586  8005             
 4748 CRV 12 52 12.6 -13 24 51 8 S    14.5   0.80   0.7         43643                   
 4749 DRA 12 51 12.2 +71 38 04 8 Sb   14.3   1.70   0.3 158     43527  8006             
 4750 DRA 12 50 06.5 +72 52 26 8 Sa/P 12.1   2.10   1.9         43426  7994             
 4751 CEN 12 52 50.6 -42 39 38 8 E-S0 12.2   3.00   1.1 175     43723                   
 4752 COM 12 51 29.1 +13 46 55 8 S    15.3   0.70   0.3 155     43555                   
 4753 VIR 12 52 22.1 -01 12 02 8 S0   10.9   5.10   2.6  80     43671  8009             
 4754 VIR 12 52 17.6 +11 18 48 8 SB0  11.5   4.40   2.4  23     43656  8010             
 4755 CRU 12 53 37.0 -60 21 22 3 I3r   4.0  10.00                            Jewel Box
 4756 CRV 12 52 52.2 -15 24 47 8 E-S0 13.4   1.70   1.3  50     43725                   
 4757 VIR 12 52 49.9 -10 18 41 8 S0   15.1   1.20   0.3  58     43715                   
 4758 COM 12 52 43.9 +15 50 53 8 SB/P 13.9   3.00   0.7 160     43707  8014             
 4759 VIR 12 53 04.5 -09 12 01 8 S0   14.0   1.90   1.7   5     43754                   
 4760 VIR 12 53 07.2 -10 29 43 8 E    12.6   2.00   1.8  10     43763                   
 4761 VIR 12 53 09.7 -09 11 53 8 E    14.9   0.80   0.3 175     43768                   
 4762 VIR 12 52 55.9 +11 13 48 8 SB0  11.1   8.60   2.0  32     43733  8016             
 4763 CRV 12 53 27.1 -17 00 23 8 SBa  13.3   1.60   1.0 125     43792                   
 4764 VIR 12 53 06.7 -09 15 29 8 E2   16.0   0.30   0.2 105     43760         
 4765 VIR 12 53 14.6 +04 27 45 8 S0-a 13.4   1.10   0.8  80     43775  8018             
 4766 VIR 12 53 08.2 -10 22 45 8 S0   15.3   1.00   0.3 130     43766                   
 4767 CEN 12 53 52.9 -39 42 54 8 E    12.5   2.60   1.2 130     43845                   
 4768 VIR 12 53 17.2 -09 31 56 0 *                                                      
 4769 VIR 12 53 18.5 -09 32 06 0 *                                                      
 4770 VIR 12 53 32.2 -09 32 30 8 S0-a 13.8   1.50   0.8  88     43804                   
 4771 VIR 12 53 20.9 +01 16 10 8 Scd  13.0   3.80   0.9 133     43784  8020             
 4772 VIR 12 53 29.0 +02 10 05 8 Sa   11.6   3.10   1.8 147     43798  8021             
 4773 VIR 12 53 35.9 -08 38 20 8 E    14.9   0.80   0.5  85     43810                   
 4774 CVN 12 53 06.6 +36 49 06 8 Sc   14.8   0.60   0.4  90     43759        Kidney Bean Galaxy    
 4775 VIR 12 53 45.9 -06 37 24 8 Scd  11.8   2.20   2.1         43826                   
 4776 VIR 12 53 04.5 -09 12 01 8 S0   14.0   1.90   1.7   5     43754                   
 4777 VIR 12 53 58.5 -08 46 33 8 Sa   14.5   1.90   0.8  10     43852                   
 4778 VIR 12 53 05.7 -09 12 16 8 S0-a 13.6   1.70   1.1 100     43757                   
 4779 VIR 12 53 50.7 +09 42 31 8 SBbc 13.0   2.10   1.8  70     43837  8022             
 4780 VIR 12 54 05.2 -08 37 17 8 SBc  13.2   1.80   1.5 170     43870                   
 4781 VIR 12 54 23.6 -10 32 12 8 SBcd 11.8   3.40   1.4 120     43902                   
 4782 CRV 12 54 35.8 -12 34 11 8 E    12.3   2.30   1.3 155     43924                   
 4783 CRV 12 54 36.4 -12 33 31 8 E  M 12.7   2.30   1.3 105     43926                   
 4784 VIR 12 54 37.0 -10 36 48 8 S0   15.0   1.20   0.3 101     43929                   
 4785 CEN 12 53 27.1 -48 45 01 8 Sb   13.2   2.00   1.0  81     43791                   
 4786 VIR 12 54 32.3 -06 51 35 8 E    12.8   1.60   1.3 175     43922                   
 4787 COM 12 54 05.8 +27 04 04 8 S0-a 15.5   1.10   0.3   2     43875  8026             
 4788 COM 12 54 16.2 +27 18 09 8 SB0- 15.4   0.80   0.3 140     43874                   
 4789 COM 12 54 19.2 +27 04 02 8 S0   13.1   1.90   1.5   0     43895  8028             
 4790 VIR 12 54 51.9 -10 14 54 8 SBc  13.1   1.50   0.9  85     43972                   
 4791 VIR 12 54 43.9 +08 03 11 8 S    14.9   1.30   0.9  70     43950                   
 4792 CRV 12 55 03.6 -12 29 50 8 S0   15.0   0.70   0.3 140     43999                   
 4793 COM 12 54 40.7 +28 56 15 8 SBc  12.3   2.90   1.5  50     43939  8033             
 4794 CRV 12 55 10.4 -12 36 35 8 SBa  14.5   1.70   0.7 150     44012                   
 4795 VIR 12 55 02.8 +08 03 56 8 SB0- 13.1   1.60   1.5 115     43998  8037             
 4796 VIR 12 55 04.6 +08 03 59 8 C    15.5   0.40   0.3  90                             
 4797 COM 12 54 55.3 +27 24 44 8 E-S0 14.2   1.00   0.7  30     43981  8038             
 4798 COM 12 54 55.3 +27 24 44 8 E-S0 14.2   1.00   0.7  30     43981  8038             
 4799 VIR 12 55 15.4 +02 53 46 8 Sc   14.3   1.30   0.6  91     44017  8043             
 4800 CVN 12 54 37.8 +46 31 51 8 Sb   12.4   1.60   1.2  25     43931  8035             
 4801 UMA 12 54 37.6 +53 05 24 8 S0   14.9   0.90   0.7         43946                   
 4802 CRV 12 55 49.6 -12 03 19 8 S0   12.6   2.40   1.6  20     44087                   
 4803 VIR 12 55 33.7 +08 14 22 8 E    15.4   0.50   0.3  10     44061                   
 4804 CRV 12 55 49.6 -12 03 19 8 S0   12.6   2.40   1.6  20     44087                   
 4805 COM 12 55 24.3 +27 58 47 0 *                                                      
 4806 HYA 12 56 12.4 -29 30 12 8 SBR  13.4   1.20   1.0         44116                   
 4807 COM 12 55 29.3 +27 31 14 8 E-S0 14.5   1.00   0.8         44037  8049             
 4808 VIR 12 55 48.9 +04 18 11 8 Sc   12.3   2.40   1.0 127     44086  8054             
 4809 VIR 12 54 50.9 +02 39 08 8 Irr  14.6   1.20   0.6  67     43969  8034             
 4810 VIR 12 54 51.2 +02 38 25 8 Irr  14.6   1.40   0.8   2     43971                   
 4811 CEN 12 56 52.3 -41 47 53 8 SB0- 14.0   1.30   0.9  35     44201                   
 4812 CEN 12 56 52.6 -41 48 51 8 S0   14.2   1.20   0.4  36     44204                   
 4813 VIR 12 56 36.0 -06 49 07 8 S0   14.5   1.30   0.5  45     44160                   
 4814 UMA 12 55 21.8 +58 20 38 8 Sb/P 12.5   3.30   2.4 135     44025  8051             
 4815 MUS 12 57 58.3 -64 57 42 3 I3m   8.0   5.00                             
 4816 COM 12 56 12.3 +27 44 41 8 E-S0 13.9   1.30   1.1         44114  8057             
 4817 COM 12 56 29.6 +27 56 23 8 C    15.7   0.50   0.5         83663                   
 4818 VIR 12 56 48.9 -08 31 32 8 SBab 12.1   3.40   1.3 177     44191                   
 4819 COM 12 56 28.0 +26 59 11 8 SBa  14.1   0.90   0.8 160     44144  8060             
 4820 VIR 12 57 00.5 -13 43 10 8 S0   14.6   1.00   0.2 105     44227                   
 4821 COM 12 56 29.3 +26 57 23 8 E    15.1   0.50   0.3   5     44148                   
 4822 VIR 12 57 03.6 -10 45 46 8 E-S0 14.5   1.20   0.7  90     44236                   
 4823 VIR 12 57 25.6 -13 41 56 8 S0-a 15.6   0.70   0.2 175     44305                   
 4824 COM 12 56 36.2 +27 25 59 0 *                                                      
 4825 VIR 12 57 12.2 -13 39 54 8 E-S0 12.9   2.00   1.1 135     44261                   
 4826 COM 12 56 43.8 +21 40 57 8 Sa-b  9.3  10.30   5.0 115  64 44182  8062  Black-Eye Galaxy           
 4827 COM 12 56 43.7 +27 10 41 8 E-S0 13.9   1.40   1.2  40     44178  8065             
 4828 COM 12 56 42.8 +28 01 13 8 S0   15.6   0.50   0.5         44176                   
 4829 VIR 12 57 24.5 -13 44 16 8 E    15.8   0.40   0.3 105     44299                   
 4830 VIR 12 57 27.9 -19 41 30 8 E-S0 13.0   1.80   1.2 157     44313                   
 4831 HYA 12 57 36.6 -27 17 33 8 E-S0 13.4   1.70   0.9   3     44340                   
 4832 CEN 12 57 47.4 -39 45 45 8 S0   12.6   1.80   1.2  25     44361                   
 4833 MUS 12 59 35.0 -70 52 29 4 VIII  6.9  13.50                             
 4834 CVN 12 56 25.1 +52 17 43 8 Sbc  15.5   0.90   0.3 110     44136                   
 4835 CEN 12 58 07.7 -46 15 56 8 SBbc 12.4   4.30   0.8 150     44409                   
 4836 VIR 12 57 34.2 -12 44 39 8 Scd  13.4   1.40   1.1   5     44328                   
 4837 CVN 12 56 47.8 +48 17 44 8 P    14.4   1.10   0.5  70     44188  8068             
 4838 VIR 12 57 56.1 -13 03 39 8 SBR  13.5   2.70   2.0 150     44383                   
 4839 COM 12 57 24.4 +27 29 49 8 E    13.0   4.00   1.9  65     44298  8070             
 4840 COM 12 57 32.8 +27 36 36 8 E    14.7   0.70   0.7         44324                   
 4841 COM 12 57 32.0 +28 28 33 8 E    14.1   1.70   1.7         44323  8072             
 4842 COM 12 57 36.0 +27 29 33 8 E    15.0   0.40   0.4         44337                   
 4843 VIR 12 58 00.9 -03 37 19 8 S0-a 14.0   2.10   0.5  87     44388                   
 4844 VIR 12 58 08.4 -13 04 48 0 *                                                      
 4845 VIR 12 58 00.9 +01 34 30 8 Sab  12.1   4.90   1.3  89     44392  8078             
 4846 CVN 12 57 47.7 +36 22 10 8 SBbc 14.5   1.30   0.6  62     44362  8079             
 4847 VIR 12 58 28.9 -13 08 30 8 E    16.0   0.20   0.2         44464                   
 4848 COM 12 58 05.7 +28 14 31 8 SBc  14.4   1.60   0.5 158     44405  8082             
 4849 COM 12 58 12.7 +26 23 45 8 S0   14.1   1.90   1.4 175     44424  8086             
 4850 COM 12 58 21.7 +27 58 04 8 S0   15.4   0.60   0.6         44449                   
 4851 COM 12 58 21.8 +28 08 50 8 S0   15.2   0.40   0.2  95     44439                   
 4852 CEN 13 00 04.3 -59 36 33 3 II2p  9.0  12.00                             
 4853 COM 12 58 35.4 +27 35 43 8 E-S0 14.4   0.80   0.7         44481  8092             
 4854 COM 12 58 47.6 +27 40 25 8 SB0  15.0   1.20   0.8  40     44502                   
 4855 VIR 12 59 18.4 -13 13 52 8 E-S0 13.1   1.70   1.3   5     44572                   
 4856 VIR 12 59 21.1 -15 02 34 8 SB0- 11.5   3.90   1.4  37     44582                   
 4857 DRA 12 57 18.1 +70 12 09 8 SBb  14.6   1.30   0.6 110     44284  8077             
 4858 COM 12 59 02.3 +28 06 53 8 SBb  15.7   0.50   0.4         44535                   
 4859 COM 12 59 01.9 +26 48 54 8 S0-a 14.6   1.30   0.8  95     44534  8097             
 4860 COM 12 59 04.0 +28 07 22 8 E    14.5   0.90   0.8         44539                   
 4861 CVN 12 59 02.1 +34 50 41 8 SBm  14.1   3.30   1.9  15     44536  8098             
 4862 VIR 12 59 30.8 -14 07 57 8 SBc  14.4   1.10   0.8 120     44610                   
 4863 VIR 12 59 42.5 -14 01 48 8 S0-a 14.4   1.80   0.4  20     44650                   
 4864 COM 12 59 13.2 +27 58 33 8 E    14.5   0.60   0.6         44566                   
 4865 COM 12 59 20.0 +28 05 01 8 E    14.6   0.90   0.5 115     44578  8100             
 4866 VIR 12 59 27.0 +14 10 15 8 S0-a 12.0   6.40   1.5  87     44600  8102             
 4867 COM 12 59 15.5 +27 58 12 8 E    15.3   0.40   0.4         44568                   
 4868 CVN 12 59 09.0 +37 18 32 8 Sab  13.0   1.50   1.4         44557  8099             
 4869 COM 12 59 23.5 +27 54 39 8 E    14.7   0.70   0.7         44587                   
 4870 CVN 12 59 17.8 +37 02 52 8 S    15.5   0.90   0.3   5     44569                   
 4871 COM 12 59 30.1 +27 57 21 8 S0   15.2   0.70   0.5   0     44606                   
 4872 COM 12 59 34.3 +27 56 46 8 E-S0 15.3   0.50   0.3 115     44624                   
 4873 COM 12 59 32.9 +27 58 58 8 S0   15.1   0.80   0.6  90     44621                   
 4874 COM 12 59 35.8 +27 57 32 8 E    12.9   2.40   2.4         44628  8103             
 4875 COM 12 59 38.1 +27 54 25 8 S0   15.7   0.40   0.3 100     44640                   
 4876 COM 12 59 44.6 +27 54 42 8 E    15.4   0.60   0.4  25     44658                   
 4877 VIR 13 00 26.4 -15 17 00 8 Sa-b 13.2   2.20   1.0   6     44761                   
 4878 VIR 13 00 20.1 -06 06 16 8 SB0- 14.5   1.30   1.1  10     44747                   
 4879 VIR 13 00 25.6 -06 06 42 0 *                                                      
 4880 VIR 13 00 10.5 +12 28 58 8 SB0- 12.5   3.10   2.5 165     44719  8109             
 4881 COM 12 59 57.9 +28 14 45 8 E    14.5   0.90   0.9         44686  8106             
 4882 COM 13 00 04.6 +27 59 09 8 E    14.7   0.70   0.7         44698                   
 4883 COM 12 59 56.2 +28 02 01 8 SB0  15.4   0.50   0.3  93     44682                   
 4884 COM 13 00 08.3 +27 58 33 8 E    12.5   2.80   2.0  80     44715  8110             
 4885 VIR 13 00 33.8 -06 51 13 8 S    13.9   0.50   0.4 100     44781                   
 4886 COM 13 00 04.6 +27 59 09 8 E    14.7   0.70   0.7         44698                   
 4887 VIR 13 00 39.3 -14 40 02 8 S0-a 14.5   1.10   0.6 155     44796                   
 4888 VIR 13 00 36.2 -06 04 34 8 S?   12.8   1.10   0.5 115     44766                   
 4889 COM 13 00 08.3 +27 58 33 8 E    12.5   2.80   2.0  80     44715  8110             
 4890 VIR 13 00 38.9 -04 36 16 8 Sm   12.7   0.90   0.7  95     44793                   
 4891 VIR 13 00 47.0 -13 25 37 0 *                                                      
 4892 COM 13 00 03.6 +26 53 51 8 S0   14.8   1.30   0.3  13     44697  8108             
 4893 CVN 12 59 59.6 +37 11 36 8 S?   15.4   0.40   0.3   0     44690  8111             
 4894 COM 13 00 16.7 +27 57 59 8 S0   16.0   0.50   0.1  35     44732                   
 4895 COM 13 00 18.0 +28 12 04 8 S0   14.2   1.80   0.6 153     44737  8113             
 4896 COM 13 00 30.9 +28 20 45 8 E-S0 14.9   1.00   0.6   5     44768  8117             
 4897 VIR 13 00 52.9 -13 26 58 8 SBbc 12.9   2.70   2.3 150     44829                   
 4898 COM 13 00 17.7 +27 57 16 8 E    14.6   0.40   0.4         44736                   
 4899 VIR 13 00 56.5 -13 56 45 8 SBc  12.9   2.30   1.3  15     44841                   
 4900 VIR 13 00 39.0 +02 30 02 8 SBc  12.0   2.20   2.2         44797  8116             
 4901 CVN 12 59 56.3 +47 12 20 8 S    15.4   0.90   0.9         44684  8112             
 4902 VIR 13 00 59.6 -14 30 52 8 SBb  11.7   2.90   2.6  70     44847                   
 4903 CEN 13 01 22.7 -30 56 08 8 SBc  13.7   1.60   1.3  73     44894                   
 4904 VIR 13 00 58.5 -00 01 39 8 SBc  12.8   2.20   1.5  25     44846  8121             
 4905 CEN 13 01 30.6 -30 52 05 8 SB0- 14.3   1.40   1.2         44902                   
 4906 COM 13 00 39.8 +27 55 24 8 E    15.1   0.50   0.5         44799                   
 4907 COM 13 00 48.8 +28 09 23 8 SBb  14.4   1.10   1.0         44819                   
 4908 COM 13 00 51.6 +28 02 32 8 E    14.6   0.90   0.8  50     44828                   
 4909 CEN 13 02 01.7 -42 46 20 8 Sa   13.6   1.90   1.7  28     44949                   
 4910 VIR 12 58 00.9 +01 34 30 8 Sab  12.1   4.90   1.3  89     44392  8078             
 4911 COM 13 00 56.3 +27 47 23 8 SBbc 13.6   1.50   1.3         44840  8128             
 4914 CVN 13 00 42.9 +37 18 51 8 E    12.5   3.50   2.1 155     44807  8125             
 4915 VIR 13 01 28.1 -04 32 48 8 E    12.9   1.60   1.3  55     44891                   
 4917 CVN 13 00 55.5 +47 13 19 8 SBb  14.7   1.50   1.0 160     44838  8130             
 4918 VIR 13 01 50.7 -04 30 04 8 S0-a 15.3   1.10   0.5  73     44934                   
 4919 COM 13 01 17.6 +27 48 29 8 S0   15.0   1.10   0.7 140     44885  8133             
 4920 VIR 13 02 04.2 -11 22 44 8 Irr  14.0   1.00   0.7 170     44958                   
 4921 COM 13 01 26.3 +27 53 06 8 SBab 13.3   2.40   2.1 165     44899  8134             
 4922 COM 13 01 24.7 +29 18 26 8 E    14.2   0.80   0.8         44896  8135             
 4923 COM 13 01 31.8 +27 50 47 8 E-S0 14.7   0.80   0.8         44903                   
 4924 VIR 13 02 12.9 -14 58 11 8 SB0- 13.5   1.90   1.3  91     44977                   
 4925 VIR 13 02 07.3 -07 42 40 8 S0   13.5   1.00   0.7  95     44967                   
 4926 COM 13 01 53.9 +27 37 26 8 E-S0 14.0   1.10   1.0         44938  8142             
 4927 COM 13 01 57.6 +28 00 20 8 E-S0 14.8   0.60   0.4  10     44945                   
 4928 VIR 13 03 00.5 -08 05 07 8 Sbc  13.5   1.10   0.9 125     45052                   
 4929 COM 13 02 44.5 +28 02 41 8 E    14.6   1.00   1.0         45027                   
 4930 CEN 13 04 05.1 -41 24 43 8 SBbc 12.3   4.40   3.6  40     45155                   
 4931 COM 13 03 01.1 +28 01 53 8 S0   14.4   1.60   0.6  78     45055  8154             
 4932 CVN 13 02 37.5 +50 26 19 8 Sc   14.4   1.50   1.3         45015  8150             
 4933 VIR 13 03 56.7 -11 29 53 8 S0-a 13.0   2.00   1.1  45     45146                   
 4934 COM 13 03 16.3 +28 01 46 8 S0-a 15.1   1.00   0.2 104     45082  8160             
 4935 COM 13 03 21.2 +14 22 39 8 SBb  14.0   1.20   1.0         45093  8159             
 4936 CEN 13 04 17.0 -30 31 38 8 E    11.7   3.20   2.6         45174                   
 4937 CEN 13 04 51.9 -47 13 10 0 *Grp        0.50                                       
 4938 CVN 13 02 57.4 +51 19 07 8 S    15.2   0.80   0.7  30     45044                   
 4939 VIR 13 04 14.3 -10 20 26 8 Sb-c 11.9   5.10   2.3   5     45170                   
 4940 CEN 13 05 00.2 -47 14 15 8 Sa   13.3   1.20   1.0         45235                   
 4941 VIR 13 04 13.0 -05 33 07 8 SBab 12.0   3.50   1.9  15     45165                   
 4942 VIR 13 04 19.0 -07 38 58 8 SBcd 13.2   1.60   1.3 140     45177                   
 4943 COM 13 03 45.0 +28 04 59 8 S    15.6   0.50   0.3 100     45129                   
 4944 COM 13 03 50.0 +28 11 05 8 Sa-b 13.8   1.50   0.5  89     45133  8167             
 4945 CEN 13 05 26.1 -49 27 48 8 SBc   9.3  19.80   4.0  43     45279                   
 4946 CEN 13 05 29.2 -43 35 32 8 E    13.5   1.60   1.2 131     45283                   
 4947 CEN 13 05 20.2 -35 20 15 8 SBab 12.7   2.40   1.2  10     45269                   
 4948 VIR 13 04 55.8 -07 56 49 8 SBd  15.2   2.00   0.7 147     45224                   
 4949 COM 13 04 18.1 +29 01 43 8 S    15.8   0.60   0.3  95     45161                   
 4950 CEN 13 05 36.4 -43 30 03 8 SB0  14.9   0.80   0.8         45294                   
 4951 VIR 13 05 07.5 -06 29 41 8 SBc  12.7   3.30   1.2  90     45246                   
 4952 COM 13 04 58.5 +29 07 19 8 E    13.6   1.30   0.8  23     45233  8175             
 4953 CEN 13 06 10.3 -37 35 12 8 S0-a 14.1   1.20   0.9  46     45349                   
 4954 DRA 13 02 19.3 +75 24 15 8 S0   14.2   0.80   0.6  62     44988  8157             
 4955 HYA 13 06 04.8 -29 45 18 8 E    13.1   1.90   1.3  10     45340                   
 4956 CVN 13 05 01.0 +35 10 38 8 S0   13.3   1.50   1.5         45236  8177             
 4957 COM 13 05 12.5 +27 34 08 8 E    14.0   1.20   1.0 100     45253  8178             
 4958 VIR 13 05 48.9 -08 01 14 8 SB0  11.6   3.90   1.4  15     45313                   
 4959 CVN 13 05 41.0 +33 10 44 8 Sa   15.5   0.80   0.8         45301                   
 4960 COM 13 05 47.8 +27 44 01 8 SBc  13.8   1.60   1.1 100     45311  8185             
 4961 COM 13 05 47.8 +27 44 01 8 SBc  13.8   1.60   1.1 100     45311  8185             
 4962 COM 13 04 58.5 +29 07 19 8 E    13.6   1.30   0.8  23     45233  8175             
 4963 CVN 13 05 51.9 +41 43 15 8 S    14.2   0.80   0.8         45315  8190             
 4964 UMA 13 05 24.8 +56 19 21 8 S0   14.1   1.10   0.6 134     45278  8184             
 4965 HYA 13 07 09.2 -28 13 44 8 SBcd 12.8   2.40   2.0         45437                   
 4966 COM 13 06 17.3 +29 03 44 8 SBab 14.0   1.00   0.5 143     45358  8194             
 4967 UMA 13 05 36.4 +53 33 50 8 E?   15.2   0.50   0.4 110     45281                   
 4968 HYA 13 07 06.0 -23 40 39 8 SB0  13.8   1.90   0.9  56     45426                   
 4969 VIR 13 07 02.4 +13 38 10 8 E-S0 14.9   0.70   0.6  90     45425                   
 4970 HYA 13 07 33.6 -24 00 34 8 S0   13.2   1.80   1.0 137     45466                   
 4971 COM 13 06 54.9 +28 32 53 8 SB0  15.2   1.00   1.0         45406                   
 4972 DRA 13 02 19.3 +75 24 15 8 S0   14.2   0.80   0.6  62     44988  8157             
 4973 UMA 13 05 32.1 +53 41 06 8 E    14.8   0.50   0.5         45280                   
 4974 UMA 13 05 55.9 +53 39 31 8 S0   14.3   0.90   0.6 120     45321                   
 4975 VIR 13 07 50.3 -05 01 05 8 S0   14.7   1.10   0.7  35     45492                   
 4976 CEN 13 08 37.4 -49 30 23 8 E    11.1   5.10   2.6 161     45562                   
 4977 UMA 13 06 04.4 +55 39 22 8 Sb   14.6   1.50   1.5         45339  8196             
 4978 COM 13 07 50.4 +18 24 56 8 S0-a 14.1   1.50   0.8 142     45494  8212             
 4979 COM 13 07 42.8 +24 48 38 8 SB?  15.1   1.00   0.7 100     45484  8209             
 4980 HYA 13 09 10.1 -28 38 32 8 SBa  13.5   1.60   0.7 168     45596                   
 4981 VIR 13 08 48.7 -06 46 41 8 SBbc 12.2   2.80   1.9 150     45574                   
 4982 VIR 13 08 51.0 -09 49 53 0 *4                                                     
 4983 COM 13 08 27.4 +28 19 13 8 SB0- 14.9   1.10   0.7 130     45542                   
 4984 VIR 13 08 57.1 -15 30 59 8 SB0- 12.2   3.00   2.3  15     45585                   
 4985 CVN 13 08 12.0 +41 40 35 8 S0   14.8   1.30   1.2 135     45522  8218             
 4986 CVN 13 08 24.5 +35 12 17 8 SBb  14.0   1.70   0.9  70     45538  8221             
 4987 CVN 13 07 59.0 +51 55 44 8 E    14.4   1.20   0.7  35     45502  8216             
 4988 CEN 13 09 54.2 -43 06 22 8 S0-a 13.9   1.70   0.5  26     45671                   
 4989 VIR 13 09 16.0 -05 23 49 8 S0   13.6   1.60   0.9 165     45606                   
 4990 VIR 13 09 17.3 -05 16 23 8 S0   14.5   1.00   0.8  55     45608                   
 4991 VIR 13 09 15.2 +02 20 52 8 Sb   15.5   0.60   0.4  90     45604                   
 4992 VIR 13 09 05.7 +11 38 01 8 Sa   14.5   1.20   0.7  10     45593  8232             
 4993 HYA 13 09 47.6 -23 23 04 8 E-S0 13.3   1.30   1.1         45657                   
 4994 HYA 13 09 47.6 -23 23 04 8 E-S0 13.3   1.30   1.1         45657                   
 4995 VIR 13 09 40.6 -07 50 01 8 SBb  12.0   2.40   1.7  92     45643                   
 4996 VIR 13 09 31.8 +00 51 25 8 SB0- 14.0   1.80   1.4  40     45629  8235             
 4997 VIR 13 09 51.6 -16 30 57 8 E-S0 13.5   1.40   0.9  98     45667                   
 4998 CVN 13 08 10.3 +50 39 50 8 Sc   15.1   0.90   0.8         45537                   
 4999 VIR 13 09 33.2 +01 40 19 8 SBb  13.0   2.30   1.9  35     45632  8236             
 5000 COM 13 09 47.5 +28 54 22 8 SBbc 13.9   1.70   1.4         45658  8241             
 5001 UMA 13 09 33.0 +53 29 37 8 SB?  14.6   1.10   0.4 160     45631  8243             
 5002 CVN 13 10 38.2 +36 38 01 8 SBm  14.4   1.70   1.0 173     45728  8254             
 5003 CVN 13 08 37.8 +43 44 12 8 Sa   15.2   1.00   0.8 145     45559  8228             
 5004 COM 13 11 01.5 +29 38 10 8 S0   14.1   1.40   1.1 170     45756  8260             
 5005 CVN 13 10 56.1 +37 03 29 8 SBbc 10.6   5.80   2.9  65     45749  8256             
 5006 VIR 13 11 45.7 -19 15 43 8 SB0- 13.3   2.00   1.7 170     45806                   
 5007 UMA 13 09 14.2 +62 10 29 8 E-S0 14.3   0.90   0.6 135     45605  8240             
 5008 BOO 14 10 57.0 +25 29 45 8 SBc  14.1   2.40   1.4 135     50629  9073             
 5009 CVN 13 10 47.2 +50 05 33 8 SBb  15.3   1.10   0.7  75     45739  8258             
 5010 VIR 13 12 26.3 -15 47 53 8 S0-a 13.4   1.30   0.7 120     45868                   
 5011 CEN 13 12 51.6 -43 05 50 8 E    12.3   2.50   2.1 154     45898                   
 5012 COM 13 11 36.7 +22 54 51 8 SBc  13.0   2.90   1.7  10     45795  8270             
 5013 VIR 13 12 07.3 +03 11 56 8 Sbc  15.0   0.80   0.4 140     45838                   
 5014 CVN 13 11 31.4 +36 16 52 8 Sa   13.6   1.60   0.5 102     45787  8271             
 5015 VIR 13 12 22.8 -04 20 15 8 SBR  12.9   1.90   1.9         45862                   
 5016 COM 13 12 06.5 +24 05 40 8 SBbc 13.7   1.70   1.3  50     45836  8279             
 5017 VIR 13 12 54.4 -16 45 58 8 E    13.4   1.80   1.3 140     45900                   
 5018 VIR 13 13 00.9 -19 31 12 8 E    11.7   3.40   2.6 112     45908                   
 5019 VIR 13 12 42.5 +04 43 43 8 SB?  14.5   0.80   0.7 105     45885  8288             
 5020 VIR 13 12 39.8 +12 35 57 8 SBbc 12.9   3.10   2.7  85     45883  8289             
 5021 CVN 13 12 06.1 +46 11 45 8 SBb  14.2   1.50   0.7  78     45834  8284             
 5022 VIR 13 13 30.7 -19 32 53 8 Sb   13.7   2.50   0.4  21     45953                   
 5023 CVN 13 12 11.7 +44 02 12 8 Sc   12.8   5.80   0.8  28     45849  8286             
 5024 COM 13 12 55.3 +18 10 09 4 V     7.6  14.40            53                       
 5025 CVN 13 12 44.8 +31 48 29 8 Sb   14.4   2.00   0.6  57     45887  8292             
 5026 CEN 13 14 13.4 -42 57 43 8 SBa  12.5   3.30   2.1  52     46023                   
 5027 VIR 13 13 20.9 +06 03 41 8 SBb  14.5   1.20   1.1         45936  8297             
 5028 VIR 13 13 45.8 -13 02 33 8 E    12.9   1.60   0.9 130     45976                   
 5029 CVN 13 12 37.4 +47 03 46 8 E    14.1   1.70   1.1 150     45880  8293             
 5030 VIR 13 13 54.1 -16 29 30 8 SB0- 13.2   1.70   1.2   0     45991                   
 5031 VIR 13 14 03.1 -16 07 23 8 S0-a 14.4   1.70   0.4 112     46006                   
 5032 COM 13 13 27.0 +27 48 02 8 SBb  13.6   2.10   1.1  22     45947  8300             
 5033 CVN 13 13 28.0 +36 35 34 8 Sc   10.7   9.80   3.6 170     45948  8307             
 5034 UMI 13 12 19.2 +70 38 57 8 Sc   14.2   0.90   0.7  15     45859  8295             
 5035 VIR 13 14 49.1 -16 29 34 8 SB0- 13.6   1.40   1.1 151     46068                   
 5036 VIR 13 14 42.8 -04 10 43 8 E-S0 15.0   0.70   0.5  75     46057                   
 5037 VIR 13 14 59.4 -16 35 26 8 Sa   13.0   2.00   0.6  43     46078                   
 5038 VIR 13 15 02.0 -15 57 09 8 S0   13.1   1.50   0.3  95     46081                   
 5039 VIR 13 14 52.0 -04 09 31 8 Sa   16.3   0.70   0.3  40     46064                   
 5040 CVN 13 13 32.6 +51 15 29 8 S    15.1   1.00   0.5  70     45945                   
 5041 COM 13 14 32.5 +30 42 17 8 Sc   14.1   1.70   1.5 150     46046  8319             
 5042 HYA 13 15 30.8 -23 59 04 8 SBc  12.5   4.20   2.2  22     46126                   
 5043 CEN 13 16 09.6 -60 04 25 3 OCL                                                    
 5044 VIR 13 15 23.9 -16 23 06 8 E    11.7   2.60   2.6         46115                   
 5045 CEN 13 17 04.6 -63 24 48 3 OCL                                                    
 5046 VIR 13 15 45.0 -16 19 38 8 E    14.1   0.80   0.7         46141                   
 5047 VIR 13 15 48.4 -16 31 08 8 S0   13.5   2.70   0.5  72     46150                   
 5048 HYA 13 16 08.3 -28 24 42 8 E-S0 13.7   1.50   0.8  48     46179                   
 5049 VIR 13 15 59.3 -16 23 52 8 S0   13.7   1.80   0.6 122     46166                   
 5050 VIR 13 15 41.6 +02 52 43 8 S0-a 14.7   1.10   0.4  35     46138  8329             
 5051 HYA 13 16 20.0 -28 17 12 8 SBbc 14.0   1.40   0.6  50     46194                   
 5052 COM 13 15 35.0 +29 40 31 8 SB0- 14.4   1.30   0.9 160     46131  8330             
 5053 COM 13 16 27.0 +17 41 53 4 XI    9.5   8.90                             
 5054 VIR 13 16 58.3 -16 38 07 8 Sbc  11.7   5.10   2.8 155     46247                   
 5055 CVN 13 15 49.0 +42 01 57 8 Sb-c  9.3  12.60   7.5 105  63 46153  8334  Sunflower Galaxy           
 5056 COM 13 16 12.4 +30 56 56 8 Sc   13.7   1.80   1.0   0     46180  8337             
 5057 COM 13 16 27.7 +31 01 53 8 S0   14.5   1.30   1.2         46202  8342             
 5058 VIR 13 16 52.2 +12 32 53 8 Sbc  14.6   0.80   0.7         46241  8345             
 5059 VIR 13 16 58.4 +07 50 39 8 Sc   15.6   0.90   0.2   8     46244  8344             
 5060 VIR 13 17 16.3 +06 02 12 8 SBb  14.1   1.10   0.8  55     46278  8351             
 5061 HYA 13 18 05.2 -26 50 16 8 E    11.3   3.50   2.9         46330                   
