N1905 051823.6 -671641       3   1.0   0.0   0        ESO 85-SC67           
N1906 052447.1 -155634 14.8  8   0.9   0.5 145  17243 MCG -3-14-15          
N1907 052804.5 +351932       3   5.0   0.0   0        OCL 434               
N1908 052553.7 -023144       0   0.0   0.0   0                              
N1909 050409.0 -071500       5 180.0  60.0   0        IC 2118               
N1910 051823.8 -691400       5   8.5   0.0   0        ESO 56-SC99           
N1911 052033.0 -664643       5   0.0   0.0   0        NGC 1920              
N1912 052842.4 +355118       3  15.0   0.0   0                        M  38 
N1913 051819.4 -693212       3   0.6   0.0   0        ESO 56-SC97           
N1914 051739.8 -711521       5   2.2   0.0   0        ESO 56-SC95           
N1915 051942.3 -664917       0   0.0   0.0   0                              
N1916 051836.5 -692425       3   0.0   0.0   0        ESO 56-SC98           
N1917 051901.2 -690000       4   0.0   0.0   0        ESO 56-SC100          
N1918 051907.1 -693945       7   0.0   0.0   0        ESO 56-SNR101         
N1919 052017.1 -665253       5   1.7   0.0   0        ESO 85-SC73           
N1920 052033.0 -664643       5   0.0   0.0   0        NGC 1911              
N1921 051922.8 -694716       5   0.0   0.0   0        ESO 56-SC102          
N1922 051950.0 -693000       3   0.5   0.0   0        ESO 56-SC103          
N1923 052134.1 -652912       5   0.9   0.0   0        ESO 85-SC75           
N1924 052801.9 -051837 13.3  8   1.6   1.2 140  17319 MCG -1-14-11          
N1925 052128.0 -654818       3  11.0   0.0   0        ESO 85-SC76           
N1926 052034.2 -693127       3   0.7   0.0   0        ESO 56-SC105          
N1927 052842.9 -082238       0   0.0   0.0   0                              
N1928 052056.6 -692841       3   0.5   0.0   0        ESO 56-SC106          
N1929 052137.2 -675420       5   0.0   0.0   0        ESO 56-EN107          
N1930 052556.6 -464342 13.4  8   1.9   1.2  32  17276 ESO 253-4             
N1931 053125.7 +341442       5   6.0   0.0   0        OCL 441               
N1932 052217.3 -660914       1   0.0   0.0   0                              
N1933 052227.3 -660908       3   0.0   0.0   0        ESO 85-SC77           
N1934 052148.0 -675614       5   0.0   0.0   0        ESO 56-SC109          
N1935 052158.8 -675727       5   0.0   0.0   0        IC 2126               
N1936 052214.6 -675834       5   0.0   0.0   0        IC 2127               
N1937 052229.2 -675341       3   0.0   0.0   0        ESO 56-SC112          
N1938 052124.8 -695622       3   0.6   0.0   0        ESO 56-SC108          
N1939 052126.7 -695659       3   0.5   0.0   0                              
N1940 052243.8 -671112       3   1.0   0.0   0        ESO 85-SC78           
N1941 052307.8 -662243       5   0.0   0.0   0        ESO 85-EN79           
N1942 052444.6 -635632       3   1.1   0.0   0        ESO 85-SC81           
N1943 052228.8 -700918 12.0  5   0.0   0.0   0        ESO 56-SC114          
N1944 052157.4 -722940       3   3.3   0.0   0        ESO 33-SC17           
N1945 052455.0 -662633       5   0.0   0.0   0        ESO 85-EN83           
N1946 052516.4 -662341       3   1.0   0.0   0        ESO 85-SC84           
N1947 052647.3 -634539 11.8  8   3.0   2.6 119  17296 ESO 85-87             
N1948 052546.3 -661601       5   0.0   0.0   0        ESO 85-SC85           
N1949 052505.0 -682816       5   0.0   0.0   0        ESO 56-EN117          
N1950 052433.1 -695409       3   1.0   0.0   0        ESO 56-SC116          
N1951 052606.9 -663550       3   1.9   0.0   0        ESO 85-SC86           
N1952 053431.9 +220052  8.4  7   6.0   4.0   0                        M   1 Crab Nebula           
N1953 052527.9 -685018       3   0.0   0.0   0        ESO 56-SC118          
N1954 053248.3 -140344 12.6  8   4.2   2.0 150  17422 MCG -2-15-3           
N1955 052610.0 -672951       5   1.8   0.0   0        ESO 56-SC121          
N1956 051935.6 -774347 14.0  8   1.9   0.8  68  17102 ESO 16-2              
N1957 053255.1 -140757 14.9  8   1.1   0.8 169  17427 NPM1G -14.0249        
N1958 052530.6 -695013       4   0.0   0.0   0        ESO 56-SC119          
N1959 052536.7 -695537       3   0.5   0.0   0        ESO 56-SC120          
N1960 053617.7 +340827       3  10.0   0.0   0                        M  36 
N1961 054203.9 +692243 11.7  8   4.5   3.1  85  17625 IC 2133               
N1962 052617.8 -685016       3   0.5   0.0   0        ESO 56-SC122          
N1963 053212.0 -362300       3  14.0   0.0   0        ESO 363-SC5           
N1964 053321.8 -215643 11.6  8   5.6   1.8  32  17436 ESO 554-10            
N1965 052629.1 -684823  8.0  5   0.0   0.0   0        ESO 56-SC123          
N1966 052645.9 -684912  8.5  5  13.0  13.0   0        ESO 56-SC125          
N1967 052643.4 -690606       3   0.4   0.0   0        ESO 56-SC126          
N1968 052726.2 -672740       5   1.1   0.0   0        ESO 56-SC130          
N1969 052632.4 -695029       3   0.8   0.0   0        ESO 56-SC124          
N1970 052652.7 -685012  8.0  5   0.0   0.0   0        ESO 56-SC127          
N1971 052645.3 -695106       3   0.8   0.0   0        ESO 56-SC128          
N1972 052647.4 -695018       3   0.9   0.0   0        ESO 56-SC129          
N1973 053504.8 -044355  7.0  5   5.0   5.0   0        CED 55B               
N1974 052800.4 -672523       5   1.7   0.0   0        NGC 1991              
N1975 053518.0 -044100  7.0  5  10.0   5.0   0        CED 55C               
N1976 053517.1 -052325  4.0  5  65.0  60.0   0                        M  42 Orion Nebula        
N1977 053518.0 -044900       3  20.0   0.0   0        OCL 525               
N1978 052845.2 -661414       3   3.9   0.0   0        ESO 85-SC90           
N1979 053401.1 -231837 12.8  8   1.8   1.8   0  17452 ESO 487-24            
N1980 053525.8 -055437       5  14.0  14.0   0        OCL 529               
N1981 053509.5 -042530       3  28.0   0.0   0        OCL 525               
N1982 053531.3 -051603  9.0  5  20.0  15.0   0                        M  43 
N1983 052744.3 -685910  8.0  5   0.0   0.0   0        ESO 56-SC133          
N1984 052741.0 -690804       5   0.0   0.0   0        ESO 56-SC132          
N1985 053747.8 +315920 12.7  5   0.7   0.0   0        PK 176+0.1            
N1986 052739.0 -695822       3   0.7   0.0   0        ESO 56-SC134          
N1987 052717.2 -704415       3   1.7   0.0   0        ESO 56-SC131          
N1988 053726.5 +211307       1   0.0   0.0   0                              
N1989 053423.4 -304802 14.1  8   1.4   1.1 106  17464 ESO 423-21            
N1990 053612.8 -011205       1  50.0  10.0   0        LBN 940               Epsilon Orionis Nebula 
N1991 052800.4 -672523       5   1.7   0.0   0        NGC 1974              
N1992 053431.8 -305349 14.7  8   1.1   0.7  45  17466 ESO 423-23            
N1993 053525.4 -174854 13.4  8   1.5   1.4  80  17487 ESO 554-14            
N1994 052821.8 -690831       3   0.6   0.0   0        ESO 56-SC136          
N1995 053303.3 -484028       1   0.0   0.0   0                              
N1996 053810.2 +254904       3   0.0   0.0   0                              
N1997 053034.4 -631215       3   1.3   0.0   0        ESO 86-SC1            
N1998 053315.7 -484143 15.2  8   0.9   0.5  20  17434 ESO 204-15            
N1999 053625.4 -064257       5   2.0   2.0   0        LBN 979               
N2000 052729.3 -715246       3   1.7   0.0   0        ESO 56-SC135          
N2001 052902.1 -684610       3   1.7   0.0   0        ESO 56-SC137          
N2002 053020.4 -665303       3   2.0   0.0   0        ESO 86-SC3            
N2003 053054.4 -662759       3   2.1   0.0   0        ESO 86-SC6            
N2004 053040.3 -671710       3   2.7   0.0   0        ESO 86-SC4            
N2005 053010.9 -694509       4   1.8   0.0   0        ESO 56-SC138          
N2006 053119.6 -665819       3   1.0   0.0   0        ESO 86-SC8            
N2007 053458.9 -505518 14.1  8   1.7   0.6  83  17478 ESO 204-19            
N2008 053503.8 -505758 13.9  8   1.4   0.7 105  17480 ESO 204-20            
N2009 053059.2 -691054       3   0.8   0.0   0        ESO 56-SC140          
N2010 053035.0 -704911       3   2.2   0.0   0        ESO 56-SC139          
N2011 053220.3 -673124       3   1.0   0.0   0        ESO 56-SC144          
N2012 052235.1 -795107 14.1  8   1.1   0.6 117  17194 ESO 16-5              
N2013 054401.6 +554722       3   0.0   0.0   0                              
N2014 053219.9 -674124       5   1.8   0.0   0        ESO 56-SC146          
N2015 053158.7 -691405       3   5.6   0.0   0        ESO 56-SC147          
N2016 053138.0 -695605       3   0.3   0.0   0        ESO 56-SC142          
N2017 053916.2 -175059       3   4.0   0.0   0        ESO 554-**22          
N2018 053120.2 -710358       5   2.8   0.0   0        ESO 56-SC141          
N2019 053156.7 -700935       4   1.0   0.0   0        ESO 56-SC145          
N2020 053312.7 -674257       7   2.0   0.0   0        ESO 56-?148           
N2021 053330.7 -672711       3   0.9   0.0   0        ESO 56-SC150          
N2022 054206.2 +090512 12.4  6   0.7   0.0   0        PK 196-10.1           
N2023 054138.2 -021533       5  10.0  10.0   0        LBN 953               
N2024 054142.5 -015043       5  30.0  30.0   0        CED 55P               
N2025 053233.7 -714256       3   1.9   0.0   0        ESO 56-SC149          
N2026 054300.0 +200823       3  10.0   0.0   0                              
N2027 053459.8 -665459       3   0.7   0.0   0        ESO 86-SC13           
N2028 053348.6 -695707       3   0.5   0.0   0        ESO 56-SC152          
N2029 053500.0 -673323       5   0.0   0.0   0        ESO 56-EN156          
N2030 053540.1 -660208       5   1.3   0.0   0        ESO 86-SC15           
N2031 053341.9 -705913       3   3.4   0.0   0        ESO 56-SC153          
N2032 053520.7 -673407       5   0.0   0.0   0        ESO 56-EN160          
N2033 053430.6 -694450       3   0.5   0.0   0        ESO 56-SC157          
N2034 053532.8 -665413       5   0.0   0.0   0        ESO 86-SC14           
N2035 053532.5 -673508       5   3.0   3.0   0        ESO 56-EN161          
N2036 053431.5 -700352       3   0.6   0.0   0        ESO 56-SC155          
N2037 053500.0 -694320       3   0.5   0.0   0        ESO 56-SC159          
N2038 053442.4 -703347       3   1.7   0.0   0        ESO 56-SC158          
N2039 054401.0 +084130       3   0.0   0.0   0                              
N2040 053607.6 -673404       5   3.0   3.0   0        ESO 56-EN164          
N2041 053628.1 -665923       3   0.7   0.0   0        ESO 86-SC16           
N2042 053609.6 -685525       3   9.0   0.0   0        ESO 56-SC163          
N2043 053557.3 -700428       3   0.0   0.0   0        ESO 56-SC168          
N2044 053556.7 -691140       3   2.0   0.0   0        ESO 56-SC165          
N2045 054501.4 +125318  6.6  1   0.0   0.0   0                              
N2046 053537.6 -701427       3   1.3   0.0   0        ESO 56-SC162          
N2047 053553.1 -701134       3   0.8   0.0   0        ESO 56-SC167          
N2048 053555.4 -693858       5   0.5   0.0   0        ESO 56-*N166          
N2049 054315.1 -300441 13.7  8   2.0   1.0 168  17657 ESO 424-11            
N2050 053638.9 -692301       3   1.0   0.0   0        ESO 56-SC170          
N2051 053607.4 -710041       3   1.7   0.0   0        ESO 56-SC169          
N2052 053711.1 -694627       5  18.0  12.0   0        ESO 56-EN176          
N2053 053739.8 -672447       3   1.2   0.0   0        ESO 86-SC17           
N2054 054515.6 -100458       1   0.0   0.0   0                              
N2055 053644.8 -692955       3   0.6   0.0   0        ESO 56-SC171          
N2056 053634.1 -704019       3   1.7   0.0   0        ESO 56-SC172          
N2057 053655.2 -701608       3   1.8   0.0   0        ESO 56-SC174          
N2058 053654.3 -700944       3   1.8   0.0   0        ESO 56-SC173          
N2059 053700.6 -700745       3   1.0   0.0   0        ESO 56-SC175          
N2060 053748.8 -691024       5   2.0   0.0   0        ESO 57-EN1            
N2061 054241.9 -340014       3   8.0   8.0   0        ESO 363-**16          
N2062 054002.8 -665233       3   0.9   0.0   0        ESO 86-SC20           
N2063 054643.0 +084654       3   0.0   0.0   0                              
N2064 054618.4 +000021       5   1.0   1.0   0        LBN 1627              
N2065 053738.5 -701412       3   2.6   0.0   0        ESO 57-SC2            
N2066 053743.2 -701000       3   0.7   0.0   0        ESO 57-SC3            
N2067 054632.0 +000710       5   8.0   3.0   0        DG 79                 
N2068 054645.8 +000410  8.0  5   8.0   6.0   0                        M  78 
N2069 053840.0 -685936       5   0.0   0.0   0        ESO 57-EN7            
N2070 053838.4 -690539  5.0  5  30.0  20.0   0        ESO 57-EN6            Tarantula Nebula, 30 Doradus   
N2071 054707.2 +001739  8.0  5   7.0   5.0   0        LBN 938               
N2072 053824.5 -701403       3   1.3   0.0   0        ESO 57-SC4            
N2073 054553.8 -215957 13.4  8   1.5   1.4   0  17772 ESO 554-31            
N2074 053903.6 -692953  8.5  5   0.0   0.0   0        ESO 57-EN8            
N2075 053820.8 -704109       5   2.0   0.0   0        ESO 57-EN5            
N2076 054647.4 -164658 13.9  8   2.2   1.3  45  17804 MCG -3-15-12          
N2077 053936.0 -693926       5  15.0  15.0   0        ESO 57-EN9            
N2078 053939.3 -694438       5   0.0   0.0   0        ESO 57-EN10           
N2079 053940.0 -694626       5   0.0   0.0   0        ESO 57-EN11           
N2080 053944.2 -693844       5   0.0   0.0   0        ESO 57-EN12           
N2081 053959.5 -692421       5   0.0   0.0   0        ESO 57-SC13           
N2082 054150.9 -641805 12.6  8   1.3   1.2  37  17609 ESO 86-21             
N2083 053959.3 -694416       5   0.0   0.0   0        ESO 57-EN14           
N2084 054007.1 -694534       5   0.0   0.0   0        ESO 57-EN15           
N2085 054009.9 -693943       5   0.0   0.0   0        ESO 57-EN16           
N2086 054013.0 -694005       5   0.0   0.0   0        ESO 57-EN17           
N2087 054416.1 -553159 14.7  8   0.8   0.6 136  17684 ESO 159-26            
N2088 054059.9 -682756       3   1.7   0.0   0        ESO 57-SC20           
N2089 054751.3 -173610 12.9  8   1.9   1.2  39  17860 ESO 554-36            
N2090 054701.6 -341503 12.0  8   4.9   2.4  13  17819 ESO 363-23            
N2091 054058.1 -692614       3   1.7   0.0   0        ESO 57-SC21           
N2092 054122.1 -691327       3   1.2   0.0   0        ESO 57-SC22           
N2093 054149.8 -685517       3   1.7   0.0   0        ESO 57-SC23           
N2094 054212.8 -685447       3   0.0   0.0   0        ESO 57-SC26           
N2095 054248.2 -671848       3   0.8   0.0   0        ESO 86-SC24           
N2096 054217.9 -682731       3   1.2   0.0   0        ESO 57-SC27           
N2097 054416.0 -624708       3   1.8   0.0   0        ESO 86-SC28           
N2098 054230.4 -681632       3   1.6   0.0   0        ESO 57-SC28           
N2099 055218.3 +323311       3  15.0   0.0   0                        M  37 
N2100 054209.1 -691243       3   2.8   0.0   0        ESO 57-SC25           
N2101 054622.4 -520524 13.7  8   2.0   1.3  85  17793 ESO 205-1             
N2102 054220.6 -692914       3   1.0   0.0   0        ESO 57-SC29           
N2103 054140.4 -712000       5   0.0   0.0   0        ESO 57-EN24           
N2104 054704.2 -513311 13.2  8   2.0   0.9 160  17822 ESO 205-2             
N2105 054419.2 -665504       3   1.7   0.0   0        ESO 86-SC29           
N2106 055046.3 -213401 13.1  8   2.7   1.4 103  17975 ESO 555-3             
N2107 054313.0 -703824       3   2.1   0.0   0        ESO 57-SC32           
N2108 054355.3 -691051       3   2.0   0.0   0        ESO 57-SC33           
N2109 054423.0 -683252       3   2.0   0.0   0        ESO 57-SC34           
N2110 055211.2 -072723 13.5  8   1.7   1.2 173  18030 MCG -1-15-4           
N2111 054433.1 -705936       3   1.6   0.0   0        ESO 57-SC35           
N2112 055345.2 +002439       3  18.0   0.0   0        OCL 509               
N2113 054524.6 -694627       5   1.8   0.0   0        ESO 57-EN36           
N2114 054612.2 -680254       3   1.0   0.0   0        ESO 57-SC37           
N2115 055119.8 -503500 14.1  8   0.8   0.7  50  18001 ESO 205-6             
N2115A055121.3 -503532 16.0  8   0.6   0.5  56  18002 ESO 205-6A            
N2116 054715.2 -683029       3   1.0   0.0   0        ESO 57-SC38           
N2117 054746.0 -672701       3   1.3   0.0   0        ESO 86-SC33           
N2118 054739.6 -690755       3   1.3   0.0   0        ESO 57-SC39           
N2119 055726.9 +115656 14.6  8   1.2   1.0 145  18136 UGC 3380              
N2120 055034.8 -634030       3   2.0   0.0   0        ESO 86-SC34           
N2121 054812.4 -712852       3   2.7   0.0   0        ESO 57-SC40           
N2122 054852.6 -700412       5   4.5   0.0   0        ESO 57-EN41           
N2123 055143.4 -651918       3   1.2   0.0   0        ESO 86-SC36           
N2124 055752.3 -200506 13.4  8   2.7   0.9   5  18147 ESO 555-16            
N2125 055054.3 -692845       3   1.0   0.0   0        ESO 57-SC44           
N2126 060232.9 +495157       3   6.0   0.0   0        OCL 418               
N2127 055122.4 -692141       3   1.2   0.0   0        ESO 57-SC45           
N2128 060434.0 +573739 13.6  8   1.5   1.1  60  18374 UGC 3392              
N2129 060106.5 +231904       3   6.0   0.0   0        OCL 467               
N2130 055223.8 -672003       3   1.2   0.0   0        ESO 86-SC37           
N2131 055847.2 -263911 14.6  8   1.1   0.5 118  18172 ESO 488-50            
N2132 055518.0 -595434       3   4.0   4.0   0        ESO 120-?22           
N2133 055128.8 -711030       3   1.7   0.0   0        ESO 57-SC46           
N2134 055156.7 -710550       3   2.5   0.0   0        ESO 57-SC47           
N2135 055335.0 -672538       3   1.0   0.0   0        ESO 86-SC39           
N2136 055259.1 -692936       3   1.9   0.0   0        ESO 57-SC48           
N2137 055313.2 -692855       3   0.8   0.0   0        ESO 57-SC49           
N2138 055448.8 -655007       3   1.0   0.0   0        ESO 86-SC40           
N2139 060108.0 -234022 12.3  8   2.4   1.9 140  18258 IC 2154               
N2140 055416.3 -683600       3   1.7   0.0   0        ESO 57-SC51           
N2141 060255.0 +102647       3  10.0   0.0   0        OCL 487               
N2142 060150.3 -103551  5.0  1   0.0   0.0   0                              
N2143 060253.5 +054255       3  11.0   0.0   0                              
N2144 054056.3 -820708 13.9  8   1.4   1.1  93  17592 ESO 16-10             
N2145 055422.8 -705407       3   1.7   0.0   0        ESO 57-SC52           
N2146 061838.3 +782121 11.3  8   5.4   2.9  56  18797 UGC 3429              
N2146A062354.6 +783148 13.5  8   3.0   1.2  30  18960 UGC 3439              
N2147 055545.7 -681206       3   1.1   0.0   0        ESO 57-SC54           
N2148 055845.6 -590735 14.6  8   1.1   0.8 150  18171 ESO 120-24            
N2149 060330.7 -094350       5   3.0   2.0   0        VDB 66                
N2150 055546.4 -693339 14.0  8   1.2   0.9 143  18097 ESO 57-55             
N2151 055620.5 -690103       3   1.0   0.0   0        ESO 57-SC57           
N2152 060055.0 -504427 14.8  8   1.1   0.8  69  18249 ESO 205-15            
N2153 055751.8 -662403       3   1.3   0.0   0        ESO 86-SC43           
N2154 055738.3 -671544       3   2.4   0.0   0        ESO 86-SC42           
N2155 055833.3 -652835       3   2.1   0.0   0        ESO 86-SC45           
N2156 055750.4 -682739       3   1.1   0.0   0        ESO 57-SC59           
N2157 055734.9 -691150       3   2.7   0.0   0        ESO 57-SC58           
N2158 060725.6 +240546       3   5.0   0.0   0        OCL 468               
N2159 055803.0 -683728       3   0.9   0.0   0        ESO 57-SC60           
N2160 055812.9 -681723       3   1.2   0.0   0        ESO 57-SC61           
N2161 055543.2 -742114       3   2.2   0.0   0        ESO 33-SC31           
N2162 060030.4 -634320       3   2.1   0.0   0        ESO 86-SC47           
N2163 060749.5 +183927       5   3.0   2.0   0        CED 62                
N2164 055855.0 -683056       3   2.5   0.0   0        ESO 57-SC62           
N2165 061104.0 +514042       3   6.0   0.0   0                              
N2166 055933.8 -675629       3   1.2   0.0   0        ESO 57-SC64           
N2167 060658.5 -061209  6.6  1   0.0   0.0   0                              
N2168 060900.0 +242100       3  25.0   0.0   0                        M  35 
N2169 060824.3 +135753       3   6.0   0.0   0        OCL 481               
N2170 060731.3 -062353       5   2.0   2.0   0        LBN 994               
N2171 055859.4 -704503       0   0.0   0.0   0                              
N2172 060005.9 -683813       3   1.7   0.0   0        ESO 57-SC65           
N2173 055758.5 -725841       3   2.4   0.0   0        ESO 33-SC34           
N2174 060923.6 +203934       5  40.0  30.0   0        CED 67A               
N2175 060938.6 +202918  6.8  3  18.0   0.0   0        OCL 476               
N2175S061054.0 +203600       3   5.0   0.0   0        Lund 1182             
N2176 060119.4 -665112       3   1.3   0.0   0        ESO 86-SC50           
N2177 060116.5 -674400       3   1.2   0.0   0        ESO 57-SC66           
N2178 060247.5 -634550 13.6  8   0.9   0.9   0  18322 ESO 86-53             
N2179 060802.1 -214446 13.2  8   1.1   0.9 170  18453 ESO 555-38            
N2180 060936.2 +044244       3   6.0   0.0   0                              
N2181 060243.7 -651554       3   1.6   0.0   0        ESO 86-SC54           
N2182 060930.9 -061935       5   2.0   2.0   0        LBN 998               
N2183 061046.9 -061243       5   1.0   1.0   0        LBN 996               
N2184 061058.0 -033048       3   0.0   0.0   0                              
N2185 061100.4 -061252       5   1.0   1.0   0        LBN 997               
N2186 061207.1 +052731       3   5.0   0.0   0        OCL 498               
N2187 060352.4 -693440 13.2  8   1.3   0.9  99  18354 ESO 57-68             
N2187A060344.2 -693517 12.9  8   1.7   0.9  99  18355 ESO 57-68A            
N2188 061009.7 -340618 12.1  8   4.2   1.1 175  18536 ESO 364-37            
N2189 061254.6 +010809       0   0.0   0.0   0                              
N2190 060104.1 -744332       3   2.0   0.0   0        ESO 33-SC36           
N2191 060823.7 -523044 12.4  8   1.7   0.9 118  18464 ESO 160-14            
N2192 061517.4 +395119       3   5.0   0.0   0        OCL 437               
N2193 060617.9 -650557       3   1.9   0.0   0        ESO 86-SC57           
N2194 061345.9 +124824       3   9.0   0.0   0        OCL 495               
N2195 061433.9 +173825       1   0.0   0.0   0                              
N2196 061209.6 -214822 11.8  8   2.8   2.2  35  18602 ESO 556-4             
N2197 060608.7 -670551       3   1.7   0.0   0        ESO 86-SC58           
N2198 061303.0 +005820       0   0.0   0.0   0                              
N2199 060444.9 -732400 13.8  8   2.0   0.8  37  18379 ESO 34-3              
N2200 061317.4 -433947 14.9  8   0.9   0.6 161  18652 ESO 254-39            
N2201 061331.4 -434218 14.3  8   1.1   0.5 113  18658 ESO 254-40            
N2202 061650.7 +055948       3   7.0   0.0   0                              
N2203 060442.7 -752618       3   3.3   0.0   0        ESO 34-SC4            
N2204 061532.2 -183957       3  10.0   0.0   0        OCL 572               
N2205 061032.8 -623219 13.7  8   1.4   0.9  80  18551 ESO 86-63             
N2206 061559.7 -264555 12.9  8   2.4   1.3 138  18736 ESO 489-26            
N2207 061621.8 -212222 11.8  8   3.9   2.2 141  18749 ESO 556-8             
N2208 062234.6 +515436 14.3  8   1.6   1.1 110  18911 UGC 3452              
N2209 060833.5 -735016       3   2.8   0.0   0        ESO 34-SC6            
N2210 061131.9 -690715       4   2.1   0.0   0        ESO 57-SC71           
N2211 061830.2 -183216 13.7  8   1.4   0.7  22  18794 ESO 556-13            
N2212 061835.7 -183112 14.5  8   1.5   0.8 136  18796 ESO 556-14            
N2213 061042.0 -713142       3   2.1   0.0   0        ESO 57-SC70           
N2214 061257.5 -681533       3   3.6   0.0   0        ESO 57-SC74           
N2215 062049.2 -071702       3   8.0   0.0   0        OCL 550               
N2216 062130.7 -220514 13.7  8   1.4   1.1  20  18877 ESO 556-17            
N2217 062139.8 -271403 11.6  8   4.7   4.3  21  18883 ESO 489-42            
N2218 062442.0 +192042       3   1.5   0.0   0                              
N2219 062344.3 -044036       3  10.0   0.0   0                              
N2220 062112.0 -444528       3   5.0   0.0   0        ESO 255-**4           
N2221 062015.8 -573443 13.9  8   2.0   0.5   0  18833 ESO 121-24            
N2222 062016.8 -573200 14.2  8   1.2   0.3 150  18835 ESO 121-25            
N2223 062435.8 -225019 12.3  8   3.0   2.6 175  18978 ESO 489-49            
N2224 062728.5 +123538       3   0.0   0.0   0                              
N2225 062634.4 -093751       3  40.0   0.0   0                              
N2226 062637.5 -093832       3   0.8   0.0   0                              
N2227 062557.9 -220017 13.3  8   2.1   1.2  19  19030 ESO 556-23            
N2228 062115.9 -642733 14.6  8   0.8   0.7   0  18862 ESO 87-7              
N2229 062123.8 -645724 14.4  8   1.5   0.4 133  18867 ESO 87-8              
N2230 062127.9 -645934 14.1  8   1.2   0.9  77  18873 ESO 87-9              
N2231 062043.0 -673107       3   2.0   0.0   0        ESO 87-SC6            
N2232 062801.1 -045051       3  45.0   0.0   0        OCL 545               
N2233 062140.1 -650200 14.9  8   0.9   0.2  39  18882 ESO 87-11             
N2234 062921.6 +164324       3   5.0   0.0   0                              
N2235 062222.2 -645605 14.0  8   1.4   1.0  68  18906 ESO 87-13             
N2236 062939.6 +064951       3   8.0   0.0   0        OCL 501               
N2237 063054.6 +050252       5  80.0  50.0   0                              
N2238 063040.3 +050047  6.0  5  80.0  60.0   0        LBN 948               Rosette Nebula
N2239 063155.5 +045635  4.8  3  24.0   0.0   0        NGC 2244              
N2240 063310.5 +351502       3   0.0   0.0   0                              
N2241 062253.3 -685529       3   1.3   0.0   0        ESO 57-SC79           
N2242 063407.4 +444640 15.1  6   0.4   0.0   0        ZWG 204.5             
N2243 062934.4 -311653       3   8.3   0.0   0        OCL 644               
N2244 063155.5 +045635  4.8  3  24.0   0.0   0        NGC 2239              
N2245 063241.2 +100924       5   5.0   4.0   0        LBN 904               
N2246 063233.7 +050742       5   0.0   0.0   0        LBN 948               Rosette Nebula
N2247 063305.1 +101918       5   6.0   6.0   0        LBN 901               
N2248 063435.3 +261821       3   0.0   0.0   0                              
N2249 062549.6 -685511       3   1.7   0.0   0        ESO 57-SC82           
N2250 063349.8 -050504       3  10.0   0.0   0        OCL 547               
N2251 063438.4 +082159       3  10.0   0.0   0        OCL 499               
N2252 063442.0 +052136  7.7  3  20.0   0.0   0        OCL 514               
N2253 064341.6 +651222 13.1  8   1.4   1.1 135  19501 UGC 3511              
N2254 063549.6 +074024       3   6.0   0.0   0        OCL 500               
N2255 063358.6 -344842 14.2  8   1.5   0.7 152  19260 ESO 365-31            
N2256 064714.2 +741413 13.6  8   2.3   2.0  72  19602 UGC 3519              
N2257 063013.0 -641929       4   2.2   0.0   0        ESO 87-SC24           
N2258 064746.5 +742853 13.0  8   2.3   1.5 150  19622 UGC 3523              
N2259 063821.4 +105226       3   3.5   0.0   0        OCL 492               
N2260 063803.0 -012820       3  20.0   0.0   0                              
N2261 063909.5 +084440       5   3.0   1.0   0        LBN 920               Hubble's Variable Nebula
N2262 063938.0 +010837       3   4.0   0.0   0        OCL 531               
N2263 063828.8 -245055 12.9  8   2.6   2.0 143  19355 ESO 490-19            
N2264 064058.2 +095344       3  40.0   0.0   0        OCL 495               Christmas Tree Cluster
N2265 064141.6 +115419       3  10.0   0.0   0                              
N2266 064319.2 +265810       3   5.0   0.0   0        OCL 471               
N2267 064051.7 -322856 13.2  8   1.7   1.3 120  19417 ESO 426-29            
N2268 071417.5 +842256 12.2  8   2.7   1.5  63  20458 UGC 3653              
N2269 064317.0 +043728       3   3.0   0.0   0        OCL 524               
N2270 064357.7 +032845       3   0.0   0.0   0                              
N2271 064252.9 -232833 13.0  8   2.1   1.4  71  19476 ESO 490-34            
N2272 064241.2 -272735 12.8  8   2.4   1.6 123  19466 ESO 490-33            
N2273 065008.4 +605045 12.5  8   3.6   2.0  50  19688 UGC 3546              
N2273A064007.0 +600450 13.3  8   2.7   2.2 135  19397 UGC 3504              
N2273B064631.5 +602025 13.2  8   2.7   1.2  43  19579 UGC 3530              
N2274 064717.4 +333403 13.4  8   1.2   1.1 169  19603 UGC 3541              
N2275 064717.9 +333557 14.1  8   1.3   0.9 157  19605 UGC 3542              
N2276 072713.6 +854518 12.0  8   2.3   1.9  20  21039 UGC 3740              
N2277 064747.0 +332702       3   0.0   0.0   0                              
N2278 064816.3 +332343       1   0.0   0.0   0                              
N2279 064824.7 +332452       1   0.0   0.0   0                              
N2280 064448.9 -273820 11.2  8   6.3   3.0 163  19531 ESO 427-2             
N2281 064817.8 +410444       3  25.0   0.0   0        OCL 446               
N2282 064651.2 +011854       5   3.0   3.0   0        IC 2172               
N2283 064552.6 -181237 12.9  8   3.6   2.7   2  19562 ESO 557-13            
N2284 064909.5 +331140       1   0.0   0.0   0                              
N2285 064936.0 +332154       1   0.0   0.0   0                              
N2286 064740.1 -030852       3  15.0   0.0   0        OCL 548               
N2287 064559.9 -204515       3  39.0   0.0   0                        M  41 
N2288 065052.0 +332744 15.4  8   0.4   0.2  93  19714 IC 2173               
N2289 065053.6 +332845 14.5  8   1.1   0.6  92  19716 UGC 3560              
N2290 065056.9 +332617 14.2  8   1.2   0.7  50  19718 UGC 3562              
N2291 065058.6 +333132 14.2  8   1.0   0.8 126  19719 ZWG 175.20            
N2292 064739.4 -264447 11.8  8   4.0   3.5 124  19617 ESO 490-48            
N2293 064742.8 -264517 12.1  8   4.0   3.2 125  19619 ESO 490-49            
N2294 065111.2 +333137 14.9  8   0.8   0.4   6  19729 MCG 6-15-14           
N2295 064723.2 -264410 13.6  8   2.1   0.6  46  19607 ESO 490-47            
N2296 064839.0 -165404 13.0  5   0.6   0.4 175  19643 IC 452                
N2297 064424.5 -634303 13.4  8   1.9   1.5 101  19524 ESO 87-40             
N2298 064859.2 -360017       4   5.0   0.0   0        GCL 11                
N2299 065156.6 -070504  8.9  3   2.5   0.0   0        NGC 2302              
N2300 073220.3 +854233 12.1  8   2.8   2.0  78  21231 UGC 3798              
N2301 065145.2 +002733       3  15.0   0.0   0        OCL 540               
N2302 065156.6 -070504  8.9  3   2.5   0.0   0        NGC 2299              
N2303 065617.4 +452936 13.9  8   1.5   1.5   0  19891 UGC 3603              
N2304 065511.8 +175919       3   3.0   0.0   0        OCL 484               
N2305 064837.3 -641622 12.8  8   2.1   1.5 142  19641 ESO 87-44             
N2306 065429.5 -071155       3   0.0   0.0   0                              
N2307 064851.0 -642006 13.1  8   1.7   1.6 145  19648 ESO 87-45             
N2308 065837.5 +451240 14.2  8   1.8   1.2 170  19949 UGC 3618              
N2309 065603.6 -071028       3   5.0   0.0   0        OCL 557               
N2310 065353.8 -405149 12.7  8   4.3   0.8  47  19811 ESO 309-7             
N2311 065747.5 -043641       3   7.0   0.0   0        OCL 553               
N2312 065847.0 +101744       3   5.0   2.5   0                              
N2313 065802.8 -075642       1   0.0   0.0   0        LDN 1653              
N2314 071031.8 +751940 13.2  8   1.1   0.8  25  20305 UGC 3677              
N2315 070233.0 +503527 14.5  8   1.3   0.3 116  20045 UGC 3633              
N2316 065940.8 -074638       5   4.0   3.0   0        NGC 2317              
N2317 065940.8 -074638       5   4.0   3.0   0        NGC 2316              
N2318 065927.0 -134152       3   0.0   0.0   0                              
N2319 070032.2 +030234       3   0.0   0.0   0                              
N2320 070541.9 +503451 13.1  8   1.4   0.8 140  20136 UGC 3659              
N2321 070558.9 +504524 14.8  8   1.4   1.1 135  20141 UGC 3663              
N2322 070600.3 +503038 14.6  8   1.1   0.4 136  20142 UGC 3662              
N2323 070248.0 -082300       3  15.0   0.0   0                        M  50 
N2324 070407.9 +010241       3   8.0   0.0   0        OCL 542               
N2325 070240.2 -284152 12.0  8   3.0   1.5   6  20047 ESO 427-28            
N2326 070810.9 +504056 14.0  8   1.9   1.8 120  20218 UGC 3681              
N2326A070834.3 +503754 15.3  8   1.0   0.6  15  20237 UGC 3687              
N2327 070407.2 -111851       5   1.0   1.0   0        CED 89B               
N2328 070236.1 -420405 12.8  8   1.3   0.8 115  20046 ESO 309-16            
N2329 070907.9 +483657 13.5  8   1.3   1.1 175  20254 UGC 3695              
N2330 070928.3 +500911 15.8  8   0.4   0.3  30  20272 IC 457                
N2331 070659.8 +271542       3  19.0   0.0   0        OCL 475               
N2332 070933.8 +501055 13.8  8   1.5   1.0  60  20276 UGC 3699              
N2333 070821.2 +351012 14.2  8   1.0   0.7  35  20223 UGC 3689              
N2334 071133.6 +501456 14.7  8   0.9   0.7  80  20357 IC 465                
N2335 070649.4 -100143       3   7.0   0.0   0        OCL 562               
N2336 072703.6 +801040 11.1  8   7.1   3.9 178  21033 UGC 3809              
N2336A075615.1 +780047 14.4  8   1.7   1.7   0  22238 UGC 4066              
N2337 071013.6 +442725 13.0  8   2.1   1.4 120  20298 UGC 3711              
N2338 070747.3 -054309       3   0.0   0.0   0                              
N2339 070820.3 +184646 12.5  8   2.7   2.0 175  20222 UGC 3693              
N2340 071110.7 +501029 12.9  8   1.8   1.2  84  20338 UGC 3720              
N2341 070912.0 +203612 13.9  8   0.8   0.8   0  20259 UGC 3708              
N2342 070918.1 +203813 13.2  8   1.4   1.3 126  20265 UGC 3709              
N2343 070806.7 -103700       3   6.0   0.0   0        OCL 565               
N2344 071228.6 +471002 12.8  8   1.5   1.2 165  20395 UGC 3734              
N2345 070818.7 -131137       3  12.0   0.0   0        OCL 575               
N2346 070922.5 -004822 11.8  6   0.9   0.0   0        PK 215+3.1            
N2347 071604.0 +644241 13.2  8   1.8   1.3   4  20539 UGC 3759              
N2348 070302.6 -672338       3  11.0   0.0   0        ESO 88-SC1            
N2349 071048.1 -083534       3   0.0   0.0   0                              
N2350 071312.1 +121559 14.0  8   1.4   0.7 110  20416 UGC 3747              
N2351 071330.0 -102858       3   0.0   0.0   0                              
N2352 071305.7 -240220       3   5.0   0.0   0        ESO 492-**5           
N2353 071430.3 -101557       3  18.0   0.0   0        OCL 567               
N2354 071415.2 -254133       3  18.0   0.0   0        OCL 639               
N2355 071659.2 +134500       3   8.0   0.0   0        NGC 2356              
N2356 071659.2 +134500       3   8.0   0.0   0        NGC 2355              
N2357 071740.9 +232123 14.4  8   3.6   0.5 122  20592 UGC 3782              
N2358 071656.3 -170700       3   8.0   0.0   0                              
N2359 071830.0 -131330       5   9.0   6.0   0        LBN 1041              
N2360 071743.1 -153829       3  14.0   0.0   0        OCL 589               
N2361 071823.7 -131232       5   0.0   0.0   0                              
N2362 071841.4 -245715       3   6.0   0.0   0        OCL 633               
N2363 072829.9 +691134 15.5  8   1.6   1.0  20  93088 UGC 3847              
N2364 072046.4 -073258       3   0.0   0.0   0                              
N2365 072222.3 +220500 13.6  8   2.8   1.4 170  20838 UGC 3821              
N2366 072854.8 +691258 11.5  8   8.1   3.0  25  21102 UGC 3851              
N2367 072004.5 -215303       3   5.0   0.0   0        OCL 621               
N2368 072106.2 -102218       3   3.0   0.0   0        OCL 571               
N2369 071637.7 -622038 13.2  8   3.5   1.1 177  20556 ESO 122-18            
N2369A071843.5 -625612 13.7  8   1.8   1.2  33  20640 ESO 88-8              
N2369B072029.7 -620314 14.0  8   1.5   1.4  14  20717 ESO 123-5             
N2370 072501.5 +234701 14.4  8   0.8   0.5  43  20955 UGC 3835              
N2371 072533.9 +292918 13.0  6   1.0   0.0   0        NGC 2372              
N2372 072533.9 +292918 13.0  6   1.0   0.0   0        NGC 2371              
N2373 072636.9 +334927 14.8  8   0.6   0.5 159  21016 UGC 3848              
N2374 072356.0 -131548       3  12.0   0.0   0        OCL 585               
N2375 072709.4 +334957 14.6  8   1.3   1.0 170  21035 UGC 3854              
N2376 072635.9 +230424 15.2  8   0.6   0.6   0  21015 MCG 4-18-17           
N2377 072456.7 -093938 13.5  8   1.7   1.3 170  20948 UGCA 132              
N2378 072723.9 +334955       1   0.0   0.0   0                              
N2379 072726.2 +334843 14.5  8   0.9   0.8 127  21036 UGC 3857              
N2380 072354.5 -273143 12.3  8   2.1   2.0 168  20916 NGC 2382              
N2381 071957.4 -630401 13.4  8   1.4   1.4   0  20694 ESO 88-10             
N2382 072354.5 -273143 12.3  8   2.1   2.0 168  20916 NGC 2380              
N2383 072439.9 -205651       3   5.0   0.0   0        OCL 616               
N2384 072511.8 -210124       3   5.0   0.0   0        OCL 618               
N2385 072828.2 +335017 15.2  8   1.0   0.7  54  21080 MCG 6-17-8            
N2386 072838.1 +334635       1   0.0   0.0   0                              
N2387 072857.9 +365247 15.3  8   0.6   0.5  39  21105 ZWG 177.23            
N2388 072853.5 +334908 14.7  8   1.0   0.6  65  21099 UGC 3870              
N2389 072904.8 +335139 13.4  8   2.0   1.4  83  21109 UGC 3872              
N2390 072904.2 +335013       1   0.0   0.0   0                              
N2391 072907.6 +334933       1   0.0   0.0   0                              
N2392 072910.8 +205445  9.9  6   0.9   0.0   0        PK 197+17.1           Eskimo Nebula           
N2393 073004.9 +340140 14.7  8   1.2   0.8 103  21154 UGC 3884              
N2394 072836.5 +070514       3   0.0   0.0   0                              
N2395 072712.8 +133630       3  15.0   0.0   0        OCL 502               
N2396 072800.0 -114300       3  10.0   0.0   0        OCL 579               
N2397 072119.5 -690005 12.7  8   2.5   1.2 123  20766 ESO 58-30             
N2397A072107.9 -690655 14.8  8   1.1   0.9  36  20754 ESO 58-29             
N2397B072155.7 -685045 15.0  8   0.9   0.5  97  20813 ESO 58-31             
N2398 073016.2 +242917 15.3  8   0.4   0.3 150  21165 MCG 4-18-23           
N2398 073013.6 +242929 15.5  8   0.5   0.5   0  21157 MCG 4-18-22           
N2399 072949.9 -001249       1   0.0   0.0   0                              
N2400 072955.1 -001251       1   0.0   0.0   0                              
N2401 072924.3 -135800       3   2.0   0.0   0        OCL 508               
N2402 073046.5 +093851 15.1  8   0.8   0.8   0  21176 UGC 3891              
N2402 073047.8 +093914 16.0  8   0.7   0.5  95 200236 UGC 3891              
N2403 073650.6 +653606  8.9  8  23.4  11.8 127  21396 UGC 3918              
N2404 073707.0 +653640       8   0.0   0.0   0                              
N2405 073213.9 +255422 14.9  8   0.5   0.3 105  21224 MCG 4-18-26           
N2405 073215.1 +255421 15.5  8   0.3   0.3   0        MCG 4-18-26           
N2406 073147.7 +181719 15.2  8   0.7   0.6  51  21218 MCG 3-19-21           
N2407 073156.6 +182001 14.8  8   1.1   1.0  42  21220 UGC 3896              
N2408 073947.1 +714011       3  10.0   0.0   0                              
N2409 073136.7 -171123  8.0  3   2.5   0.0   0        Bochum 4              
N2410 073502.2 +324921 13.8  8   2.4   0.7  31  21336 UGC 3917              
N2411 073436.4 +181655 14.6  8   0.9   0.5  50  21315 UGC 3914              
N2412 073421.5 +083251       1   0.0   0.0   0                              
N2413 073316.4 -130542       3   0.0   0.0   0                              
N2414 073312.8 -152714       3   6.0   0.0   0        OCL 598               
N2415 073656.5 +351431 12.8  8   0.9   0.9   0  21399 UGC 3930              
N2416 073541.4 +113645 14.3  8   1.0   0.7 110  21358 UGC 3925              
N2417 073012.1 -621509 12.9  8   2.8   1.9  81  21155 ESO 123-15            
N2418 073637.4 +175302 13.4  8   1.8   1.8   0  21382 UGC 3931              
N2419 073808.5 +385257       4   4.6   0.0   0        GCL 12                Intergalactic Wanderer 
N2420 073823.8 +213427       3   6.0   0.0   0        OCL 488               
N2421 073611.8 -203644       3   8.0   0.0   0        OCL 626               
N2422 073635.0 -142847       3  25.0   0.0   0                        M  47 
N2423 073706.7 -135217       3  12.0   0.0   0        OCL 592               
N2424 074039.3 +391400 13.6  8   3.6   0.5  81  21558 UGC 3959              
N2425 073817.6 -145240       3   5.0   0.0   0        OCL 599               
N2426 074318.4 +521905 14.2  8   1.1   1.1   0  21648 UGC 3977              
N2427 073627.9 -473809 12.2  8   4.9   2.0 122  21375 ESO 208-27            
N2428 073922.0 -163100       3  13.0   0.0   0                              
N2429 074347.5 +522127 14.6  8   1.5   0.4 145  21664 NGC 2429A             
N2429A074347.5 +522127 14.6  8   1.5   0.4 145  21664 NGC 2429              
N2429B074351.8 +522053 17.5  8   0.3   0.1  57  21663 MCG 9-13-40           
N2430 073941.0 -161746       3   0.0   0.0   0                              
N2431 074513.3 +530432 14.4  8   0.9   0.9   0  21711 NGC 2436              
N2432 074053.8 -190509       3   7.0   0.0   0        OCL 620               
N2433 074243.6 +091533       1   0.0   0.0   0                              
N2434 073451.5 -691704 12.3  8   2.4   2.2 133  21325 ESO 59-5              
N2435 074413.4 +313902 13.6  8   2.2   0.5  36  21676 UGC 3996              
N2436 074513.3 +530432 14.4  8   0.9   0.9   0  21711 NGC 2431              
N2437 074146.8 -144836       3  20.0   0.0   0                        M  46 
N2438 074150.6 -144405 10.1  6   1.3   0.0   0        PK 231+4.2            
N2439 074045.4 -314133       3   9.0   0.0   0        OCL 688               
N2440 074155.4 -181229 10.8  6   1.3   0.0   0        PK 234+2.1            
N2441 075154.5 +730055 12.9  8   2.0   1.8  45  22031 UGC 4036              
N2442 073619.7 -693129 11.2  8   6.0   5.0  27  21373 NGC 2443              
N2443 073631.0 -690852 11.2  8   6.0   5.0  27  21373 NGC 2442              
N2444 074653.0 +390157 13.9  8   1.6   0.9  27  21774 UGC 4016              
N2445 074655.0 +390056 13.9  8   1.7   1.3  18  21776 UGC 4017              
N2446 074839.2 +543642 13.7  8   1.9   1.0 124  21860 UGC 4027              
N2447 074429.2 -235111       3  10.0   0.0   0                        M  93 
N2448 074433.2 -244021       3   5.0   0.0   0        ESO 493-**8           
N2449 074720.4 +265550 14.3  8   1.3   0.6 137  21802 UGC 4026              
N2450 074732.2 +270110 15.5  8   0.9   0.2 156  21807 MCG 5-19-8            
N2451 074524.0 -375800       3  50.0   0.0   0        OCL 716               
N2452 074726.2 -272006 12.6  6   0.5   0.0   0        PK 243-1.1            
N2453 074734.1 -271141       3   4.0   0.0   0        OCL 670               
N2454 075034.9 +162209 14.8  8   0.8   0.3 100  21963 UGC 4053              
N2455 074858.6 -211752       3  15.0   0.0   0        OCL 636               
N2456 075410.7 +552943 14.2  8   1.1   0.8  30  22129 UGC 4073              
N2457 075445.7 +553250 16.2  8   0.5   0.2  84  22161 MCG 9-13-86           
N2458 075551.6 +564239 15.5  8   0.4   0.3 170  22220 MCG 10-12-16          
N2459 075201.7 +093329       3   1.5   0.0   0                              
N2460 075652.8 +602058 12.7  8   2.5   1.9  40  22270 UGC 4097              
N2461 075626.2 +564026       1   0.0   0.0   0                              
N2462 075631.9 +564112 14.1  8   0.4   0.3 162  22259 MCG 10-12-24          
N2463 075712.2 +564037 15.2  8   0.6   0.6   0  22291 MCG 10-12-31          
N2464 075732.3 +564127       1   0.0   0.0   0                              
N2465 075725.0 +564917       1   0.0   0.0   0                              
N2466 074515.6 -712439 13.5  8   1.6   1.4   7  21714 ESO 59-18             
N2467 075226.0 -262612       5  15.0   0.0   0        OCL 668               
N2468 075802.2 +562133 15.0  8   1.3   0.6  45  22325 UGC 4110              
N2469 075803.2 +564048 13.4  8   1.0   0.7 160  22327 UGC 4111              
N2470 075420.4 +042736 13.7  8   2.0   0.6 128  22137 UGC 4091              
N2471 075833.2 +564632       1   0.0   0.0   0                              
N2472 075841.7 +564204 16.2  8   0.5   0.5   0  22364 MCG 10-12-39          
N2473 075535.0 +564411 16.0  8   0.5   0.3  85                              
N2474 075800.3 +525144 14.1  8   0.8   0.8   0  22322 UGC 4114              
N2475 075758.8 +525126 14.3  8   0.6   0.6   0  22321 UGC 4114              
N2476 075645.2 +395540 13.6  8   1.4   0.8 153  22260 UGC 4106              
N2477 075209.7 -383200       3  20.0   0.0   0        OCL 720               
N2478 073635.0 -142847       3  25.0   0.0   0                        M  47 
N2479 075506.0 -174228       3  11.0   0.0   0        OCL 623               
N2480 075710.6 +234647 15.0  8   1.3   0.7 160  22289 UGC 4116              
N2481 075713.7 +234603 13.6  8   1.4   0.5  18  22292 UGC 4118              
N2482 075510.3 -241517       3  10.0   0.0   0        OCL 653               
N2483 075539.0 -275342       3   9.0   0.0   0        ESO 430-SC2           
N2484 075828.1 +374712 14.3  8   0.9   0.8 145  22350 UGC 4125              
N2485 075648.7 +072839 13.2  8   1.6   1.4 153  22266 UGC 4112              
N2486 075756.5 +250940 14.2  8   1.7   0.9  97  22317 UGC 4123              
N2487 075820.3 +250857 13.2  8   2.7   2.1 115  22343 UGC 4126              
N2488 080145.6 +563310 13.6  8   1.4   0.8 100  22520 UGC 4161              
N2489 075615.9 -300351       3   5.0   0.0   0        OCL 690               
N2490 075917.9 +270440 15.6  8   0.6   0.4  45  22382 MCG 5-19-27           
N2491 075827.3 +075904 15.6  8   0.3   0.2  93  22353 ZWG 31.7              
N2492 075929.7 +270135 13.8  8   1.0   1.0   0  22397 UGC 4138              
N2493 080023.8 +394951 13.0  8   1.9   1.9   0  22447 UGC 4150              
N2494 075907.2 -003815 14.3  8   0.9   0.7  95  22377 IC 487                
N2495 080033.2 +395026 15.8  8   0.4   0.2  15  22457 MCG 7-17-8            
N2496 075837.4 +080141 14.0  8   1.1   0.9 167  22359 UGC 4127              
N2497 080211.1 +565632 14.2  8   1.4   1.2  24  22547 UGC 4168              
N2498 075938.7 +245900 14.4  8   1.1   0.8 113  22403 UGC 4142              
N2499 075851.7 +072934 14.9  8   0.8   0.5  18  22366 MCG 1-21-3            
N2500 080153.0 +504412 12.2  8   2.9   2.7  48  22525 UGC 4165              
N2501 075830.0 -142115 14.5  8   1.4   1.0 120  22354 MCG -2-21-2           
N2502 075551.5 -521825 13.2  8   2.1   1.3 126  22210 ESO 209-8             
N2503 080036.8 +222400 14.8  8   1.0   1.0   0  22453 UGC 4158              
N2504 075952.2 +053628 14.0  8   0.5   0.4  96  22414 UGC 4152              
N2505 080406.7 +533259 14.1  8   1.2   0.6   0  22644 UGC 4193              
N2506 080001.7 -104611       3  12.0   0.0   0        OCL 593               
N2507 080137.1 +154237 13.6  8   2.5   1.8 126  22510 UGC 4172              
N2508 080157.1 +083307 13.9  8   1.4   1.1 130  22528 UGC 4174              
N2509 080047.8 -190302       3  12.0   0.0   0        OCL 630               
N2510 080210.5 +092910 14.5  8   1.0   0.7 111  22541 UGC 4178              
N2511 080215.0 +092343 15.1  8   0.9   0.3 120  22549 MCG 2-21-8            
N2512 080307.6 +232330 13.9  8   1.4   0.9 113  22596 UGC 4191              
N2513 080224.7 +092450 12.6  8   2.5   2.0 170  22555 UGC 4184              
N2514 080249.7 +154828 14.0  8   1.3   1.2  21  22581 UGC 4189              
N2515 080321.3 +201117       1   0.0   0.0   0                              
N2516 075807.1 -604512       3  22.0   0.0   0        OCL 776               
N2517 080247.0 -121902 12.8  8   1.4   1.0  67  22578 MCG -2-21-3           
N2518 080720.2 +510756 14.6  8   1.2   1.0  35  22800 UGC 4221              
N2519 080758.8 +510744       1   0.0   0.0   0                              
N2520 080458.1 -280846       3  10.0   0.0   0        NGC 2527              
N2521 080849.4 +574611 14.1  8   1.2   0.7  45  22866 UGC 4235              
N2522 080613.5 +174224 14.5  8   1.0   0.3  32  22749 UGC 4218              
N2523 081500.0 +733444 12.6  8   2.9   1.8  57  23128 UGC 4271              
N2523A080408.4 +740253 14.5  8   1.0   0.7  95  22649 UGC 4166              
N2523B081256.8 +733349 14.8  8   2.0   0.3  92  23025 UGC 4259              
N2523C081744.2 +731905 14.3  8   1.5   0.8  95  23247 UGC 4290              
N2524 080809.6 +390928 13.6  8   1.4   1.0 125  22838 UGC 4234              
N2525 080538.0 -112539 12.3  8   3.0   2.0  75  22721 MCG -2-21-4           
N2526 080658.4 +080015 14.7  8   1.2   0.7 131  22778 UGC 4231              
N2527 080458.1 -280846       3  10.0   0.0   0        NGC 2520              
N2528 080725.0 +391141 13.4  8   1.5   1.5   0  22805 UGC 4227              
N2529 080749.1 +174915       0   0.0   0.0   0                              
N2530 080755.7 +174906 14.5  8   1.4   0.9 170  22827 UGC 4237              
N2531 080801.0 +174914       0   0.0   0.0   0                              
N2532 081015.2 +335722 13.0  8   1.9   1.4  10  22922 UGC 4256              
N2533 080700.0 -295200       3   6.0   0.0   0        OCL 695               
N2534 081254.1 +554019 13.6  8   1.0   1.0   0  23024 UGC 4268              
N2535 081113.6 +251226 13.3  8   2.5   1.2  12  22957 UGC 4264              
N2536 081116.1 +251047 14.8  8   0.8   0.4  49  22958 MCG 4-20-5            
N2537 081314.4 +455929 12.3  8   1.7   1.5 162  23040 UGC 4274              Bear Claw Galaxy           
N2537A081341.1 +455936 16.1  8   0.6   0.6   0  23057 MCG 8-15-51           
N2538 081123.0 +033759 13.6  8   1.5   1.2  25  22962 UGC 4266              
N2539 081036.9 -124914       3  15.0   0.0   0        OCL 611               
N2540 081246.5 +262141 14.4  8   1.3   0.9 125  23017 UGC 4275              
N2541 081440.0 +490343 12.2  8   6.3   3.2 165  23110 UGC 4284              
N2542 081116.2 -125535  4.7  1   0.0   0.0   0                              
N2543 081257.8 +361513 12.7  8   2.3   1.2  45  23028 IC 2232               
N2544 082140.3 +735918 13.9  8   1.1   0.8  70  23453 UGC 4327              
N2545 081414.1 +212122 13.2  8   2.2   1.2 170  23086 UGC 4287              
N2546 081224.0 -373700       3  70.0   0.0   0        OCL 726               
N2547 081011.0 -491400       3  25.0   0.0   0        OCL 753               
N2548 081343.1 -054502       3  30.0   0.0   0                        M  48 
N2549 081858.3 +574811 12.2  8   3.8   1.2 177  23313 UGC 4313              
N2550 082433.7 +740043 13.4  8   1.0   0.4 103  23604 UGC 4359              
N2550A082839.1 +734453 13.4  8   1.6   1.4   0  23781 UGC 4397              
N2551 082450.2 +732445 13.1  8   1.6   1.0  55  23608 UGC 4362              
N2552 081919.6 +500025 12.6  8   3.6   2.1  57  23340 UGC 4325              
N2553 081735.1 +205412 14.9  8   1.7   0.8  72  23240 MCG 4-20-14           
N2554 081753.4 +232820 12.9  8   3.2   2.4 147  23256 UGC 4312              
N2555 081756.3 +004442 13.3  8   1.9   1.4 115  23259 UGC 4319              
N2556 081900.8 +205615 15.3  8   0.4   0.2 138  23325 ZWG 119.45            
N2557 081910.9 +212610 14.4  8   1.2   1.0  55  23329 UGC 4330              
N2558 081912.7 +203041 13.8  8   1.8   1.3 160  23337 UGC 4331              
N2559 081706.1 -272725 11.7  8   3.0   1.4   6  23222 ESO 494-41            
N2560 081951.9 +205905 14.6  8   1.4   0.3  93  23367 UGC 4337              
N2561 081936.7 +043924 14.1  8   1.1   0.6 138  23351 UGC 4336              
N2562 082023.5 +210754 13.9  8   1.0   0.7   3  23395 UGC 4345              
N2563 082035.7 +210405 13.3  8   2.0   1.7  80  23404 UGC 4347              
N2564 081830.0 -214858 13.5  8   1.2   0.8  81  23290 ESO 562-1             
N2565 081948.2 +220153 13.4  8   1.9   0.9 167  23362 UGC 4334              
N2566 081845.5 -253002 11.8  8   2.9   1.7  62  23303 ESO 495-3             
N2567 081832.0 -303824       3  11.0   0.0   0        OCL 708               
N2568 081818.1 -370619       3   3.0   0.0   0        OCL 727               
N2569 082121.1 +205205 15.3  8   0.6   0.5 117  23442 MCG 4-20-35           
N2570 082122.6 +205438 15.1  8   1.1   0.6  75  23443 UGC 4354              
N2571 081856.3 -294457       3   7.0   0.0   0        OCL 701               
N2572 082124.7 +190852 14.7  8   1.3   0.5 133  23441 UGC 4355              
N2573 014153.2 -892003 14.1  8   1.9   0.7  85   6249 ESO 1-1               Polarissima Australis    
N2573A231214.6 -890727 14.7  8   2.1   0.6  18  70680 ESO 1-9               
N2573B230732.0 -890655 15.1  8   1.5   0.5 120  70533 ESO 1-8               
N2574 082048.1 -085506 13.7  8   2.3   1.2 153  23418 MCG -1-22-3           
N2575 082245.0 +241749 13.5  8   1.7   1.3 145  23501 UGC 4368              
N2576 082257.8 +254422 15.3  8   1.7   0.3  41  23512 UGC 4371              
N2577 082243.4 +223313 13.5  8   1.8   1.1 105  23498 UGC 4367              
N2578 082124.2 -131905 13.5  8   2.2   1.3  80  23440 MCG -2-22-2           
N2579 082052.7 -361258       3  19.0   0.0   0        OCL 724               
N2580 082128.0 -301800       3   8.0   0.0   0        OCL 709               
N2581 082430.9 +183549 14.3  8   1.1   0.8  10  23599 UGC 4388              
N2582 082512.1 +202003 13.9  8   1.2   1.2   0  23630 IC 2359               
N2583 082307.9 -050009 14.4  8   0.9   0.9   0  23516 MCG -1-22-8           
N2584 082315.5 -045815 14.6  8   1.2   0.6   2  23523 MCG -1-22-9           
N2585 082326.2 -045455 14.5  8   1.8   0.8  95  23537 MCG -1-22-10          
N2586 082331.4 -045705       1   0.0   0.0   0                              
N2587 082324.0 -293031       3  10.0   0.0   0        OCL 706               
N2588 082309.5 -325830       3   2.0   0.0   0        OCL 715               
N2589 082429.4 -084604       0   0.0   0.0   0                              
N2590 082502.0 -003528 13.9  8   2.2   0.7  77  23616 IC 507                
N2591 083725.5 +780132 12.9  8   3.0   0.6  32  24231 UGC 4472              
N2592 082708.1 +255815 13.4  8   1.7   1.4  45  23701 UGC 4411              
N2593 082647.8 +172228 14.9  8   0.9   0.5 172  23692 UGC 4408              
N2594 082717.1 +255243 15.1  8   0.8   0.5  27  23704 MCG 4-20-56           
N2595 082741.9 +212846 13.0  8   3.2   2.4  45  23725 UGC 4422              
N2596 082726.6 +171704 14.2  8   1.5   0.6  65  23714 UGC 4419              
N2597 082957.4 +213009       1   0.0   0.0   0                              
N2598 083002.5 +212918 14.9  8   1.3   0.6   3  23855 UGC 4443              
N2599 083211.2 +223339 13.1  8   1.9   1.7 105  23941 UGC 4458              
N2600 083444.8 +524255 15.0  8   1.2   0.4  78  24082 UGC 4475              
N2601 082530.4 -680704 13.4  8   1.6   1.1 120  23637 ESO 60-5              
N2602 083431.1 +525025 16.2  8   0.3   0.3   0                              
N2603 083453.2 +524815 16.0  8   0.4   0.2  30                              
N2604 083322.9 +293219 13.3  8   1.7   1.7   0  23998 NGC 2604A             
N2604A083322.9 +293219 13.3  8   1.7   1.7   0  23998 NGC 2604              
N2604B083335.7 +292958 15.5  8   0.9   0.6  45  24004 MCG 5-20-23           
N2605 083504.3 +524956 15.7  8   0.3   0.2  35  24099 MCG 9-14-69           
N2606 083534.4 +524719 15.1  8   0.7   0.3  45  24117 MCG 9-14-72           
N2607 083356.6 +265823 14.7  8   0.9   0.8  57  24038 UGC 4473              
N2608 083517.2 +282824 13.0  8   1.9   1.2  60  24111 UGC 4484              
N2609 082929.7 -610637       3   6.0   0.0   0        ESO 124-SC17          
N2610 083323.4 -160855 13.6  6   0.7   0.0   0        PK 239+13.1           
N2611 083529.1 +250140 15.3  8   0.7   0.2  42  24121 ZWG 119.127           
N2612 083350.1 -131027 13.7  8   2.8   0.6 120  24028 MCG -2-22-20          
N2613 083322.8 -225822 11.2  8   6.5   1.4 113  23997 ESO 495-18            
N2614 084247.6 +725836 13.7  8   2.0   1.6 150  24473 UGC 4523              
N2615 083433.1 -023250 13.4  8   1.9   1.1  40  24071 UGC 4481              
N2616 083534.0 -015103 13.7  8   1.1   0.9 163  24129 UGC 4489              
N2617 083538.9 -040516 14.7  8   1.1   0.8 117  24136 MCG -1-22-27          
N2618 083553.5 +004228 13.5  8   2.5   2.0 140  24156 UGC 4492              
N2619 083732.6 +284218 13.4  8   1.8   1.1  35  24235 UGC 4503              
N2620 083728.3 +245649 14.6  8   2.0   0.5  93  24233 UGC 4501              
N2621 083736.9 +250001 15.7  8   0.8   0.4 171  24241 MCG 4-21-3            
N2622 083810.9 +245343 14.9  8   0.8   0.4  45  24269 MCG 4-21-8            
N2623 083824.1 +254517 14.0  8   2.4   0.7  60  24288 UGC 4509              
N2624 083809.6 +194334 14.7  8   0.6   0.5  15  24264 UGC 4506              
N2625 083823.1 +194258 15.3  8   0.7   0.6  45  24285 MK 625                
N2626 083531.0 -404020       5   5.0   5.0   0        ESO 313-N*4           
N2627 083714.9 -295701       3   9.0   0.0   0        OCL 714               
N2628 084022.6 +233223 14.0  8   1.1   1.1   0  24381 UGC 4519              
N2629 084715.2 +725908 13.3  8   1.5   1.3 105  24682 UGC 4569              
N2630 084627.7 +730003       0   0.0   0.0   0                              
N2631 084627.7 +730003       0   0.0   0.0   0                              
N2632 083957.2 +194021       3  70.0   0.0   0                        M  44 Praesepe, Beehive Cluster        
N2633 084804.6 +740557 12.8  8   2.3   1.5 175  24723 UGC 4574              
N2634 084825.5 +735802 12.8  8   1.7   1.6  51  24749 UGC 4581              
N2634A084838.1 +735619 14.3  8   1.8   0.4  73  24760 UGC 4585              
N2635 083825.9 -344618       3   3.0   0.0   0        OCL 728               
N2636 084824.4 +734018 14.7  8   0.4   0.4   0  24747 UGC 4583              
N2637 084118.0 +193334       0   0.0   0.0   0                              
N2638 084225.8 +371315 13.7  8   1.7   0.6  72  24453 UGC 4534              
N2639 084337.8 +501222 12.6  8   1.8   1.1 140  24506 UGC 4544              
N2640 083724.7 -550725 12.7  8   2.2   1.9 104  24229 ESO 165-2             
N2641 084757.4 +725347 15.0  8   1.3   1.1   5  24722 UGC 4577              
N2642 084044.4 -040720 13.4  8   2.0   1.8  90  24395 MCG -1-22-33          
N2643 084209.0 +193120       0   0.0   0.0   0                              
N2644 084132.0 +045851 13.4  8   2.1   0.8  14  24425 UGC 4533              
N2645 083903.1 -461338       3   3.0   0.0   0        OCL 754               
N2646 085021.8 +732746 13.2  8   1.3   1.3   0  24838 UGC 4604              
N2647 084243.0 +193904 15.1  8   0.8   0.5  18  24463 ZWG 89.68             
N2648 084239.8 +141706 12.9  8   3.2   1.1 148  24464 UGC 4541              
N2649 084408.1 +344303 13.1  8   1.5   1.4  90  24531 UGC 4555              
N2650 084958.3 +701758 14.1  8   1.6   1.2  55  24817 UGC 4603              
N2651 084355.1 +114616 15.4  8   0.6   0.5 114  24521 ZWG 61.1              
N2652 084313.6 -033645       0   0.0   0.0   0                              
N2653 085455.5 +782339       1   0.0   0.0   0                              
N2654 084912.0 +601315 12.7  8   4.2   0.8  63  24784 UGC 4605              
N2655 085537.7 +781325 11.0  8   4.9   4.1  85  25069 UGC 4637              
N2656 084753.1 +535234 14.9  8   1.0   1.0   0  24707 MCG 9-15-25           
N2657 084515.8 +093845 13.8  8   1.0   0.9 153  24595 UGC 4573              
N2658 084327.3 -323922       3  10.0   0.0   0        OCL 723               
N2659 084233.0 -450002       3  15.0   0.0   0        OCL 752               
N2660 084238.0 -471202       3   3.0   0.0   0        OCL 759               
N2661 084559.5 +123711 13.7  8   1.4   1.3  60  24632 UGC 4584              
N2662 084532.0 -150716 13.8  8   1.2   1.1   0  24612 MCG -2-23-2           
N2663 084508.3 -334742 11.9  8   3.5   2.4 110  24590 ESO 371-14            
N2664 084710.4 +123613       3   5.0   0.0   0                              
N2665 084600.8 -191812 13.5  8   2.0   1.5 144  24634 ESO 563-19            
N2666 084947.3 +444216       3   0.0   0.0   0                              
N2667 084827.2 +190111 14.9  8   0.8   0.3  78  24741 NGC 2667A             
N2667A084827.2 +190111 14.9  8   0.8   0.3  78  24741 NGC 2667              
N2667B084830.2 +190237 15.5  8   0.8   0.2  45  24755 IC 2411               
N2668 084922.5 +364239 14.9  8   1.5   0.9 155  24791 UGC 4616              
N2669 084622.6 -525651       3  14.0   0.0   0        OCL 768               
N2670 084529.5 -484730       3   7.0   0.0   0        OCL 764               
N2671 084612.0 -415238       3   5.0   0.0   0        OCL 745               
N2672 084921.8 +190428 12.6  8   3.0   2.8 117  24790 UGC 4619              
N2673 084924.1 +190429 14.0  8   1.2   1.2   0  24792 UGC 4620              
N2674 084913.2 -141737 15.8  8   0.6   0.3  65  24785 NPM1G -14.0280        
N2675 085205.0 +533702 14.2  8   1.5   1.1  80  24909 UGC 4629              
N2676 085135.6 +473330 14.4  8   1.2   1.2   0  24881 UGC 4627              
N2677 085001.3 +190037 15.5  8   0.6   0.3 171  24821 MCG 3-23-12           
N2678 085002.7 +112019       3  10.0   2.5   0                              
N2679 085132.9 +305154 14.1  8   1.6   1.3   3  24884 UGC 4632              
N2680 085133.6 +305157 15.5  8   0.2   0.2   0        UGC 4632              
N2681 085332.5 +511847 11.1  8   3.6   3.3  36  24961 UGC 4645              
N2682 085124.0 +114900       3  25.0   0.0   0                        M  67 
N2683 085241.3 +332512 10.5  8   9.3   2.1  44  24930 UGC 4641              
N2684 085453.8 +490937 13.8  8   0.9   0.7  27  25024 UGC 4662              
N2685 085534.9 +584405 12.1  8   4.6   2.5  38  25065 UGC 4666              Helix Galaxy           
N2686 085458.8 +490833 16.2  8   0.5   0.3  54  25026 NGC 2686A             Spindle
N2686 085500.5 +490832 17.2  8   0.3   0.2  39  25025 NGC 2686B             
N2686A085458.8 +490833 16.2  8   0.5   0.3  54  25026 NGC 2686-1            
N2686B085500.5 +490832 17.2  8   0.3   0.2  39  25025 NGC 2686-2            
N2687 085505.1 +490922 17.9  8   0.2   0.1  39  25031 NGC 2687A             
N2687 085505.8 +490922 16.5  8   0.3   0.2  27  25030 NGC 2687B             
N2687A085505.1 +490922 17.9  8   0.2   0.1  39  25031 NGC 2687-1            
N2687B085505.8 +490922 16.5  8   0.3   0.2  27  25030 NGC 2687-2            
N2688 085511.4 +490721 16.8  8   0.3   0.2  96  25048 MCG 8-16-40           
N2689 085525.3 +490655 17.3  8   0.3   0.2 102                              
N2690 085238.0 -023613 14.1  8   1.9   0.5  19  24926 UGC 4647              
N2691 085446.3 +393221 13.9  8   0.9   0.5 165  25020 UGC 4664              
N2692 085657.8 +520357 14.1  8   1.3   0.5 165  25142 UGC 4675              
N2693 085659.4 +512052 12.7  8   2.6   1.8 160  25144 UGC 4674              
N2694 085659.2 +511957 15.7  8   1.2   1.2   0  25143 MCG 9-15-56           
N2695 085427.0 -030401 12.9  8   1.7   1.2 175  25003 MCG 0-23-10           
N2696 085042.0 -050034 14.3  8   1.3   1.3   0  24851 MCG -1-23-4           
N2697 085459.3 -025916 13.5  8   1.8   1.1 129  25029 MCG 0-23-11           
N2698 085536.4 -031103 13.5  8   1.5   0.5  96  25067 MCG 0-23-12           
N2699 085548.8 -030738 13.6  8   1.1   1.0  45  25075 MCG 0-23-14           
N2700 085550.6 -030658       1   0.0   0.0   0                              
N2701 085905.5 +534614 12.7  8   2.2   1.6  23  25237 UGC 4695              
N2702 085554.6 -030353       1   0.0   0.0   0                              
N2703 085547.1 -031823       1   0.0   0.0   0                              
N2704 085647.7 +392257 14.3  8   1.0   1.0   0  25134 IC 2424               
N2705 085600.0 -030051       1   0.0   0.0   0                              
N2706 085612.3 -023348 13.8  8   1.8   0.6 167  25102 UGC 4680              
N2707 085605.6 -030357       1   0.0   0.0   0                              
N2708 085607.9 -032138 12.8  8   2.7   1.4  25  25097 NGC 2727              
N2709 085612.8 -031433 14.7  8   0.8   0.6  81  25103 MCG 0-23-16           
N2710 085948.4 +554221 13.7  8   2.0   1.0 125  25258 UGC 4705              
N2711 085723.5 +171717 14.6  8   0.9   0.6 170  25164 UGC 4688              
N2712 085930.6 +445450 12.7  8   2.8   1.5 178  25248 UGC 4708              
N2713 085720.6 +025517 12.7  8   3.6   1.5 107  25161 UGC 4691              
N2714 085329.8 -591303 14.0  8   1.1   1.1   0  24959 ESO 125-7             
N2715 090805.9 +780509 11.8  8   4.8   1.6  22  25676 UGC 4759              
N2716 085735.8 +030525 13.1  8   1.3   1.0  30  25172 UGC 4692              
N2717 085701.1 -244026 13.3  8   2.1   1.5  11  25146 ESO 496-21            
N2718 085850.3 +061738 13.0  8   2.1   2.1   0  25225 UGC 4707              
N2719 090015.6 +354340 13.9  8   1.1   0.3 133  25281 UGC 4718              
N2719A090015.9 +354314 14.5  8   0.4   0.3 135  25284 MCG 6-20-18           
N2720 085908.0 +110859 14.0  8   1.1   1.1   0  25238 UGC 4710              
N2721 085856.5 -045405 13.0  8   2.4   1.6 153  25231 MCG -1-23-15          
N2722 085846.1 -034235 13.5  8   2.0   1.3  64  25221 NGC 2733              
N2723 090014.3 +031042 14.2  8   0.8   0.8   0  25280 UGC 4723              
N2724 090101.8 +354545 14.4  8   1.8   1.6   2  25331 UGC 4726              
N2725 090103.2 +110551 14.3  8   0.7   0.6  54  25332 UGC 4732              
N2726 090456.8 +595600 13.3  8   1.6   0.5  87  25498 UGC 4750              
N2727 085607.9 -032138 12.8  8   2.7   1.4  25  25097 NGC 2708              
N2728 090140.9 +110501 14.6  8   1.1   0.8  60  25360 UGC 4738              
N2729 090128.6 +034316 13.9  8   0.8   0.5   6  25352 UGC 4737              
N2730 090215.8 +165018 13.6  8   1.7   1.3  80  25384 UGC 4743              
N2731 090208.2 +081802 14.4  8   0.8   0.5  70  25376 UGC 4741              
N2732 091325.0 +791116 12.9  8   2.1   0.9  67  25999 UGC 4818              
N2733 085846.1 -034235 13.5  8   2.0   1.3  64  25221 NGC 2722              
N2734 090301.5 +165151 16.5  8   0.6   0.5  84  25413 NPM1G +17.0238        
N2735 090238.5 +255605 14.1  8   1.2   0.4  94  25399 UGC 4744              
N2735A090241.8 +255620 15.9  8   0.4   0.2   0  25402 MCG 4-22-3            
N2736 090017.0 -455653       5  20.0   2.0   0        ESO 260-N14           Herschel's Ray           
N2737 090359.6 +215423 14.9  8   0.9   0.4  61  25453 UGC 4751              
N2738 090400.5 +215806 13.9  8   1.4   0.6  55  25454 UGC 4752              
N2739 090602.7 +514440 15.5  8   0.9   0.2  96  25530 MCG 9-15-85           
N2740 090605.0 +514408 15.0  8   1.0   0.9  45  25531 MCG 9-15-86           
N2741 090316.5 +181538 16.0  8   0.4   0.2  80  25425 MK 1221               
N2742 090733.2 +602846 12.1  8   3.0   1.5  87  25640 NGC 2816              
N2742A090957.6 +621449 14.0  8   1.6   0.6  90  25836 UGC 4803              
N2743 090454.0 +250015 14.3  8   1.1   0.8 105  25496 UGC 4760              
N2744 090439.1 +182751 13.9  8   1.6   1.2 120  25480 UGC 4757              
N2744A090438.7 +182722 16.5  8   0.2   0.2   0        VV 612                
N2745 090439.3 +181528 15.3  8   0.4   0.2   0  25478 ZWG 90.64             
N2746 090559.5 +352238 14.1  8   1.6   1.5 123  25533 UGC 4770              
N2747 090518.3 +182634 15.3  8   0.4   0.2 170  25507 ZWG 90.70             
N2748 091343.0 +762833 12.3  8   3.1   1.1  38  26018 UGC 4825              
N2749 090521.3 +181849 12.7  8   1.7   1.4  69  25508 UGC 4763              
N2750 090548.0 +252615 12.7  8   2.2   1.9  81  25525 UGC 4769              
N2751 090532.4 +181543 15.1  8   0.8   0.7 141  25517 MCG 3-23-37           
N2752 090542.9 +182023 14.7  8   1.8   0.4  58  25523 UGC 4772              
N2753 090708.2 +252028 15.5  8   0.8   0.5  15  25603 MCG 4-22-15           
N2753 090708.5 +252039 15.0  8   0.3   0.3   0        MCG 4-22-15           
N2754 090511.2 -190505 15.3  8   0.8   0.5 163  25504 ESO 564-16            
N2755 090758.3 +414231 14.2  8   1.2   0.8 130  25670 UGC 4789              
N2756 090900.9 +535055 13.2  8   1.7   1.2   0  25757 UGC 4796              
N2757 090523.4 -190205       1   0.0   0.0   0        ESO 564-**18          
N2758 090531.1 -190234 14.0  8   1.9   0.5  19  25515 ESO 564-20            
N2759 090837.2 +373717 14.0  8   1.0   0.7  50  25718 UGC 4795              
N2760 091541.9 +762257       0   0.0   0.0   0                              
N2761 090730.7 +182606 15.2  8   0.6   0.4 165  25638 MCG 3-23-41           
N2762 090954.4 +502506 16.5  8   0.3   0.2  10  25828 MCG 8-17-45           
N2763 090649.0 -152957 12.7  8   2.3   2.0 120  25570 MCG -2-23-10          
N2764 090817.4 +212635 13.6  8   1.5   1.0  15  25690 UGC 4794              
N2765 090736.5 +032334 13.2  8   2.1   1.1 107  25646 UGC 4791              
N2766 090847.4 +295155 14.5  8   1.4   0.5 132  25735 UGC 4801              
N2767 091011.8 +502407 14.6  8   0.9   0.7 170  25852 UGC 4813              
N2768 091137.4 +600211 10.9  8   6.4   3.0  95  25915 UGC 4821              
N2769 091032.3 +502601 13.9  8   1.8   0.4 146  25870 UGC 4816              
N2770 090933.5 +330727 12.7  8   3.7   1.1 148  25806 UGC 4806              
N2770A090919.5 +330720 16.0  8   0.6   0.5   0  82318 MCG 6-20-36           
N2771 091039.7 +502245 13.7  8   2.3   1.9 137  25875 UGC 4817              
N2772 090741.8 -233710 14.2  8   1.5   0.5 170  25654 ESO 497-14            
N2773 090944.1 +071027 14.5  8   0.7   0.3  83  25825 UGC 4815              
N2774 091039.9 +184148 14.7  8   0.9   0.9   0  25879 MCG 3-24-4            
N2775 091020.1 +070214 11.2  8   4.3   3.3 155  25861 UGC 4820              
N2776 091214.5 +445717 12.1  8   2.8   2.5   0  25946 UGC 4838              
N2777 091041.8 +071226 13.9  8   0.7   0.6 165  25876 UGC 4823              
N2778 091224.5 +350140 13.3  8   1.4   1.0  40  25955 UGC 4840              
N2779 091228.3 +350314 15.9  8   0.7   0.6 161  25958 MCG 6-20-44           
N2780 091244.3 +345532 14.3  8   0.9   0.7 150  25967 UGC 4843              
N2781 091127.5 -144902 12.5  8   3.0   1.5  79  25907 MCG -2-24-2           
N2782 091405.0 +400649 12.3  8   3.7   2.4  74  26034 UGC 4862              
N2783 091339.4 +295935 13.2  8   2.2   1.5 168  26013 NGC 2783A             
N2783A091339.4 +295935 13.2  8   2.2   1.5 168  26013 NGC 2783              
N2783B091332.8 +295959 15.1  8   1.6   0.2  77  26012 UGC 4856              
N2784 091219.4 -241021 11.3  8   5.5   2.2  73  25950 ESO 497-23            
N2785 091515.2 +405505 14.8  8   1.5   0.5 120  26100 UGC 4876              
N2786 091335.5 +122626 13.7  8   0.9   0.6  77  26008 UGC 4861              
N2787 091918.4 +691213 11.8  8   3.1   1.8 111  26341 UGC 4914              
N2788 090903.3 -675557 13.3  8   1.8   0.4 114  25761 ESO 61-2              
N2788A090240.0 -681336 13.9  8   2.9   0.4  55  25400 ESO 60-24             
N2788B090335.0 -675759 14.5  8   1.5   0.4 165  25443 ESO 60-25             
N2789 091459.7 +294349 13.5  8   1.5   1.3  20  26089 UGC 4875              
N2790 091502.7 +194151 15.2  8   0.6   0.4  51  26092 MCG 3-24-16           
N2791 091501.9 +173534 15.5  8   0.8   0.3 156  26088 ZWG 91.33             
N2792 091226.5 -422539 13.5  6   0.3   0.0   0        PK 265+4.1            
N2793 091646.6 +342556 13.6  8   1.2   1.0  63  26189 UGC 4894              
N2794 091601.7 +173522 14.0  8   1.2   1.2   0  26140 UGC 4885              
N2795 091603.7 +173742 13.9  8   1.4   1.0 170  26143 UGC 4887              
N2796 091641.8 +305458 14.4  8   1.1   0.7  80  26178 UGC 4893              
N2797 091621.7 +174338 14.5  8   0.6   0.5  21  26160 UGC 4891              
N2798 091722.9 +420000 13.0  8   2.8   0.9 160  26232 UGC 4905              
N2799 091731.0 +415938 14.3  8   1.9   0.5 125  26238 UGC 4909              
N2800 091835.1 +523053 13.8  8   1.4   0.9  15  26302 UGC 4920              
N2801 091644.2 +195607 15.1  8   1.1   1.0  62  26183 UGC 4899              
N2802 091641.4 +185750 15.1  8   1.1   0.6 132  26177 UGC 4897              
N2803 091643.8 +185716 15.1  8   1.1   0.9  45  26181 UGC 4898              
N2804 091649.9 +201154 13.8  8   1.4   1.2  60  26196 IC 2455               
N2805 092020.4 +640610 11.5  8   6.3   4.8 140  26410 UGC 4936              
N2806 091656.7 +200416       1   0.0   0.0   0                              
N2807 091700.7 +200210 15.8  8   0.6   0.4 150  26213 MCG 3-24-31           
N2807A091657.6 +200145 16.0  8   0.5   0.3  81  26212 MCG 3-24-30           
N2808 091202.6 -645145       4  14.0   0.0   0        GCL 13                
N2809 091706.9 +200409 13.9  8   1.3   1.2 171  26220 UGC 4910              
N2810 092204.5 +715038 13.2  8   1.7   1.7   0  26514 NGC 2810A             
N2810A092204.5 +715038 13.2  8   1.7   1.7   0  26514 NGC 2810              
N2810B092158.2 +715200 17.0  8   0.2   0.1  80                              
N2811 091611.2 -161845 12.3  8   2.5   0.9  22  26151 MCG -3-24-3           
N2812 091740.8 +195509 15.9  8   0.5   0.1 150  26242 ZWG 91.60             
N2813 091745.4 +195425 15.3  8   1.3   1.1 145  26252 UGC 4916              
N2814 092111.5 +641507 14.3  8   1.1   0.3 179  26469 UGC 4952              
N2815 091619.5 -233802 12.8  8   3.5   1.1  10  26157 ESO 497-32            
N2816 090733.2 +602846 12.1  8   3.0   1.5  87  25640 NGC 2742              
N2817 091710.6 -044510 13.7  8   2.0   1.7   5  26223 MCG -1-24-6           
N2818 091601.4 -363734 13.0  6   1.6   0.0   0        PK 261+8.1            
N2819 091809.4 +161153 14.0  8   1.4   1.3  60  26274 UGC 4924              
N2820 092146.0 +641531 13.2  8   4.1   0.4  62  26498 UGC 4961              
N2820A092130.2 +641418 15.4  8   0.5   0.2  21  26485 IC 2458               
N2821 091647.8 -264900 13.9  8   2.0   0.5 100  26192 ESO 497-34            
N2822 091349.8 -693839 11.6  8   3.3   2.2  90  26026 ESO 61-4              
N2823 091917.4 +340030 15.5  8   0.9   0.5  30  26340 UGC 4935              
N2824 091902.3 +261613 14.2  8   0.9   0.6 160  26330 UGC 4933              
N2825 091922.4 +334435 15.3  8   0.9   0.4  88  26345 MCG 6-21-10           
N2826 091924.1 +333725 14.6  8   1.6   0.3 143  26346 UGC 4939              
N2827 091918.9 +335251 15.6  8   0.8   0.3   6  26342 IC 2460               
N2828 091934.8 +335319 15.5  8   0.4   0.2  48  26365 ZWG 181.21            
N2829 091930.7 +333853 17.0  8   0.3   0.2   9  26356                       
N2830 091941.2 +334417 14.8  8   1.2   0.3 112  26371 UGC 4941              
N2831 091945.6 +334441 14.4  8   0.5   0.5   0  26376 UGC 4942              
N2832 091946.8 +334459 12.8  8   3.0   2.0 160  26377 UGC 4942              
N2833 091957.8 +335539 15.6  8   0.9   0.3 168  26389 ZWG 181.27            
N2834 092002.5 +334238 15.5  8   0.6   0.5  65  26400 MCG 6-21-21           
N2835 091752.6 -222119 11.0  8   6.6   4.4   8  26259 ESO 564-35            
N2836 091345.3 -691959 12.6  8   2.7   2.0 112  26017 ESO 61-3              
N2837 091823.4 -162853       1   0.0   0.0   0                              
N2838 092043.0 +391859 14.8  8   0.9   0.9   0  26434 MCG 7-19-61           
N2839 092036.3 +333904 15.2  8   0.9   0.9   0  26425 MCG 6-21-23           
N2840 092052.7 +352206 14.6  8   1.0   0.9 110  26445 UGC 4960              
N2841 092202.3 +505835 10.1  8   8.1   3.5 147  26512 UGC 4966              
N2842 091536.4 -630410 13.4  8   1.6   1.3 120  26114 ESO 91-4              
N2843 092028.7 +185534 16.5  8   0.4   0.2  57  26414                       
N2844 092148.0 +400907 13.7  8   1.7   0.8  13  26501 UGC 4971              
N2845 091836.9 -380035 13.2  8   2.3   1.2  70  26306 ESO 314-10            
N2846 091940.4 -144032       1   0.0   0.0   0                              
N2847 092008.6 -163102       8   0.0   0.0   0                              
N2848 092009.8 -163132 12.5  8   2.5   1.5  40  26404 MCG -3-24-7           
N2849 091922.8 -403113       3   3.0   0.0   0        OCL 756               
N2850 092056.9 -045622 15.2  8   0.9   0.7  30  26452 NPM1G -04.0292        
N2851 092030.3 -162943 14.4  8   1.3   0.5   5  26422 MCG -3-24-8           
N2852 092314.5 +400952 14.2  8   1.0   0.6 165  26571 UGC 4986              
N2853 092317.4 +401201 14.3  8   1.0   0.6  25  26580 UGC 4987              
N2854 092402.9 +491214 13.8  8   1.6   0.6  50  26631 UGC 4995              
N2855 092127.5 -115437 12.6  8   2.5   2.2 132  26483 MCG -2-24-15          
