 1006 CET 02 37 34.8 -11 01 33 8 Sc   13.6   0.90   0.8         9949                    
 1007 CET 02 37 52.2 +02 09 18 8 SBR  16.8   0.60   0.2  48     9967                    
 1008 CET 02 37 55.2 +02 04 47 8 E    14.9   0.80   0.6  85     9970   2114             
 1009 CET 02 38 18.9 +02 18 34 8 Sb   15.3   1.40   0.2 124     9995   2129             
 1010 CET 02 37 34.8 -11 01 33 8 Sc   13.6   0.90   0.8         9949                    
 1011 CET 02 37 38.8 -11 00 20 8 Sa   14.1   0.60   0.6         9955                    
 1012 ARI 02 39 14.7 +30 09 03 8 S0-a 13.1   2.50   1.1  24     10051  2141             
 1013 CET 02 37 50.4 -11 30 26 8 S0-a 14.2   0.80   0.6  75     9966                    
 1014 CET 02 38 00.8 -09 34 21 0 *2                                                     
 1015 CET 02 38 11.6 -01 19 08 8 SBa  13.1   2.60   2.6         9988   2124             
 1016 CET 02 38 19.6 +02 07 07 8 E    12.6   2.30   2.3         9997   2128             
 1017 CET 02 37 49.9 -11 00 40 8 Irr  14.9   0.70   0.6  50     9964                    
 1018 CET 02 38 10.3 -09 32 41 8 SB0- 15.7   1.00   0.6   5     9986                    
 1019 CET 02 38 27.4 +01 54 27 8 SBbc 14.4   1.00   0.9  40     10006  2132             
 1020 CET 02 38 44.3 +02 13 50 8 S0   15.2   0.80   0.2  20     10018                   
 1021 CET 02 38 47.9 +02 13 00 8 Sbc  15.1   0.70   0.5 160     10027                   
 1022 CET 02 38 32.5 -06 40 41 8 SBa  12.1   2.60   2.5         10010                   
 1023 PER 02 40 24.1 +39 03 46 8 E-S0 10.5   8.10   3.4  87     10123  2154             
 1024 ARI 02 39 11.8 +10 50 50 8 Sa-b 13.1   3.90   1.5 155     10048  2142             
 1025 HOR 02 36 19.9 -54 51 51 8 SBb  13.9   0.90   0.5   6     9891                    
 1026 CET 02 39 19.2 +06 32 38 8 S0   13.7   2.00   1.8         10055  2145             
 1027 CAS 02 42 35.0 +61 35 40 3 III2  6.7  20.00                             
 1028 ARI 02 39 37.1 +10 50 34 8 SBc  15.3   0.90   0.3  15     10068                   
 1029 ARI 02 39 36.4 +10 47 34 8 S0-a 14.1   1.40   0.4  70     10078  2149             
 1030 ARI 02 39 50.5 +18 01 24 8 Sbc  14.3   1.60   0.7   8     10088  2153             
 1031 HOR 02 36 38.6 -54 51 34 8 SBa  13.4   1.90   1.1  23     9907                    
 1032 CET 02 39 23.6 +01 05 36 8 S0-a 12.7   3.40   1.1  68     10060  2147             
 1033 CET 02 40 16.1 -08 46 37 8 Sc   14.0   1.20   1.0         10108                   
 1034 CET 02 38 13.9 -15 48 35 8 Irr  14.4   0.80   0.7 131     9991                    
 1035 CET 02 39 29.0 -08 07 59 8 Sc   12.9   2.20   0.6 143     10065                   
 1036 ARI 02 40 29.0 +19 17 47 8 P    13.7   1.50   1.1   5     10127  2160             
 1038 CET 02 40 06.3 +01 30 32 8 S0-a 14.4   1.20   0.4  61     10096  2158             
 1039 PER 02 42 05.0 +42 45 42 3 II3m  5.2  35.00            34                       
 1040 PER 02 43 12.5 +41 29 59 8 S0   13.9   1.70   0.8  40     10298  2187              
 1041 CET 02 40 25.2 -05 26 26 8 E-S0 13.8   1.70   1.3  75     10125                   
 1042 CET 02 40 23.9 -08 26 05 8 SBc  11.5   4.90   4.0  15     10122                   
 1043 CET 02 40 46.5 +01 20 33 8 Sb   15.8   0.90   0.2 110     10155                   
 1044 CET 02 41 06.1 +08 44 17 8 E-S0 14.4   0.50   0.5         10174                   
 1045 CET 02 40 29.1 -11 16 42 8 E-S0 12.9   2.30   1.2  55     10129                   
 1046 CET 02 41 12.8 +08 43 10 8 E-S0 14.7   0.40   0.4         10185                   
 1047 CET 02 40 32.8 -08 08 52 8 S0-a 13.8   1.30   0.6  88     10132                   
 1048 CET 02 40 37.9 -08 32 03 8 SB0- 15.5   1.00   0.3  98     10140                   
 1049 FOR 02 39 48.1 -34 15 32 4 GCL  12.6   1.20   1.2                                 
 1050 PER 02 42 35.6 +34 45 49 8 SBa  13.5   1.40   1.1 110     10257  2178             
 1051 CET 02 41 02.2 -06 56 10 8 Sm   13.4   1.90   1.4  49     10172                   
 1052 CET 02 41 04.6 -08 15 19 8 E    11.4   2.80   2.0 120     10175                   
 1053 PER 02 43 12.5 +41 29 59 8 S0   13.9   1.70   0.8  40     10298  2187             
 1054 ARI 02 42 15.8 +18 13 01 8 Sbc  14.7   0.90   0.5  20     10242                   
 1055 CET 02 41 45.3 +00 26 32 8 SBb  11.4   7.60   3.0 105     10208  2173             
 1056 ARI 02 42 48.4 +28 34 26 8 Sa   13.4   2.40   1.1 160     10272  2183             
 1057 TRI 02 43 02.8 +32 29 28 8 S0   15.9   1.20   0.8 115     10287  2184             
 1058 PER 02 43 29.9 +37 20 27 8 Sc   11.9   3.20   3.1         10314  2193             
 1059 ARI 02 42 35.5 +17 59 44 0 *2                                                     
 1060 TRI 02 43 15.0 +32 25 27 8 E-S0 13.0   2.30   1.7  75     10302  2191             
 1061 TRI 02 43 15.8 +32 28 00 8 Sd   15.1   0.90   0.6  25     10303                   
 1062 TRI 02 43 24.8 +32 27 42 0 *                                                      
 1063 CET 02 42 09.9 -05 34 08 8 SBbc 14.2   1.40   0.5 105     10232                   
 1064 CET 02 42 23.3 -09 21 48 8 Sc   14.5   1.10   1.0  30     10249                   
 1065 CET 02 42 06.2 -15 05 32 8 E-S0 14.7   0.80   0.7 170     10228                   
 1066 TRI 02 43 49.9 +32 28 30 8 E    14.8   1.70   1.6         10338  2203             
 1067 TRI 02 43 50.6 +32 30 40 8 Sc   14.5   1.10   1.0         10339  2204             
 1068 CET 02 42 40.8 -00 00 48 8 Sb/P  9.7   7.30   6.3  70  77 10266  2188  Cetus A           
 1069 CET 02 42 59.9 -08 17 22 8 Sc   14.5   1.40   0.9 145     10285                   
 1070 CET 02 43 22.0 +04 58 05 8 Sb   12.8   2.30   1.9 175     10309  2200             
 1071 CET 02 43 07.8 -08 46 29 8 Sa   15.3   1.20   0.5 160     10290                   
 1072 CET 02 43 31.3 +00 18 23 8 SBab 14.2   1.50   0.5  11     10315  2208             
 1073 CET 02 43 40.3 +01 22 32 8 SBc  11.5   4.90   4.3  15     10329  2210             
 1074 CET 02 43 36.0 -16 17 51 8 Sab  14.5   2.00   1.3 167     10324                   
 1075 CET 02 43 33.5 -16 12 06 8 SB0- 15.5   0.80   0.6 132     10320                   
 1076 CET 02 43 29.1 -14 45 20 8 S0-a 13.1   2.00   1.1  99     10313                   
 1077 PER 02 46 00.6 +40 05 22 8 Sb   14.5   1.10   0.8 165     10468  2230             
 1078 CET 02 44 08.0 -09 27 09 8 E-S0 14.7   0.90   0.8 105     10362                   
 1079 FOR 02 43 44.5 -29 00 12 8 SB0- 12.4   4.70   3.2  87     10330                   
 1080 CET 02 45 10.1 -04 42 41 8 SBc  14.1   1.10   0.8 170     10416                   
 1081 ERI 02 45 05.4 -15 35 17 8 Sb   13.5   1.60   0.6  22     10411                   
 1082 ERI 02 45 41.2 -08 10 50 8 S0   14.4   0.90   0.7  90     10447                   
 1083 ERI 02 45 40.7 -15 21 28 8 Sb   14.6   1.60   0.3  17     10445                   
 1084 ERI 02 45 59.8 -07 34 42 8 Sc   11.3   3.50   2.1  34     10464                   
 1085 CET 02 46 25.2 +03 36 26 8 Sbc  13.2   2.40   1.7  15     10498  2241             
 1086 PER 02 47 56.2 +41 14 46 8 Sc   13.6   1.50   1.0  35     10587  2258             
 1087 CET 02 46 25.2 -00 29 59 8 SBc  11.5   3.90   2.3   5     10496  2245             
 1088 ARI 02 47 03.9 +16 11 59 8 S0-a 14.5   1.00   0.6 105     10536  2253             
 1089 ERI 02 46 10.0 -15 04 27 8 E    14.6   0.90   0.8  15     10481                   
 1090 CET 02 46 34.0 -00 14 54 8 SBbc 12.6   3.90   1.8 102     10507  2247             
 1091 ERI 02 45 22.3 -17 32 02 8 SBa  15.2   0.90   0.6  77     10424                   
 1092 ERI 02 45 29.5 -17 32 35 8 E    15.5   0.90   0.8 170     10432                   
 1093 TRI 02 48 16.1 +34 25 10 8 Sab  14.1   1.80   1.1 100     10606  2274             
 1094 CET 02 47 27.8 -00 17 09 8 SBab 13.5   1.30   1.0  85     10559  2262             
 1095 CET 02 47 37.7 +04 38 15 8 SBc  14.1   1.30   0.8  45     10566  2264             
 1096 HOR 02 43 49.3 -59 54 52 8 SBbc 13.6   1.90   1.8         10336                   
 1097 FOR 02 46 19.5 -30 16 34 8 SBb  10.3   9.40   6.6 130     10488                   
 1098 ERI 02 44 53.6 -17 39 36 8 E-S0 13.7   1.70   1.3 102     10403                   
 1099 ERI 02 45 17.8 -17 42 33 8 SBb  14.1   1.90   0.6  10     10422                   
 1100 ERI 02 45 35.9 -17 41 21 8 SBa  14.0   1.70   0.8  58     10438                   
 1101 CET 02 48 14.7 +04 34 41 8 S0   14.0   1.30   1.0  90     10613  2278             
 1102 ERI 02 47 12.8 -22 12 34 8 SBb  15.3   0.80   0.6  90     10545                   
 1103 ERI 02 48 06.0 -13 57 36 8 SBb  13.6   2.20   0.6  40     10597                   
 1104 CET 02 48 38.7 -00 16 19 8 SB0- 14.5   1.20   0.9  70     10634  2287             
 1105 ERI 02 52 17.9 -15 42 36 8 S0-a 14.7   0.70   0.5  98     10867                   
 1106 PER 02 50 40.5 +41 40 18 8 S0   13.5   1.80   1.8         10792  2322             
 1107 CET 02 49 19.5 +08 05 34 8 S0   13.5   1.80   1.5 140     10683  2307             
 1108 ERI 02 48 38.5 -07 57 04 8 E-S0 14.1   0.80   0.4  85     10633                   
 1109 ARI 02 47 43.5 +13 15 18 8 E?   15.2   1.10   0.9         10573  2265             
 1110 ERI 02 49 09.4 -07 50 19 8 Sm   13.5   2.90   0.5  18     10673                   
 1111 ARI 02 48 39.3 +13 15 31 8 S    16.0   0.50   0.2   5                             
 1112 ARI 02 49 00.4 +13 13 23 8 SBc  14.6   1.20   0.9   3     10660  2293             
 1113 ARI 02 50 05.1 +13 19 39 0 *                                                      
 1114 ERI 02 49 07.0 -16 59 40 8 Sc   13.6   1.80   0.8   8     10669                   
 1115 ARI 02 50 25.4 +13 15 59 8 S?   15.7   0.70   0.2  10     10774                   
 1116 ARI 02 50 35.8 +13 20 04 8 Sa-b 15.3   1.40   0.3  27     10781  2326             
 1117 ARI 02 51 13.2 +13 11 07 8 S    15.3   0.40   0.4         10821  2337             
 1118 ERI 02 49 58.7 -12 09 52 8 S0   13.5   2.20   0.7  90     10748                   
 1119 ERI 02 48 17.0 -17 59 19 8 SB0  14.8   0.50   0.4         10607                   
 1120 ERI 02 49 04.0 -14 28 15 8 E-S0 14.0   1.30   0.8  40     10664                   
 1121 ERI 02 50 39.1 -01 44 05 8 S0   13.9   0.90   0.4  10     10789  2332             
 1122 PER 02 52 51.2 +42 12 17 8 SBb  13.0   1.80   1.3  40     10890  2353             
 1123 PER 02 52 51.2 +42 12 17 8 SBb  13.0   1.80   1.3  40     10890  2353             
 1124 FOR 02 51 36.0 -25 42 07 8 S0-a 14.9   1.00   0.8         10838                   
 1125 ERI 02 51 40.3 -16 39 05 8 SB0- 13.4   1.80   0.9  50     10851                   
 1126 ERI 02 52 18.7 -01 17 49 8 Sb   15.5   0.80   0.2 135     10868                   
 1127 ARI 02 52 51.8 +13 15 23 8 SBab 15.5   0.80   0.8         10889  2356             
 1128 CET 02 57 41.5 +06 01 34 8 E    15.5   0.50   0.5         11189                   
 1129 PER 02 54 27.3 +41 34 45 8 E  M 12.9   4.00   3.1  90     10959  2373             
 1130 PER 02 54 24.5 +41 36 20 8 C    15.6   0.40   0.4         10951                   
 1131 PER 02 54 34.0 +41 33 31 8 E    15.6   0.40   0.4         10964                   
 1132 ERI 02 52 51.8 -01 16 30 8 E    13.3   2.50   1.3 140     10891  2359             
 1133 ERI 02 52 42.2 -08 48 18 8 Sa   14.6   0.90   0.6 175     10885                   
 1134 ARI 02 53 41.1 +13 00 51 8 Sb   13.1   2.50   0.9 148     10928  2365             
 1135 HOR 02 50 47.2 -54 55 48 8 Scd  16.2   0.70   0.3  60     10800                   
 1136 HOR 02 50 53.6 -54 58 36 8 SBa  13.8   1.40   1.2  80     10807                   
 1137 CET 02 54 02.7 +02 57 41 8 Sb   13.3   2.20   1.3  20     10942  2374             
 1138 PER 02 56 36.3 +43 02 48 8 SB0  14.0   1.10   0.9         11118  2408             
 1139 ERI 02 52 46.7 -14 31 46 8 SB0- 15.9   1.20   0.8  36     10888                   
 1140 ERI 02 54 33.5 -10 01 43 8 Sm   12.8   1.80   1.0   6     10966                   
 1141 CET 02 55 09.7 -00 10 43 8 E    14.1   0.90   0.7 110     11007  2388             
 1142 CET 02 55 12.2 -00 11 04 8 E    13.8   0.90   0.5 130     11012  2389             
 1143 CET 02 55 09.7 -00 10 43 8 E    14.1   0.90   0.7 110     11007  2388             
 1144 CET 02 55 12.2 -00 11 04 8 E    13.8   0.90   0.5 130     11012  2389             
 1145 ERI 02 54 33.4 -18 38 11 8 Sc   13.6   3.20   0.5  60     10965                   
 1146 PER 02 57 38.3 +46 25 49 0 *Grp                                                   
 1148 ERI 02 57 04.3 -07 41 10 8 Scd  13.5   1.40   0.8  80     11148                   
 1149 CET 02 57 23.8 -00 18 34 8 E-S0 15.2   0.60   0.5 130     11170                   
 1150 ERI 02 57 01.3 -15 02 57 8 S0   14.5   0.90   0.6  68     11144                   
 1151 ERI 02 57 04.6 -15 00 50 8 E    15.9   0.40   0.3  10     11147                   
 1152 ERI 02 57 33.6 -07 45 37 8 S0   15.5   0.90   0.6 170     11182                   
 1153 CET 02 58 10.2 +03 21 41 8 S0-a 13.4   1.30   1.3         11230  2439             
 1154 ERI 02 58 07.6 -10 21 51 8 Sc   14.3   1.00   0.8  85     11221                   
 1155 ERI 02 58 13.0 -10 21 03 8 S0   13.9   1.00   0.8 165     11233                   
 1156 ARI 02 59 42.1 +25 14 12 8 Irr  12.3   3.30   2.8  25     11329  2455             
 1157 ERI 02 58 06.6 -15 07 07 8 Sb   16.5   0.60   0.3 169     11218                   
 1158 ERI 02 57 11.4 -14 23 44 8 SB0  15.0   0.90   0.6 147     11157                   
 1159 PER 03 00 46.4 +43 09 44 8 S0   14.4   0.50   0.4         11383  2467             
 1160 PER 03 01 13.2 +44 57 18 8 SBc  13.5   1.90   0.9  50     11403  2475             
 1161 PER 03 01 14.1 +44 53 49 8 S0   12.1   2.80   2.0  23     11404  2474             
 1162 ERI 02 58 55.9 -12 23 56 8 E    13.5   1.40   1.4         11274                   
 1163 ERI 03 00 22.0 -17 09 12 8 SBbc 14.7   2.20   0.3 140     11359                   
 1164 PER 03 01 59.8 +42 35 06 8 SBab 14.4   1.30   1.1 145     11441  2490             
 1165 FOR 02 58 47.7 -32 06 00 8 SBa  13.7   2.50   0.9 115     11270                   
 1166 ARI 03 00 34.9 +11 50 32 8 Sa-b 15.0   1.20   1.1         11372  2471             
 1167 PER 03 01 42.3 +35 12 19 8 S0   13.4   2.80   2.4  70     11425  2487             
 1168 ARI 03 00 47.0 +11 46 18 8 Sb   15.1   1.10   0.6  18     11378  2476             
 1169 PER 03 03 34.8 +46 23 09 8 SBab 12.4   4.60   2.7  28     11521  2503             
 1171 PER 03 03 58.9 +43 23 50 8 Sc   13.4   2.70   1.1 147     11552  2510             
 1172 ERI 03 01 36.0 -14 50 14 8 E    12.7   2.30   1.7  25     11420                   
 1174 PER 03 05 30.9 +42 50 06 8 SBbc 12.5   3.20   1.2 122     11617  2521             
 1175 PER 03 04 32.3 +42 20 23 8 S0-a 13.8   1.90   0.7 153     11578  2515             
 1176 PER 03 04 34.8 +42 23 36 0 *                                                      
 1177 PER 03 04 37.2 +42 21 44 8 S    15.7   0.40   0.4         11581                   
 1178 PER 03 04 38.8 +42 18 48 0 *                                                      
 1179 ERI 03 02 38.5 -18 53 54 8 SBc  12.6   4.70   3.8  35     11480                   
 1180 ERI 03 01 51.0 -15 01 51 8 E-S0 15.8   0.60   0.5   5     11435                   
 1181 ERI 03 01 42.8 -15 03 12 8 Sb   16.4   0.80   0.2 100     11427                   
 1182 ERI 03 03 28.4 -09 40 16 8 Sa   15.6   0.90   0.4 115     11511                   
 1183 PER 03 04 46.1 +42 22 08 0 *                                                      
 1184 CEP 03 16 45.3 +80 47 33 8 S0-a 13.4   2.80   0.6 165     12174  2583             
 1185 ERI 03 02 59.2 -09 08 01 8 Sb   15.6   1.20   0.4  30     11488                   
 1186 PER 03 05 30.9 +42 50 06 8 SBbc 12.5   3.20   1.2 122     11617  2521             
 1187 ERI 03 02 37.6 -22 52 04 8 SBc  11.3   5.60   3.8 130     11479                   
 1188 ERI 03 03 43.4 -15 29 07 8 S0   14.5   1.00   0.5 170     11533                   
 1189 ERI 03 03 24.2 -15 37 25 8 SBcd 14.2   1.70   1.5         11503                   
 1190 ERI 03 03 26.0 -15 39 46 8 S0   15.0   0.90   0.3  95     11508                   
 1191 ERI 03 03 30.8 -15 41 10 8 E-S0 15.3   0.60   0.5  60     11514                   
 1192 ERI 03 03 34.6 -15 40 46 8 E    15.8   0.70   0.3 102     11519                   
 1193 PER 03 05 48.0 +44 23 00 3 II3m 12.6   1.50                             
 1194 CET 03 03 49.1 -01 06 14 8 S0-a 13.9   1.80   1.0 140     11537  2514             
 1195 ERI 03 03 32.7 -12 02 23 8 E-S0 14.2   0.50   0.5         11517                   
 1196 ERI 03 03 35.2 -12 04 35 8 S0   13.3   1.40   1.4         11522                   
 1198 PER 03 06 13.3 +41 50 54 8 E-S0 13.8   1.90   1.1 120     11648  2533             
 1199 ERI 03 03 38.4 -15 36 50 8 E    12.4   2.30   1.7  48     11527                   
 1200 ERI 03 03 54.5 -11 59 31 8 E-S0 13.5   2.90   1.5  85     11545                   
 1201 FOR 03 04 07.9 -26 04 10 8 E-S0 11.7   3.30   1.9   7     11559                   
 1202 ERI 03 05 02.4 -06 29 33 8 Sb   15.5   0.60   0.5 160     11593         
 1203 ERI 03 05 14.0 -14 22 53 8 E    14.8   0.70   0.6         11603                   
 1204 ERI 03 04 39.9 -12 20 32 8 S0-a 14.0   1.20   0.3  60     11583                   
 1205 ERI 03 03 28.4 -09 40 16 8 Sa   15.6   0.90   0.4 115     11511                   
 1206 ERI 03 06 09.7 -08 50 00 8 C    15.9   0.50   0.5         11644                   
 1207 PER 03 08 15.4 +38 22 54 8 Sb   13.5   2.30   1.6 123     11737  2548             
 1208 ERI 03 06 11.7 -09 32 29 8 S0-a 13.4   1.90   0.9  75     11647                   
 1209 ERI 03 06 02.9 -15 36 42 8 E    12.4   2.20   1.1  80     11638                   
 1210 FOR 03 06 45.3 -25 43 01 8 SB0  13.6   1.90   1.7         11666                   
 1211 CET 03 06 52.4 -00 47 41 8 SB0- 13.3   2.10   1.9  30     11670  2545             
 1212 PER 03 09 42.3 +40 53 33 8 S0-a 15.5   1.00   0.5  22     11815  2560             
 1213 PER 03 09 17.3 +38 38 55 8 Sd   15.3   1.80   1.4  60     11789  2557             
 1214 ERI 03 06 56.0 -09 32 41 8 S0-a 15.0   1.30   0.3  40     11675                   
 1215 ERI 03 07 09.6 -09 35 36 8 Sa   14.8   1.50   1.1  15     11687                   
 1216 ERI 03 07 18.5 -09 36 47 8 S0-a 16.0   0.80   0.2  65     11693                   
 1217 FOR 03 06 06.0 -39 02 11 8 Sa   13.3   1.80   1.3  50     11641                   
 1218 CET 03 08 26.1 +04 06 39 8 S0-a 14.3   1.30   1.0 155     11749  2555             
 1219 CET 03 08 28.1 +02 06 27 8 Sc   13.8   1.20   1.2         11752  2556             
 1220 PER 03 11 40.6 +53 20 53 3 II2p 11.8   1.60                             
 1221 ERI 03 08 15.6 -04 15 37 8 S0-a 15.0   1.20   0.4 165     11739                   
 1222 ERI 03 08 56.9 -02 57 22 8 E-S0 13.1   0.80   0.6 170     11774                   
 1223 ERI 03 08 19.9 -04 08 21 8 S    15.0   1.20   1.2         11742                   
 1224 PER 03 11 13.5 +41 21 46 8 E-S0 15.0   1.40   1.2         11886  2578             
 1225 ERI 03 08 47.3 -04 06 08 8 Sb   15.4   1.00   0.6 150     11766                   
 1226 PER 03 11 05.4 +35 23 09 8 E    14.0   2.10   1.9  95     11879  2575             
 1227 PER 03 11 07.8 +35 19 29 8 SB0- 15.3   1.00   0.9         11880  2577             
 1228 ERI 03 08 11.7 -22 55 23 8 SB0- 14.2   1.60   0.9  77     11735                   
 1229 ERI 03 08 10.8 -22 57 40 8 SB/P 14.9   1.40   0.9  15     11734                   
 1230 ERI 03 08 16.3 -22 59 04 8 S0   15.4   0.60   0.2 105     11743                   
 1231 ERI 03 06 29.3 -15 34 11 8 Sc   14.5   0.80   0.8         11658                   
 1232 ERI 03 09 45.3 -20 34 47 8 SBc  10.5   7.10   6.3 108     11819                   
 1233 PER 03 12 33.1 +39 19 07 8 Sb   13.9   1.80   0.6  27     11955  2586             
 1234 ERI 03 09 39.0 -07 50 47 8 SBR  14.5   1.50   1.0 130     11813                   
 1235 PER 03 12 33.1 +39 19 07 8 Sb   13.9   1.80   0.6  27     11955  2586             
 1236 ARI 03 11 27.9 +10 48 30 8 S    15.5   0.50   0.3  15     11898                   
 1237 ERI 03 10 08.9 -08 41 33 0 *2                                                     
 1238 ERI 03 10 52.6 -10 44 53 8 E    13.4   1.60   1.2 110     11868                   
 1239 ERI 03 10 53.7 -02 33 11 8 S0   14.4   1.20   0.6  70     11869                   
 1240 ARI 03 13 26.6 +30 30 26 0 *2                                                     
 1241 ERI 03 11 14.6 -08 55 22 8 SBb  13.0   3.20   2.1 145     11887                   
 1242 ERI 03 11 19.3 -08 54 13 8 SBc  14.3   1.20   0.6 130     11892                   
 1243 ERI 03 11 25.4 -08 56 45 0 *2                                                     
 1244 HOR 03 06 31.0 -66 46 35 8 Sab  13.9   1.90   0.4   2     11659                   
 1245 PER 03 14 41.4 +47 14 19 3 III1  8.4  10.00                             
 1246 HOR 03 07 02.3 -66 56 20 8 E    13.9   1.30   0.8  40     11680                   
 1247 ERI 03 12 14.3 -10 28 54 8 Sbc  13.5   3.40   0.5  69     11931                   
 1248 ERI 03 12 48.4 -05 13 31 8 S0   13.4   1.20   1.0 100     11970                   
 1249 HOR 03 10 01.1 -53 20 12 8 SBc  12.2   4.70   2.5  86     11836                   
 1250 PER 03 15 21.0 +41 21 18 8 S0   14.0   2.10   0.9 159     12098  2613             
 1251 CET 03 14 09.1 +01 27 23 0 *2                                                     
 1252 HOR 03 10 32.2 -58 08 43 0 *Grp        2.00   2.0                                 
 1253 ERI 03 14 09.2 -02 49 25 8 SBc  12.3   5.30   2.3  82     12041                   
 1254 CET 03 14 23.8 +02 40 38 8 E-S0 15.3   0.80   0.7         12052                   
 1255 FOR 03 13 32.0 -25 43 30 8 SBbc 11.5   4.20   2.7 117     12007                   
 1256 ERI 03 13 58.1 -21 59 13 8 E-S0 14.6   1.10   0.4 108     12032                   
 1257 PER 03 16 59.5 +41 31 45 0 *2                                                     
 1258 ERI 03 14 05.4 -21 46 30 8 SBc  14.0   1.30   0.9  17     12034                   
 1259 PER 03 17 17.3 +41 23 06 8 S0   15.7   0.60   0.6         12208                   
 1260 PER 03 17 27.2 +41 24 17 8 S0-a 14.2   1.10   0.5  86     12219  2634             
 1261 HOR 03 12 15.3 -55 13 01 4 II    8.3   6.90                             
 1262 ERI 03 15 33.6 -15 52 50 8 Sc   15.0   0.90   0.7 135     12107                   
 1263 ERI 03 15 39.5 -15 05 56 8 SB0- 15.0   0.70   0.6         12114                   
 1264 PER 03 17 59.5 +41 31 11 8 SBab 15.1   1.00   0.5  30     12270  2643             
 1265 PER 03 18 15.8 +41 51 26 8 E    13.2   1.80   1.6 165     12287  2651             
 1266 ERI 03 16 00.7 -02 25 38 8 S0   13.5   1.60   1.0 115     12131                   
 1267 PER 03 18 44.8 +41 28 01 8 E    14.1   1.10   0.9  30     12331  2657  Pipe Nebula
 1268 PER 03 18 45.2 +41 29 19 8 Sb   14.6   0.90   0.6 120     12332  2658             
 1269 ERI 03 17 18.3 -41 06 28 8 SB0-  9.4   9.70   8.4         12209                   
 1270 PER 03 18 58.1 +41 28 11 8 E    14.3   0.90   0.7  15     12350  2660             
 1271 PER 03 19 11.2 +41 21 11 8 S0   15.2   0.50   0.2 130     12367                   
 1272 PER 03 19 21.3 +41 29 24 8 E    13.0   2.20   2.0         12384  2662             
 1273 PER 03 19 26.8 +41 32 22 8 S0   14.3   0.90   0.9         12396                   
 1274 PER 03 19 40.6 +41 32 56 8 E    15.1   0.40   0.2  35     12413                   
 1275 PER 03 19 48.1 +41 30 39 8 S0   12.7   2.30   1.6 110     12429  2669  Perseus A 
 1276 PER 03 19 51.1 +41 38 31 0 *2                                                     
 1277 PER 03 19 51.4 +41 34 25 8 S0-a 14.7   0.80   0.3  92     12434                   
 1278 PER 03 19 54.1 +41 33 47 8 E    13.6   1.40   1.1  90     12438  2670             
 1279 PER 03 19 59.1 +41 28 45 8 S    15.8   0.60   0.4   0     12448         
 1280 CET 03 17 57.0 -00 10 10 8 SBc  14.1   0.90   0.8  55     12262  2652             
 1281 PER 03 20 06.3 +41 37 45 8 E    14.8   0.40   0.4         12458                   
 1282 PER 03 20 12.0 +41 21 59 8 E    13.7   1.40   1.1  25     12471  2675             
 1283 PER 03 20 15.5 +41 23 53 8 E    14.8   0.70   0.6  70     12478  2676             
 1284 ERI 03 17 45.4 -10 17 21 8 S0   13.4   1.70   1.6  90     12247                   
 1285 ERI 03 17 53.4 -07 17 53 8 SBR  13.2   1.50   1.1  35     12259                   
 1286 ERI 03 17 48.5 -07 37 01 8 S0   13.8   0.90   0.7         12250                   
 1287 ERI 03 18 33.3 -02 43 52 8 Sa   14.5   0.80   0.7  35     12310         
 1288 FOR 03 17 13.2 -32 34 37 8 SBc  12.8   2.30   1.9         12204                   
 1289 ERI 03 18 49.8 -01 58 25 8 S0   13.5   1.80   1.1 100     12342  2666             
 1290 ERI 03 19 25.1 -13 59 23 8 S    15.4   0.50   0.4  85     12395                   
 1291 ERI 03 17 18.3 -41 06 28 8 SB0-  9.4   9.70   8.4         12209                   
 1292 FOR 03 18 14.8 -27 36 40 8 Sc   12.7   3.00   1.4   7     12285                   
 1293 PER 03 21 36.4 +41 23 34 8 E    14.5   0.90   0.9         12597                   
 1294 PER 03 21 40.0 +41 21 36 8 E-S0 14.4   1.50   1.3         12600  2694             
 1295 ERI 03 20 03.2 -13 59 54 8 S    14.9   0.90   0.5 175     12465                   
 1296 ERI 03 18 49.7 -13 03 46 8 Sab  14.3   1.10   0.9         12341                   
 1297 ERI 03 19 14.0 -19 06 02 8 E-S0 12.8   2.30   1.9   3     12373                   
 1298 ERI 03 20 13.0 -02 06 51 8 E    14.8   1.50   1.3  70     12473  2683             
 1299 ERI 03 20 09.6 -06 15 45 8 Sb   13.5   1.20   0.6  45     12466                   
 1300 ERI 03 19 40.7 -19 24 43 8 SBbc 11.1   5.90   4.1 106     12412                   
 1301 ERI 03 20 35.4 -18 42 59 8 SBbc 14.1   2.20   0.5 140     12521                   
 1302 FOR 03 19 51.1 -26 03 40 8 SB0- 11.6   4.10   3.7         12431                   
 1303 ERI 03 20 40.7 -07 23 41 8 S0   13.8   0.80   0.6  20     12527                   
 1304 ERI 03 21 12.7 -04 35 03 8 E-S0 14.4   1.40   0.8  50     12575                   
 1305 ERI 03 21 22.9 -02 19 01 8 E-S0 13.4   1.50   1.0 130     12582  2697             
 1306 FOR 03 21 03.0 -25 30 46 8 Sb   13.6   1.10   0.9         12559                   
 1307 ERI 03 21 12.7 -04 35 03 8 E-S0 14.4   1.40   0.8  50     12575                   
 1308 ERI 03 22 28.5 -02 45 28 8 S0-a 14.1   1.20   0.9  45     12643                   
 1309 ERI 03 22 06.3 -15 24 02 8 Sbc  12.0   2.30   2.2  45     12626                   
 1310 FOR 03 21 03.5 -37 06 10 8 SBc  12.8   1.90   1.5  95     12569                   
 1311 HOR 03 20 06.7 -52 11 16 8 SBm  13.4   3.00   0.8  40     12460                   
 1312 TAU 03 23 41.8 +01 11 00 0 *2                                                     
 1313 RET 03 18 16.0 -66 29 45 8 SBcd  9.8   9.20   7.2         12286                   
 1314 ERI 03 22 41.1 -04 11 13 8 Scd  14.1   1.50   1.4  90     12650                   
 1315 ERI 03 23 06.5 -21 22 31 8 SB0- 13.5   1.60   1.4         12671                   
 1316 FOR 03 22 41.4 -37 12 30 8 SB0   9.4  11.20   7.7  50     12651        Fornax A       
 1317 FOR 03 22 44.2 -37 06 14 8 SBa  12.0   2.80   2.4  78     12653                   
 1318 FOR 03 22 44.2 -37 06 14 8 SBa  12.0   2.80   2.4  78     12653                   
 1319 ERI 03 23 56.5 -21 31 40 8 S0   13.9   1.30   0.7  27     12708                   
 1320 ERI 03 24 48.6 -03 02 35 8 Sa   13.3   1.90   0.7 135     12756                   
 1321 ERI 03 24 48.6 -03 00 57 8 Sa   14.5   0.90   0.5  95     12755                   
 1322 ERI 03 24 54.6 -02 55 09 8 E-S0 13.9   1.00   0.8 100     12761                   
 1323 ERI 03 24 56.0 -02 49 20 8 S0   15.5   0.90   0.3  85     12764                   
 1324 ERI 03 25 01.7 -05 44 45 8 Sb   13.2   2.10   0.8 135     12772                   
 1325 ERI 03 24 25.5 -21 32 37 8 SBbc 12.2   4.80   1.6  56     12737                   
 1326 FOR 03 23 56.4 -36 27 53 8 SB0- 11.5   4.30   2.9  77     12709                   
 1327 FOR 03 25 23.2 -25 40 48 8 SBb  15.6   1.00   0.3 176     12795                   
 1328 ERI 03 25 39.0 -04 07 30 8 S0   14.5   1.00   0.6 130     12805                   
 1329 ERI 03 26 02.5 -17 35 32 8 Sa   13.5   1.40   1.2  35     12826                   
 1330 PER 03 29 04.4 +41 40 31 0 *Grp                                                   
 1331 ERI 03 26 28.2 -21 21 22 8 E    14.3   0.90   0.9         12846                   
 1332 ERI 03 26 17.0 -21 20 06 8 E-S0 11.3   4.00   1.5 115     12838                   
 1333 PER 03 29 10.4 +31 22 00 5 RN          9.00   7.0                       
 1334 PER 03 30 01.7 +41 49 55 8 Sbc  14.6   1.50   0.7 115     13001  2759             
 1335 PER 03 30 19.4 +41 34 22 8 E-S0 15.4   1.10   0.6 165     13015  2762             
 1336 FOR 03 26 32.0 -35 42 50 8 E-S0 13.1   2.10   1.5  22     12848                   
 1337 ERI 03 28 05.6 -08 23 20 8 SBc  12.6   5.70   1.5 145     12916                   
 1338 ERI 03 28 54.4 -12 09 13 8 Sb   13.5   1.40   1.3  55     12956                   
 1339 FOR 03 28 06.5 -32 17 10 8 E    12.5   1.80   1.3 172     12917                   
 1340 FOR 03 28 19.5 -31 04 07 8 E    11.4   6.10   3.8 165     12923                   
 1341 FOR 03 27 58.3 -37 09 00 8 SBab 12.3   1.60   1.3         12911                   
 1342 PER 03 31 40.1 +37 22 28 3 III3  6.7  14.00                             
 1343 CAS 03 37 49.8 +72 34 15 8 SB/P 13.6   2.60   1.6  80     13384  2792             
 1344 FOR 03 28 19.5 -31 04 07 8 E    11.4   6.10   3.8 165     12923                   
 1345 ERI 03 29 31.5 -17 46 47 8 SBc  14.2   1.50   1.1  33     12979                   
 1346 ERI 03 30 13.2 -05 32 37 8 Sb   14.4   1.00   0.7  80     13009                   
 1347 ERI 03 29 41.8 -22 16 47 8 SBc  13.7   1.50   1.3  20     12989                   
 1348 PER 03 34 06.0 +51 24 30 3 II2p        5.00                             
 1349 TAU 03 31 27.4 +04 22 51 8 S0   14.2   0.70   0.7         13088  2774             
 1350 FOR 03 31 07.9 -33 37 40 8 SBab 11.2   5.40   2.9 170     13059                   
 1351 FOR 03 30 34.9 -34 51 14 8 E-S0 12.5   3.40   2.0 140     13028                   
 1352 ERI 03 31 32.9 -19 16 42 8 SB0  14.3   1.00   0.7 134     13091                   
 1353 ERI 03 32 03.1 -20 49 10 8 SBb  12.3   3.40   1.4 138     13108                   
 1354 ERI 03 32 29.2 -15 13 17 8 S0-a 13.1   2.30   0.8 148     13130                   
 1355 ERI 03 33 23.5 -04 59 56 8 S0   14.2   1.50   0.4  80     13169                   
 1356 HOR 03 30 40.7 -50 18 35 8 SBbc 13.8   1.40   1.1         13035                   
 1357 ERI 03 33 17.1 -13 39 54 8 Sab  12.4   3.10   2.0  85     13166                   
 1358 ERI 03 33 39.7 -05 05 22 8 SB0- 13.0   2.10   1.4   6     13182                   
 1359 ERI 03 33 47.8 -19 29 29 8 SB/P 12.6   2.50   1.5 139     13190                   
 1360 FOR 03 33 14.6 -25 52 18 6 PN   14.0   6.50                                       
 1361 ERI 03 34 17.7 -06 15 54 8 E-S0 14.1   0.80   0.7  40     13218                   
 1362 ERI 03 33 53.0 -20 16 58 8 S0   13.7   1.20   1.1         13196                   
 1363 ERI 03 34 49.5 -09 50 34 8 Sbc  13.9   0.90   0.7  45     13245         
 1364 ERI 03 34 59.0 -09 50 22 8 Scd  16.1   0.50   0.5         13253                   
 1365 FOR 03 33 36.7 -36 08 29 8 SBb  10.3  11.00   6.2  32     13179                   
 1366 FOR 03 33 53.6 -31 11 38 8 S0   12.0   2.10   0.9   2     13197                   
 1367 FOR 03 35 01.2 -24 56 02 8 SBa  11.6   5.90   3.8 135     13255                   
 1368 ERI 03 34 58.8 -15 39 22 8 S0-a 15.2   0.70   0.4 126     13247                   
 1369 ERI 03 36 45.2 -36 15 22 8 SB0- 13.8   1.50   1.4  12     13330                   
 1370 ERI 03 35 14.4 -20 22 26 8 E    13.4   1.50   1.0  50     13265                   
 1371 FOR 03 35 01.2 -24 56 02 8 SBa  11.6   5.90   3.8 135     13255                   
 1372 ERI 03 36 59.7 -15 52 56 8 E    14.7   0.50   0.5         13346                   
 1373 FOR 03 34 59.1 -35 10 18 8 E    13.4   1.20   0.9 131     13252                   
 1374 FOR 03 35 16.6 -35 13 35 8 E    12.0   2.70   2.4         13267                   
 1375 FOR 03 35 16.8 -35 15 59 8 SB0  13.2   2.30   0.9  91     13266                   
 1376 ERI 03 37 06.0 -05 02 36 8 Sc   12.8   2.10   1.9  95     13352                   
 1377 ERI 03 36 39.0 -20 54 07 8 S0   13.4   1.80   0.9  92     13324                   
 1379 FOR 03 36 03.8 -35 26 29 8 E    11.7   2.40   2.3         13299                   
 1380 FOR 03 36 27.5 -34 58 33 8 SB0  10.9   4.80   2.9   7     13318                   
 1381 FOR 03 36 31.8 -35 17 45 8 S0   12.5   2.60   0.8 139     13321                   
 1382 FOR 03 37 09.0 -35 11 46 8 E-S0 13.0   1.50   1.3         13354                   
 1383 ERI 03 37 39.2 -18 20 24 8 SB0  13.5   1.90   0.8  91     13377                   
 1384 TAU 03 39 13.5 +15 49 08 8 Sc   15.5   0.90   0.5   0     13448                   
 1385 FOR 03 37 28.6 -24 30 12 8 SBc  11.6   3.60   2.2 165     13368                   
 1386 ERI 03 36 46.3 -35 59 58 8 S0-a 12.1   3.40   1.3  25     13333                   
 1387 FOR 03 36 57.2 -35 30 23 8 E-S0 11.8   3.20   3.1         13344                   
 1388 ERI 03 38 12.0 -15 54 00 8 E    14.3   0.70   0.7         13402                   
 1389 ERI 03 37 11.7 -35 44 46 8 E-S0 12.4   2.50   1.5  30     13360                   
 1390 ERI 03 37 52.2 -19 00 29 8 SBa  14.9   1.40   0.6  19     13386                   
 1391 ERI 03 38 52.9 -18 21 18 8 SB0  14.4   1.20   0.5  65     13436                   
 1393 ERI 03 38 38.4 -18 25 45 8 SB0  13.0   2.00   1.2 170     13425                   
 1394 ERI 03 39 06.7 -18 17 34 8 S0   13.8   1.30   0.4   5     13444                   
 1395 ERI 03 38 29.6 -23 01 40 8 E    10.8   5.60   4.6         13419                   
 1396 FOR 03 38 06.5 -35 26 25 8 E-S0 14.4   1.00   0.8         13398         
 1397 ERI 03 39 47.1 -04 40 13 8 SB0- 14.5   0.80   0.6 175     13485                   
 1398 FOR 03 38 52.0 -26 20 16 8 SBab 10.6   7.20   5.2 100     13434                   
 1399 FOR 03 38 28.9 -35 27 01 8 E    10.4   6.60   6.1         13418                   
 1400 ERI 03 39 30.7 -18 41 19 8 E    11.9   2.50   2.1  40     13470                   
 1401 ERI 03 39 21.8 -22 43 30 8 SB0  13.1   2.40   0.6 130     13457                   
 1402 ERI 03 39 30.4 -18 31 39 8 SB0  14.3   0.80   0.6  88     13467                   
 1403 ERI 03 39 10.8 -22 23 22 8 E-S0 13.7   1.30   1.0 175     13445                   
 1404 ERI 03 38 51.7 -35 35 36 8 E    11.0   3.90   3.3         13433                   
 1405 ERI 03 40 19.0 -15 31 53 8 S0   14.5   1.50   0.5 150     13512                   
 1406 FOR 03 39 23.0 -31 19 22 8 SBbc 12.5   3.90   0.7  15     13458                   
 1407 ERI 03 40 11.8 -18 34 51 8 E    10.7   4.90   4.5  35     13505                   
 1409 TAU 03 41 10.4 -01 18 09 8 SB0  14.7   1.00   0.8 130     13553  2821             
 1410 TAU 03 41 10.8 -01 17 57 8 E    15.0   0.80   0.8         13556  2821             
 1411 HOR 03 38 44.9 -44 06 04 8 E-S0 12.2   2.20   1.6   6     13429                   
 1412 FOR 03 40 29.3 -26 51 45 8 SB0  13.5   1.80   0.7 131     13520                   
 1413 ERI 03 40 11.5 -15 36 39 8 E    15.2   0.50   0.5         13504                   
 1414 ERI 03 40 57.0 -21 42 50 8 SBbc 14.6   1.50   0.3 172     13543                   
 1415 ERI 03 40 56.9 -22 33 53 8 S0-a 12.4   3.60   1.7 148     13544                   
 1416 ERI 03 41 02.8 -22 43 11 8 E    14.1   1.40   1.3         13548                   
 1417 ERI 03 41 57.2 -04 42 21 8 SBb  12.8   2.70   1.6   0     13584                   
 1418 ERI 03 42 16.2 -04 43 56 8 SBb  14.3   1.00   0.6  15     13606                   
 1419 ERI 03 40 42.0 -37 30 42 8 E    13.5   1.10   1.0         13534                   
 1420 ERI 03 42 40.0 -05 51 10 0 *3                                                     
 1421 ERI 03 42 29.4 -13 29 18 8 SBbc 12.0   3.40   0.8 179     13620                   
 1422 ERI 03 41 31.3 -21 40 53 8 SBab 14.0   2.30   0.6  65     13569                   
 1423 ERI 03 42 40.1 -06 22 56 8 SB?  14.8   0.90   0.6  20     13628                   
 1424 ERI 03 43 14.0 -04 43 51 8 SBb  14.3   1.60   0.6   5     13664                   
 1425 FOR 03 42 11.5 -29 53 41 8 Sb   11.4   5.80   2.5 129     13602                   
 1426 ERI 03 42 49.3 -22 06 30 8 E    12.3   2.60   1.6 111     13638                   
 1427 FOR 03 42 19.2 -35 23 36 8 E    11.8   3.80   2.6  76     13609                   
 1428 FOR 03 42 22.9 -35 09 16 8 E-S0 13.8   1.60   0.8 118     13611                   
 1430 ERI 03 43 25.2 -18 13 30 0 *                                                      
 1431 TAU 03 44 40.7 +02 50 06 8 S0   15.2   1.00   0.8 160     13732  2845             
 1432 TAU 03 45 49.5 +24 22 06 5 RN         60.00  40.0                      Maia Nebula
 1433 HOR 03 42 01.2 -47 13 21 8 SBa  10.7   6.10   5.7         13586                   
 1434 ERI 03 46 12.8 -09 41 01 8 S0-a 15.5   0.80   0.5 165     13804                   
 1435 TAU 03 46 10.0 +23 45 54 5 RN         30.00                            Merope Nebula
 1436 ERI 03 43 37.1 -35 51 17 8 SBab 11.8   3.10   2.0 150     13687                   
 1437 ERI 03 43 37.1 -35 51 17 8 SBab 11.8   3.10   2.0 150     13687                   
 1438 ERI 03 45 17.1 -23 00 10 8 SB0- 13.2   2.00   0.9  69     13760                   
 1439 ERI 03 44 49.8 -21 55 15 8 E    12.3   2.40   2.2         13738                   
 1440 ERI 03 45 02.9 -18 16 01 8 SB0  12.6   2.20   1.6  28     13752                   
 1441 ERI 03 45 43.0 -04 05 32 8 SBb  13.9   1.70   0.7  85     13782                   
 1442 ERI 03 45 02.9 -18 16 01 8 SB0  12.6   2.20   1.6  28     13752                   
 1443 ERI 03 45 53.1 -04 03 10 0 *                                                      
 1444 PER 03 49 22.8 +52 39 44 3 IV1p  6.6   4.00                             
 1445 ERI 03 44 56.2 -09 51 23 8 S    15.4   0.90   0.5 110     13742                   
 1446 ERI 03 45 57.5 -04 06 44 0 *                                                      
 1447 ERI 03 45 47.1 -09 01 08 8 S0   15.0   1.00   0.5 105     13786                   
 1448 HOR 03 44 31.3 -44 38 47 8 Sc   11.4   7.50   2.0  41     13727                   
 1449 ERI 03 46 03.0 -04 08 19 8 S0   14.5   0.80   0.5  20     13798                   
 1450 ERI 03 45 36.5 -09 14 07 8 E-S0 15.2   0.80   0.6  40     13775                   
 1451 ERI 03 46 07.1 -04 04 11 8 E-S0 14.4   0.80   0.5  45     13801                   
 1452 ERI 03 45 22.3 -18 38 01 8 SB0- 12.8   2.30   1.5 113     13765                   
 1453 ERI 03 46 27.2 -03 58 10 8 E    12.6   2.30   2.3         13814                   
 1454 ERI 03 45 59.3 -20 39 09 0 *                                                      
 1455 ERI 03 45 22.3 -18 38 01 8 SB0- 12.8   2.30   1.5 113     13765                   
 1456 TAU 03 48 08.3 +22 33 28 0 *2                                                     
 1457 HOR 03 44 31.3 -44 38 47 8 Sc   11.4   7.50   2.0  41     13727                   
 1459 FOR 03 46 57.9 -25 31 19 8 SBbc 13.6   1.70   1.1 167     13832                   
 1460 ERI 03 46 13.6 -36 41 50 8 SB0  13.5   1.70   1.4         13805                   
 1461 ERI 03 48 27.1 -16 23 36 8 S0   12.8   3.00   0.9 155     13881                   
 1462 TAU 03 50 23.4 +06 58 21 8 S RM 15.2   0.90   0.5  40     13945                   
 1463 RET 03 46 15.5 -59 48 39 8 Sa   14.2   1.30   1.2  45     13807                   
 1464 ERI 03 51 24.4 -15 24 10 8 S/P  15.5   0.80   0.6  45     13976                   
 1465 PER 03 53 31.9 +32 29 32 8 S0-a 14.7   1.70   0.5 165     14039  2891             
 1466 HYI 03 44 33.4 -71 40 18 3 OCL  11.0   2.30                                       
 1467 ERI 03 51 52.7 -08 50 18 8 S0-a 14.3   1.10   0.7  60     13991                   
 1468 ERI 03 52 12.5 -06 20 57 8 E-S0 14.2   1.20   0.8 135     14004                   
 1469 CAM 04 00 27.8 +68 34 37 8 E-S0 14.2   1.90   0.8 153     14261  2909
 1470 ERI 03 52 09.8 -09 00 02 8 Sab  15.0   1.30   0.3 169     14002                   
 1471 ERI 03 51 24.5 -15 24 10 8 S/P  15.5   0.80   0.6  45     13976                   
 1472 ERI 03 53 47.3 -08 34 07 8 S0   14.9   0.70   0.6  70     14050                   
 1473 HYI 03 47 26.2 -68 13 16 8 Irr  13.6   1.50   0.8  36     13853                   
 1474 TAU 03 54 30.3 +10 42 23 8 SBa  14.8   1.10   1.0         14080  2898             
 1475 ERI 03 53 49.7 -08 08 05 0 *                                                      
 1476 HOR 03 52 08.6 -44 31 58 8 Sa   14.0   1.40   0.6  86     14001                   
 1477 ERI 03 54 02.8 -08 34 30 8 E    14.7   0.60   0.5 170     14060                   
 1478 ERI 03 54 07.3 -08 33 20 8 S0   15.3   0.60   0.3  65     14062                   
 1481 ERI 03 54 28.9 -20 25 38 8 E-S0 14.8   1.00   0.7 133     14079                   
 1482 ERI 03 54 38.9 -20 30 09 8 S0-a 13.1   2.40   1.4 103     14084                   
 1483 HOR 03 52 47.7 -47 28 44 8 SBbc 13.1   1.60   1.4 125     14022                   
 1484 ERI 03 54 17.4 -36 58 17 8 Sb   13.6   2.50   0.6  80     14071                   
 1485 CAM 04 05 03.4 +70 59 46 8 Sb   13.6   2.10   0.7  22     14432  2933
 1486 ERI 03 56 18.8 -21 49 17 8 SBbc 15.2   0.90   0.5   2     14132                   
 1487 ERI 03 55 45.0 -42 22 06 8 Sm   12.2   3.30   2.0  55     14117                   
 1488 TAU 04 00 05.0 +18 33 56 0 *2                                                     
 1489 ERI 03 57 38.1 -19 13 04 8 SBb  14.6   1.40   0.6  12     14165                   
 1490 RET 03 53 34.1 -66 01 07 8 E    13.4   1.30   1.1 142     14040                   
 1491 PER 04 03 13.5 +51 18 58 5 EN          6.00   9.0                       
 1492 ERI 03 58 13.1 -35 26 47 8 Sa   14.3   0.90   0.7  10     14186                   
 1493 HOR 03 57 27.5 -46 12 44 8 SBc  11.8   3.60   3.5         14163                   
 1494 HOR 03 57 42.5 -48 54 36 8 SBcd 12.3   3.30   2.0 179     14169                   
 1495 HOR 03 58 21.4 -44 27 59 8 Sc   13.3   3.00   0.5 105     14190                   
 1496 PER 04 04 31.8 +52 39 41 3 II1p  9.6   6.00                             
 1497 TAU 04 02 06.8 +23 07 58 8 S0   14.3   1.80   1.2  60     14331  2929             
 1498 ERI 04 00 19.4 -12 01 12 0 *3                                                     
 1499 PER 04 03 14.4 +36 22 03 5 EN    5.0 160.00  40.0                      California Nebula
 1500 DOR 03 58 14.0 -52 19 44 8 E    14.7   1.10   0.9         14187                   
 1501 CAM 04 06 59.4 +60 55 15 6 PN   13.3   0.87               
 1502 CAM 04 07 49.2 +62 19 54 3 II3p  6.9   8.00               
 1503 RET 03 56 33.3 -66 02 28 8 SB0- 14.4   0.90   0.7 140     14137                   
 1504 ERI 04 02 29.6 -09 20 08 8 E-S0 15.0   0.70   0.5  20     14336                   
 1505 ERI 04 02 36.3 -09 19 21 8 S0   14.1   0.90   0.7  80     14339                   
 1506 DOR 04 00 21.6 -52 34 26 8 E-S0 14.4   1.20   0.9  80     14256                   
 1507 ERI 04 04 27.2 -02 11 21 8 SBm  12.9   3.60   1.0  11     14409  2947             
 1508 TAU 04 05 47.6 +25 24 31 8 Sc   15.3   0.40   0.3  25     14454                   
 1509 ERI 04 03 55.1 -11 10 45 8 S    14.6   0.90   0.7  50     14393                   
 1510 HOR 04 03 32.5 -43 24 01 8 S0   13.4   3.20   1.8  90     14375                   
 1511 HYI 03 59 36.8 -67 38 07 8 Sa   11.9   3.50   1.3 125     14236                   
 1512 HOR 04 03 54.0 -43 20 58 8 SBa  11.1   9.70   5.3  90     14391                   
 1513 PER 04 09 54.6 +49 31 02 3 II1m  8.4   9.00                             
 1514 TAU 04 09 17.0 +30 46 33 6 PN   10.0   1.90                                       
 1515 DOR 04 04 02.1 -54 06 02 8 SBbc 12.1   5.10   1.1  18     14397                   
 1516 ERI 04 08 07.5 -08 49 48 8 SBbc 12.6   1.40   0.9  55     14515                   
 1517 TAU 04 09 11.9 +08 38 54 8 Sc   14.2   1.10   1.0         14564  2970             
 1518 ERI 04 06 49.0 -21 10 48 8 SBd  12.3   2.90   1.4  35     14475                   
 1519 ERI 04 08 07.2 -17 11 36 8 SBb  13.6   2.10   0.6 107     14514                   
 1520 MEN 03 57 31.1 -76 50 03 0 *Grp                                                   
 1521 ERI 04 08 18.7 -21 03 08 8 E    12.6   2.70   1.6  10     14520                   
 1522 DOR 04 06 07.6 -52 40 12 8 S0   13.9   1.20   0.8  42     14462                   
 1523 DOR 04 06 11.0 -54 05 18 0 *4                                                     
 1524 ERI 04 08 07.5 -08 49 48 8 SBbc 12.6   1.40   0.9  55     14515                   
 1525 ERI 04 08 08.2 -08 50 07 8 Sc   14.5   0.90   0.7  90     14516                   
 1526 RET 04 05 12.3 -65 50 26 8 SBbc 14.6   0.80   0.6  36     14437                   
 1527 HOR 04 08 24.1 -47 53 50 8 E-S0 11.7   3.90   1.5  78     14526                   
 1528 PER 04 15 18.8 +51 12 41 3 II2m  6.4  24.00                             
 1529 RET 04 07 19.9 -62 54 00 8 S0   14.4   1.20   0.3 164     14495                   
 1530 CAM 04 23 26.9 +75 17 38 8 SBb  12.3   4.40   2.5   0     15018  3013        
 1531 ERI 04 11 59.1 -32 51 05 8 E-S0 12.7   1.20   0.9 122     14635                   
 1532 ERI 04 12 03.8 -32 52 25 8 SBb  10.6  11.60   3.4  33     14638                   
 1533 DOR 04 09 51.9 -56 07 06 8 SB0  11.7   2.50   2.1 151     14582                   
 1534 RET 04 08 46.2 -62 47 52 8 S0-a 13.8   1.70   0.8  76     14547                   
 1535 ERI 04 14 15.8 -12 44 22 6 PN    9.6   0.30                                       
 1536 RET 04 11 00.2 -56 28 59 8 SBc  13.3   2.10   1.5 155     14620                   
 1537 ERI 04 13 40.7 -31 38 46 8 E-S0 11.5   3.90   2.6  98     14695                   
 1538 ERI 04 14 56.0 -13 11 31 8 S?   16.0   0.60   0.5                                 
 1539 TAU 04 19 01.9 +26 49 37 8 C    15.6   0.50   0.5         14852                   
 1540 ERI 04 15 10.5 -28 29 00 8 Sa   14.8   1.10   0.7 160     14734                   
 1541 TAU 04 17 00.2 +00 50 05 8 S0-a 14.6   1.30   0.5  77     14792  3001             
 1542 TAU 04 17 14.1 +04 46 53 8 Sa-b 14.9   1.30   0.5 128     14800  3003             
 1543 RET 04 12 43.1 -57 44 16 8 SB0  11.3   4.70   3.0  93     14659                   
 1544 CEP 05 02 36.2 +86 13 20 8 S?   14.5   1.30   0.9 130     16608  3160             
 1545 PER 04 20 56.2 +50 15 19 3 II2p  6.2  18.00                             
 1546 DOR 04 14 36.7 -56 03 39 8 S0-a 11.9   3.20   1.9 147     14723                   
 1547 ERI 04 17 12.3 -17 51 29 8 SBbc 14.4   1.30   0.6 133     14794                   
 1548 PER 04 21 19.0 +36 55 00 0 *Grp                                                   
 1549 DOR 04 15 45.0 -55 35 31 8 E    10.6   4.40   3.6 135     14757                   
 1550 TAU 04 19 38.1 +02 24 32 8 E    13.1   2.20   1.9  30     14880  3012             
 1551 TAU 04 19 38.1 +02 24 32 8 E    13.1   2.20   1.9  30     14880  3012             
 1552 ERI 04 20 17.6 -00 41 35 8 S0-a 14.0   1.80   1.2 110     14907  3015             
 1553 DOR 04 16 10.6 -55 46 48 8 S0   10.0   5.00   3.0 150     14765                   
 1554 TAU 04 21 43.5 +19 31 14 0 *                                           Struve's Lost Nebula
 1555 TAU 04 21 56.7 +19 32 04 5 RN          0.50                            Hind's Variable Nebula
 1556 DOR 04 17 44.7 -50 09 53 8 Sab  13.5   1.70   0.5 167     14818                   
 1557 HYI 04 13 13.7 -70 26 02 0 *Grp       10.00                                       
 1558 CAE 04 20 15.7 -45 01 54 8 SBbc 13.3   2.50   1.0  72     14906                   
 1559 RET 04 17 36.7 -62 47 04 8 SBc  11.1   3.50   2.0  64     14814                   
 1560 CAM 04 32 47.5 +71 52 44 8 Scd  12.1   9.80   1.5  23     15488  3060        
 1561 ERI 04 23 01.0 -15 50 45 8 E-S0 14.9   0.70   0.5 175     15005                   
 1562 ERI 04 21 47.6 -15 45 21 8 S0   15.1   0.50   0.5         14956                   
 1563 ERI 04 22 53.9 -15 44 00 8 S    15.3   0.70   0.3  80     15000                   
 1564 ERI 04 23 00.9 -15 44 22 8 S0   15.4   0.70   0.5  10     15004                   
 1565 ERI 04 23 23.6 -15 44 43 8 Sc   14.5   0.90   0.9         15015                   
 1566 DOR 04 20 00.5 -54 56 16 8 SBbc 10.2   8.20   6.5  60     14897                   
 1567 CAE 04 21 08.7 -48 15 19 8 E    12.5   1.40   1.3         14934                   
 1568 ERI 04 24 20.6 -00 44 19 8 S0-a 15.5   0.50   0.4 135     15034  3031             
 1569 CAM 04 30 49.1 +64 50 51 8 Irr  11.8   3.70   1.8 120     15345  3056        
 1570 CAE 04 22 08.9 -43 37 50 8 E    13.2   2.00   1.5 172     14971                   
 1571 CAE 04 22 08.9 -43 37 50 8 E    13.2   2.00   1.5 172     14971                   
 1572 CAE 04 22 42.7 -40 36 06 8 SBa  13.4   2.40   1.2   5     14993                   
 1573 CAM 04 35 04.2 +73 15 45 8 E    12.9   1.90   1.3  35     15570  3077        
 1574 RET 04 21 58.6 -56 58 30 8 E-S0 11.3   4.00   3.6  35     14965                   
 1575 ERI 04 26 20.5 -10 05 58 8 SB?  13.5   1.50   1.3  45     15090                   
 1576 ERI 04 26 18.7 -03 37 17 8 E-S0 13.9   1.10   0.7 125     15089                   
 1577 ERI 04 26 20.5 -10 05 58 8 SB?  13.5   1.50   1.3  45     15090                   
 1578 DOR 04 23 46.7 -51 36 00 8 Sa   13.9   1.20   1.1 177     15025                   
 1579 PER 04 30 14.2 +35 16 47 5 RN          3.00   3.0                       
 1580 ERI 04 28 18.4 -05 10 47 8 Sbc  14.5   0.90   0.8  95     15189                   
 1581 DOR 04 24 44.9 -54 56 34 8 E-S0 13.5   1.80   0.7  80     15055                   
 1582 PER 04 31 53.0 +43 49 00 3 IV2p  7.0  37.00                             
 1583 ERI 04 28 20.7 -17 35 48 8 E    14.7   0.50   0.5         15193                   
 1584 ERI 04 28 10.2 -17 31 28 8 E-S0 15.0   0.80   0.7         15180                   
 1585 CAE 04 27 33.0 -42 09 56 8 Sc   14.2   1.20   0.7 175     15150                   
 1586 ERI 04 30 38.2 -00 18 21 8 Sbc  14.1   1.70   0.9 155     15331  3062             
 1587 TAU 04 30 40.0 +00 39 43 8 E    12.7   1.70   1.4 144     15332  3063             
 1588 TAU 04 30 43.7 +00 39 53 8 E    14.2   1.40   0.8 175     15340  3064             
 1589 TAU 04 30 45.4 +00 51 46 8 Sa-b 12.8   3.20   1.0 160     15342  3065             
 1590 TAU 04 31 10.2 +07 37 49 8 S?   14.5   0.90   0.7  95     15368  3071             
 1591 ERI 04 29 30.7 -26 42 48 8 SBab 13.8   1.20   0.8  30     15276                   
 1592 ERI 04 29 40.7 -27 24 31 8 S  M 14.5   1.40   0.6  96     15292                   
 1593 TAU 04 32 06.1 +00 34 02 8 S0   14.8   1.60   0.6 130     15447  3082             
 1594 ERI 04 30 51.5 -05 47 54 8 SBbc 13.8   1.80   1.3 100     15348        
 1595 CAE 04 28 21.6 -47 48 57 8 E    13.7   1.30   0.9  17     15195        Carafe Group           
 1596 DOR 04 27 38.0 -55 01 37 8 S0   12.1   3.70   0.9  20     15153                   
 1597 ERI 04 31 13.4 -11 17 26 8 E-S0 15.0   0.90   0.7  95     15374                   
 1598 CAE 04 28 33.4 -47 46 59 8 SBc  13.8   1.40   0.8 123     15204        Carafe Group           
 1599 ERI 04 31 38.8 -04 35 21 8 Sc   14.1   0.90   0.8         15403                   
 1600 ERI 04 31 39.9 -05 05 16 8 E    12.0   3.10   2.2  10     15406                   
 1601 ERI 04 31 41.7 -05 03 37 8 S0   14.8   0.60   0.3  85     15413                   
 1602 DOR 04 27 54.4 -55 03 26 8 Irr  13.5   1.90   1.1  83     15168                   
 1603 ERI 04 31 49.9 -05 05 40 8 E-S0 14.7   0.80   0.5  25     15424                   
 1604 ERI 04 31 58.5 -05 22 12 8 S0   14.0   1.00   0.7  70     15433                   
 1605 PER 04 34 52.2 +45 16 17 3 III1 10.7   5.00                             
 1606 ERI 04 32 03.3 -05 01 57 8 SB0- 15.4   0.40   0.4         15443                   
 1607 ERI 04 32 03.1 -04 27 40 8 S0-a 14.2   1.00   0.4  55     15442                   
 1608 TAU 04 32 06.1 +00 34 02 8 S0   14.8   1.60   0.6 130     15447  3082             
 1609 ERI 04 32 45.0 -04 22 21 8 S0-a 13.9   1.10   0.7  93     15480                   
 1611 ERI 04 33 05.8 -04 17 51 8 S0-a 13.8   2.00   0.6 103     15501                   
 1612 ERI 04 33 13.1 -04 10 21 8 S0-a 13.8   1.30   1.0 140     15507                   
 1613 ERI 04 33 25.3 -04 15 56 8 S0-a 14.1   1.00   0.8  45     15518                   
 1614 ERI 04 33 59.8 -08 34 47 8 SB/P 13.6   1.30   1.2  85     15538                   
 1615 TAU 04 36 01.9 +19 57 01 8 E-S0 13.2   1.20   0.8 115     15608  3096             
 1616 CAE 04 32 41.9 -43 42 56 8 Sbc  13.3   1.80   0.9  36     15479                   
 1617 DOR 04 31 39.5 -54 36 09 8 SBa  11.4   4.80   2.4 107     15405                   
 1618 ERI 04 36 06.6 -03 08 57 8 SBb  13.5   2.40   0.8  30     15611                   
 1620 ERI 04 36 37.2 -00 08 41 8 Sc   13.1   2.90   1.0  25     15638  3103             
 1621 ERI 04 36 25.0 -04 59 14 8 E    14.0   1.40   0.8  95     15626                   
 1622 ERI 04 36 36.6 -03 11 20 8 SBab 13.9   3.70   0.7  35     15635                   
 1623 ERI 04 35 32.2 -13 33 25 8 SB0- 16.9   0.80   0.5  15     15591         
 1624 PER 04 40 36.4 +50 27 42 3 I2pn 11.8   1.90                             
 1625 ERI 04 37 06.3 -03 18 16 8 SBb  13.1   2.10   0.5 130     15654                   
 1626 ERI 04 36 25.0 -04 59 14 8 E    14.0   1.40   0.8  95     15626                   
 1627 ERI 04 37 37.9 -04 53 19 8 Sc   13.7   1.60   1.6         15675                   
 1628 ERI 04 37 36.1 -04 42 59 8 Sb   14.2   1.90   0.4   9     15674                   
 1629 HYI 04 29 37.0 -71 50 18 3 OCL        20.00                                       
 1630 ERI 04 37 15.4 -18 54 09 8 S0-a 15.4   0.70   0.5 140     15659                   
 1631 ERI 04 38 24.1 -20 39 03 8 SB0- 14.3   1.50   0.9  44     15705                   
 1632 ERI 04 39 58.5 -09 27 23 8 Sa   15.1   1.00   0.6  40     15769                   
 1633 TAU 04 40 09.1 +07 20 57 8 SBab 14.4   1.00   0.9         15774  3125             
 1634 TAU 04 40 09.8 +07 20 18 8 E-S0 14.8   0.40   0.3 109     15775                   
 1635 ERI 04 40 07.9 -00 32 52 8 SB0- 13.4   1.40   1.3   5     15773  3126             
 1636 ERI 04 40 40.2 -08 36 30 8 Sab  12.8   1.20   0.9   0     15800                   
 1637 ERI 04 41 28.2 -02 51 30 8 SBc  11.5   3.90   3.3  15     15821                   
 1638 ERI 04 41 36.4 -01 48 32 8 SB0  13.0   2.30   1.6  70     15824  3133             
 1639 ERI 04 40 52.3 -16 59 31 0 *3                                                     
 1640 ERI 04 42 14.5 -20 26 07 8 SBab 12.4   2.70   2.3  45     15850                   
 1641 DOR 04 35 42.9 -65 46 23 3 OCL                                                    
 1642 TAU 04 42 54.9 +00 37 06 8 Sc   13.3   1.80   1.6 175     15867  3140             
 1643 ERI 04 43 43.9 -05 19 10 8 Sbc  13.6   1.20   1.1  30     15891                   
 1644 DOR 04 37 39.6 -66 11 49 3 OCL  13.0                                              
 1645 ERI 04 44 06.3 -05 27 56 8 S0-a 13.5   2.40   1.1  85     15903                   
 1646 ERI 04 44 23.5 -08 31 55 8 E-S0 14.0   1.80   1.0 165     15914                   
 1647 TAU 04 45 55.5 +19 05 42 3 II2m  6.4  45.00                             
 1648 ERI 04 44 34.7 -08 28 44 8 S0   15.6   0.60   0.5 175     15920                   
 1649 DOR 04 38 22.9 -68 40 23 3 OCL        15.00                                       
 1650 ERI 04 45 11.4 -15 52 14 8 E    12.9   2.30   1.3 170     15931                   
 1651 MEN 04 37 32.7 -70 35 08 3 OCL        30.00                                       
 1652 DOR 04 38 22.9 -68 40 23 3 OCL        15.00                                       
 1653 ERI 04 45 47.5 -02 23 36 8 E    12.9   1.50   1.5         15942  3153             
 1654 ERI 04 45 48.4 -02 05 02 8 Sa   14.4   0.80   0.8         15943  3154             
 1656 ERI 04 45 53.3 -05 08 13 8 S0-a 13.6   1.50   1.0 125     15949                   
 1657 ERI 04 46 07.3 -02 04 39 8 SBbc 14.7   1.20   0.8 150     15958  3156             
 1658 CAE 04 44 01.1 -41 27 51 8 Sbc  14.4   1.50   0.5 124     15899                   
 1659 ERI 04 46 30.0 -04 47 21 8 Sbc  13.2   1.50   1.1  40     15977                   
 1660 CAE 04 44 11.1 -41 29 54 8 Sa   14.9   1.00   0.5  32     15908                   
 1661 ORI 04 47 07.7 -02 03 20 8 Sb-c 14.1   1.40   0.9  35     16000  3166             
 1662 ORI 04 48 26.9 +10 56 38 3 I2p   6.4  20.00                             
 1663 ORI 04 48 36.0 +13 09 00 3 IV2p                                         
 1664 AUR 04 51 05.4 +43 40 34 3 III1  7.6  18.00                             
 1665 ERI 04 48 17.0 -05 25 40 8 S0   13.1   1.80   1.1  50     16044                   
 1666 ERI 04 48 32.8 -06 34 12 8 SB0- 13.6   1.40   1.1 145     16057                   
 1667 ERI 04 48 37.0 -06 19 15 8 SBc  12.8   1.80   1.4  20     16062                   
 1668 CAE 04 46 05.9 -44 44 00 8 E-S0 13.8   1.60   0.9 107     15957                   
 1669 DOR 04 43 00.0 -65 48 53 8 Sa   14.9   0.80   0.4  97     15871                   
 1670 ORI 04 49 42.6 -02 45 38 8 S0   13.8   1.60   0.6  62     16107                   
 1671 ORI 04 49 33.8 +00 15 10 8 S0   13.9   1.10   0.9 130     16095  3178             
 1672 DOR 04 45 42.8 -59 14 54 8 SBb  10.5   6.70   5.6 170     15941                   
 1673 MEN 04 42 39.7 -69 49 17 3 OCL        10.00                                       
 1676 DOR 04 43 54.2 -68 49 40 3 OCL        10.00                                       
 1677 ERI 04 50 51.9 -04 53 33 8 S0   15.0   1.10   0.4 135     16146                   
 1678 ORI 04 51 35.4 -02 37 24 8 S0   14.3   1.10   0.8  70     16179                   
 1679 CAE 04 49 55.5 -31 58 04 8 SBm  12.0   2.70   2.0 150     16120                   
 1680 PIC 04 48 33.7 -47 49 02 8 SBb  14.4   1.20   0.5 102     16058                                    
 1681 ERI 04 51 50.1 -05 48 13 8 Sb   13.5   1.30   1.2  40     16195                   
 1682 ORI 04 52 19.7 -03 06 21 8 E-S0 14.4   0.80   0.8         16211                   
 1683 ORI 04 52 17.5 -03 01 29 8 Sa   16.0   1.00   0.4 165     16209                   
 1684 ORI 04 52 31.1 -03 06 22 8 E    12.5   2.90   1.9  85     16219                   
 1685 ORI 04 52 34.2 -02 57 01 8 SB0- 14.5   1.30   0.9 135     16222                   
 1686 ERI 04 52 54.7 -15 20 49 8 Sbc  14.5   1.70   0.3  27     16239                   
 1687 CAE 04 51 21.1 -33 56 23 8 SBab 14.7   1.30   0.5  40     16166                   
 1688 DOR 04 48 23.5 -59 48 02 8 SBc  12.3   2.40   1.9 177     16050                   
 1689 ERI 04 48 37.0 -06 19 15 8 SBc  12.8   1.80   1.4  20     16062                   
 1690 ORI 04 54 19.3 +01 38 24 8 E?   15.3   1.00   1.0         16290  3198             
 1691 ORI 04 54 38.3 +03 16 02 8 SB0- 13.1   1.70   1.6  85     16300  3201             
 1692 ERI 04 55 23.7 -20 34 18 8 S0   14.0   1.30   1.2   5     16336                   
 1693 DOR 04 47 38.8 -69 20 37 3 OCL                                                    
 1694 ERI 04 55 16.8 -04 39 10 8 S?   15.0   1.20   0.7  35     16335                   
 1695 DOR 04 47 44.5 -69 22 26 3 OCL                                                    
 1696 DOR 04 48 30.0 -68 14 35 3 OCL                                                    
 1697 DOR 04 48 36.4 -68 33 29 3 OCL                                                    
 1698 DOR 04 49 04.5 -69 06 49 3 OCL                                                    
 1699 ERI 04 56 59.5 -04 45 28 8 Sb   14.7   0.90   0.5 160     16390                   
 1700 ERI 04 56 56.2 -04 51 57 8 E    12.2   3.00   1.8  85     16386                   
 1701 CAE 04 55 51.1 -29 53 03 8 Sb   13.6   1.20   0.9 137     16352                   
 1702 MEN 04 49 27.7 -69 51 03 3 OCL                                                    
 1703 DOR 04 52 51.9 -59 44 36 8 SBb  12.0   2.90   2.6         16234                   
 1704 DOR 04 49 55.5 -69 45 23 3 OCL                                                    
 1705 PIC 04 54 13.9 -53 21 40 8 E-S0 12.8   1.90   1.4  50     16282  
 1706 DOR 04 52 31.1 -62 59 12 8 Sab  13.6   1.40   1.0 124     16220                   
 1707 ORI 04 58 20.7 +08 14 20 0 *Grp        1.00                                       
 1708 CAM 05 03 27.0 +52 50 00 3 OCL                                                                                                               
 1709 ORI 04 58 44.0 -00 28 42 8 S0   15.2   0.90   0.7  40     16462                   
 1710 LEP 04 57 16.8 -15 17 22 8 E-S0 14.0   1.30   1.0  15     16396                   
 1711 MEN 04 50 36.2 -69 59 08 3 OCL  10.0                                              
 1712 DOR 04 50 58.5 -69 24 27 3 OCL                                                    
 1713 ORI 04 58 54.7 -00 29 21 8 E    13.9   1.40   1.2  45     16471  3222             
 1714 DOR 04 52 08.4 -66 55 32 3 OCL+                                                   
 1715 DOR 04 52 10.5 -66 54 32 5 EN                                                     
 1716 LEP 04 58 13.2 -20 21 50 8 SBbc 13.9   1.40   1.2  20     16434                   
 1717 ORI 04 59 19.3 -00 13 48 0 *2                                                     
 1718 DOR 04 52 25.4 -67 03 03 3 OCL                                                    
 1719 ORI 04 59 34.5 -00 15 40 8 Sa   14.5   1.10   0.3 102     16501  3226             
 1720 ERI 04 59 20.5 -07 51 35 8 SBab 13.9   1.70   1.3  95     16485                   
 1721 ERI 04 59 17.4 -11 07 08 8 S0   13.1   2.20   1.1 120     16484                   
 1722 DOR 04 51 43.4 -69 23 54 3 OCL+                                                   
 1723 ERI 04 59 25.9 -10 58 52 8 SBR  12.5   3.30   2.0  40     16493                   
 1724 AUR 05 03 32.3 +49 29 30 3 OCL  10.0                                    
 1725 ERI 04 59 22.9 -11 07 57 8 E-S0 13.1   1.90   1.2  20     16488                   
 1726 ERI 04 59 41.9 -07 45 20 8 S0   12.7   2.10   1.5   0     16508                   
 1727 DOR 04 52 12.8 -69 20 20 3 OCL+                                                   
 1728 ERI 04 59 27.8 -11 07 26 8 Sa   14.8   2.00   0.7 177     16495                   
 1729 ORI 05 00 15.6 -03 21 13 8 Sc   13.6   1.70   1.4  30     16529                   
 1730 LEP 04 59 31.7 -15 49 26 8 SBR  13.1   2.30   1.0  94     16499                   
 1731 DOR 04 53 32.1 -66 55 31 3 OCL+                                                   
 1732 DOR 04 53 10.6 -68 39 00 3 OCL                                                    
 1733 DOR 04 54 04.8 -66 40 58 3 OCL                                                    
 1734 DOR 04 53 33.6 -68 46 08 3 OCL                                                    
 1735 DOR 04 54 19.7 -67 05 59 3 OCL                                                    
 1736 DOR 04 53 01.6 -68 03 12 5 EN                                                     
 1737 DOR 04 53 57.8 -69 10 28 5 EN                                                     
 1738 LEP 05 01 46.5 -18 09 29 8 SBbc 13.7   1.30   0.7  38     16585                   
 1739 LEP 05 01 47.3 -18 10 04 8 Sbc  14.2   1.40   0.8 105     16586                   
 1740 ORI 05 01 54.7 -03 17 47 8 E-S0 13.8   1.50   1.2  55     16589                   
 1741 ERI 05 01 38.7 -04 15 34 8 Sdm  15.6   1.10   0.7  50     16574                   
 1742 ORI 05 02 00.5 -03 17 16 0 *                                                      
 1743 DOR 04 54 03.2 -69 11 57 5 EN                                                     
 1744 LEP 04 59 57.6 -26 01 24 8 SBcd 11.8   9.30   4.3 168     16517                   
 1745 DOR 04 54 20.7 -69 09 32 3 OCL                                                    
 1746 TAU 05 03 50.1 +23 46 04 3 *Grp  6.1  42.00                             
 1747 DOR 04 55 11.0 -67 10 08 3 OCL+                                                   
 1748 DOR 04 54 23.7 -69 11 06 5 EN                                                     
 1749 DOR 04 54 56.1 -68 11 20 3 OCL                                                    
 1750 TAU 05 03 54.0 +23 39 30 3 OCL        25.00  12.0                                 
 1751 DOR 04 54 12.1 -69 48 23 3 OCL                                                    
 1752 ERI 05 02 09.6 -08 14 29 8 SBc  13.3   2.60   0.8  70     16600                   
 1753 ORI 05 02 32.2 -03 20 43 8 Sa   15.5   1.40   0.6 165     16610                   
 1754 MEN 04 54 17.9 -70 26 30 3 OCL                                                    
 1755 DOR 04 55 14.9 -68 12 15 3 OCL   9.0   2.00                                       
 1756 DOR 04 54 49.9 -69 14 15 3 OCL                                                    
 1758 TAU 05 04 36.0 +23 47 54 3 IV1p       39.00                             
 1759 CAE 05 00 49.0 -38 40 27 8 E    14.1   1.40   1.2         16547                   
 1760 DOR 04 56 44.4 -66 31 39 5 EN                                                     
 1761 DOR 04 56 37.8 -66 28 44 3 OCL                                                    
 1762 ORI 05 03 37.0 +01 34 22 8 Sc   13.4   1.70   1.1 175     16654  3238             
 1763 DOR 04 56 49.2 -66 24 33 5 EN         25.00                                       
 1764 DOR 04 56 27.8 -67 41 38 3 OCL                                                    
 1765 DOR 04 58 24.3 -62 01 42 8 E    13.9   1.20   1.0 150     16444                   
 1766 MEN 04 55 57.7 -70 13 31 3 OCL                                                    
 1767 DOR 04 56 27.4 -69 24 02 3 OCL+                                                   
 1768 DOR 04 57 00.2 -68 14 58 3 OCL                                                    
 1769 DOR 04 57 44.7 -66 27 49 5 EN                                                     
 1770 DOR 04 57 15.8 -68 25 05 3 OCL+                                                   
 1771 DOR 04 58 55.6 -63 17 56 8 Sc   14.2   1.80   0.5 136     16472                   
 1772 DOR 04 56 52.9 -69 33 22 3 OCL                                                    
 1773 DOR 04 58 11.3 -66 21 33 5 EN                                                     
 1774 DOR 04 58 06.9 -67 14 33 3 OCL  10.0                                              
 1775 MEN 04 56 53.4 -70 25 47 3 OCL                                                    
 1776 DOR 04 58 39.8 -66 25 47 3 OCL                                                    
 1777 MEN 04 55 47.8 -74 17 08 3 OCL                                                    
 1778 AUR 05 08 05.6 +37 01 22 3 III2  7.7   7.00                             
 1779 ERI 05 05 18.0 -09 08 54 8 SB0- 13.0   2.50   1.4 105     16713                   
 1780 LEP 05 06 20.7 -19 28 03 8 SB0  14.7   0.90   0.5  84     16743                   
 1781 LEP 05 07 55.1 -18 11 26 8 SB0  13.7   1.30   1.1  45     16788                   
 1782 DOR 04 57 51.2 -69 23 32 3 OCL                                                    
 1783 DOR 04 59 08.8 -65 59 07 3 OCL  11.0                                              
 1784 LEP 05 05 27.1 -11 52 18 8 SBc  12.4   4.10   2.6 105     16716                   
 1785 DOR 04 58 35.3 -68 50 39 0 *Grp        3.00                                       
 1786 DOR 04 59 07.9 -67 44 43 3 OCL  10.1   1.20                                       
 1787 DOR 05 01 42.4 -65 49 24 3 OCL                                                    
 1788 ORI 05 06 53.2 -03 20 28 5 RN          2.00   2.0                       
 1789 MEN 04 57 51.2 -71 54 03 3 OCL                                                    
 1790 AUR 05 11 07.2 +52 03 28 0 *Grp                                                   
 1791 MEN 04 59 06.6 -70 10 08 3 OCL                                                    
 1792 COL 05 05 13.8 -37 58 49 8 SBbc 10.8   5.60   2.9 137     16709                   
 1793 DOR 04 59 38.3 -69 33 28 3 OCL                                                    
 1794 LEP 05 07 55.1 -18 11 26 8 SB0  13.7   1.30   1.1  45     16788                   
 1795 DOR 04 59 47.0 -69 48 05 3 OCL                                                    
 1796 DOR 05 02 42.8 -61 08 25 8 SBb  12.9   1.80   1.0 102     16617                   
 1797 ERI 05 07 44.9 -08 01 10 8 Sa   14.4   1.20   0.8  90     16781                   
 1798 AUR 05 11 39.3 +47 41 44 3 II2m        5.00                             
 1799 ERI 05 07 44.5 -07 58 10 8 S0   14.7   1.10   0.6 125     16783                   
 1800 COL 05 06 25.4 -31 57 18 8 Irr  13.1   2.00   1.1 113     16745                   
 1801 DOR 05 00 34.6 -69 36 50 3 OCL                                                    
 1802 TAU 05 10 12.0 +24 06 30 3 OCL                                                    
 1803 PIC 05 05 26.5 -49 34 05 8 SBbc 13.4   1.30   0.8  62     16715  
 1804 DOR 05 01 03.3 -69 04 58 3 OCL                                                    
 1805 DOR 05 02 21.4 -66 06 44 3 OCL  10.0                                              
 1806 DOR 05 02 11.4 -67 59 02 3 OCL  11.0                                              
 1807 TAU 05 10 43.0 +16 31 18 3 II2p  7.0  17.00                             
 1808 COL 05 07 42.5 -37 30 50 8 SBa  10.8   6.30   4.3 133     16779                   
 1809 DOR 05 02 05.3 -69 34 08 8 Sc   13.2   3.20   0.8 143     16599                   
 1810 DOR 05 03 23.3 -66 22 55 3 OCL                                                    
 1811 COL 05 08 42.5 -29 16 37 8 Sa   14.5   1.70   0.4  60     16811                   
 1812 COL 05 08 52.8 -29 15 08 8 Sa   13.6   1.20   0.9   8     16819                   
 1813 MEN 05 02 40.4 -70 19 05 3 OCL                                                    
 1814 DOR 05 03 46.5 -67 18 03 3 OCL+  9.0                                              
 1815 MEN 05 02 27.3 -70 37 16 3 OCL                                                    
 1816 DOR 05 03 50.8 -67 15 39 3 OCL   9.0                                              
 1817 TAU 05 12 15.0 +16 41 24 3 III1  7.7  16.00                             
 1818 DOR 05 04 14.8 -66 26 04 3 OCL   9.0   2.50                                       
 1819 ORI 05 11 46.0 +05 12 01 8 SB0  13.5   1.70   1.2 120     16899  3265             
 1820 DOR 05 04 01.7 -67 15 58 3 OCL   9.0                                              
 1821 LEP 05 11 46.0 -15 08 06 8 Irr  14.5   1.20   0.8  50     16898                   
 1822 DOR 05 05 09.2 -66 12 38 3 OCL                                                    
 1823 MEN 05 03 25.0 -70 20 08 3 OCL                                                    
 1824 DOR 05 06 56.0 -59 43 33 8 SBm  13.1   3.20   0.8 160     16761                   
 1825 DOR 05 04 19.1 -68 55 35 3 OCL                                                    
 1826 DOR 05 05 34.0 -66 13 52 3 OCL                                                    
 1827 COL 05 10 04.4 -36 57 39 8 SBc  13.3   3.00   0.7 120     16849                   
 1828 DOR 05 04 20.9 -69 23 18 3 OCL                                                    
 1829 DOR 05 04 57.4 -68 03 20 3 OCL+  8.0                                              
 1830 DOR 05 04 38.3 -69 20 25 3 OCL                                                    
 1831 DOR 05 06 26.7 -64 55 07 3 OCL  11.0                                              
 1832 LEP 05 12 03.0 -15 41 22 8 SBbc 12.0   2.30   1.5  10     16906                   
 1833 MEN 05 04 21.8 -70 43 54 3 OCL+                                                   
 1834 DOR 05 05 11.4 -69 12 27 3 OCL                                                    
 1835 DOR 05 05 05.7 -69 24 15 3 OCL   9.8   1.20                                       
 1836 DOR 05 05 34.5 -68 37 41 3 OCL                                                    
 1837 MEN 05 04 55.9 -70 42 51 3 OCL                                                    
 1838 DOR 05 06 07.9 -68 26 43 3 OCL                                                    
 1839 DOR 05 06 02.4 -68 37 37 3 OCL                                                    
 1840 MEN 05 05 19.2 -71 45 47 3 OCL                                                    
 1841 MEN 04 45 23.1 -83 59 49 3 OCL  12.0                                    
 1842 DOR 05 07 18.2 -67 16 24 3 OCL                                                    
 1843 ORI 05 14 06.1 -10 37 38 8 Sc   13.4   2.10   1.7 110     16949                   
 1844 DOR 05 07 30.7 -67 19 25 3 OCL                                                    
 1845 MEN 05 06 22.0 -70 28 45 3 OCL                                                    
 1846 DOR 05 07 34.7 -67 27 31 3 OCL  11.0                                              
 1847 DOR 05 07 08.2 -68 58 17 3 OCL                                                    
 1848 MEN 05 07 27.2 -71 11 44 3 OCL                                                    
 1849 DOR 05 09 34.9 -66 18 57 3 OCL                                                    
 1850 DOR 05 08 44.8 -68 45 42 3 OCL   9.0   3.00                                       
 1851 COL 05 14 06.3 -40 02 50 4 II    7.1  11.00                             
 1852 DOR 05 09 23.9 -67 46 39 3 OCL                                                    
 1853 DOR 05 12 16.0 -57 24 00 8 SBcd 13.6   2.00   0.7  43     16911                   
 1854 DOR 05 09 20.0 -68 50 51 4 GCL  10.0                                              
 1855 DOR 05 09 20.0 -68 50 51 4 GCL  10.0                                              
 1856 DOR 05 09 29.4 -69 07 40 3 OCL  10.0                                              
 1857 AUR 05 19 05.5 +39 20 37 3 II2m  7.0   6.00                             
 1858 DOR 05 09 56.4 -68 53 59 3 OCL+                                                   
 1859 DOR 05 11 31.8 -65 14 59 3 OCL                                                    
 1860 DOR 05 10 39.6 -68 45 08 3 OCL                                                    
 1861 MEN 05 10 22.2 -70 46 38 3 OCL                                                    
 1862 DOR 05 12 34.6 -66 09 16 3 OCL                                                    
 1863 DOR 05 11 39.6 -68 43 37 3 OCL                                                    
 1864 DOR 05 12 40.7 -67 37 17 3 OCL                                                    
 1865 DOR 05 12 25.1 -68 46 16 3 OCL                                                    
 1866 DOR 05 13 39.1 -65 27 56 3 OCL   9.0   5.00                                       
 1867 DOR 05 13 42.5 -66 17 39 3 OCL                                                    
 1868 DOR 05 14 36.5 -63 57 18 3 OCL                                                    
 1869 DOR 05 13 56.4 -67 22 46 3 OCL+                                                   
 1870 DOR 05 13 10.0 -69 07 01 3 OCL                                                    
 1871 DOR 05 13 51.8 -67 27 10 3 OCL+                                                   
 1872 DOR 05 13 10.8 -69 19 02 3 OCL                                                    
 1873 DOR 05 13 55.7 -67 20 04 3 OCL+                                                   
 1874 DOR 05 13 11.7 -69 22 35 3 OCL+  9.0                                              
 1875 ORI 05 21 45.7 +06 41 18 8 E-S0 14.6   0.80   0.7  20     17171                   
 1876 DOR 05 13 18.5 -69 21 52 3 OCL+  9.0                                              
 1877 DOR 05 13 39.0 -69 23 00 3 OCL+ 12.0   3.00                                       
 1878 MEN 05 12 51.0 -70 28 18 3 OCL                                                    
 1879 COL 05 19 48.1 -32 08 35 8 SBm  13.2   2.50   1.7  60     17113                   
 1880 DOR 05 13 09.6 -69 22 31 5 EN                                                     
 1881 DOR 05 13 37.2 -69 17 57 3 OCL                                                    
 1882 DOR 05 15 33.4 -66 07 47 3 OCL                                                    
 1883 AUR 05 25 54.1 +46 29 25 3 II1p 12.0   3.00                             
 1884 DOR 05 15 33.4 -66 07 47 3 OCL                                                    
 1885 DOR 05 15 05.9 -68 58 40 3 OCL                                                    
 1886 LEP 05 21 48.2 -23 48 38 8 Sbc  13.6   3.10   0.4  60     17174                   
 1887 DOR 05 16 06.0 -66 19 07 3 OCL                                                    
 1888 LEP 05 22 34.4 -11 30 03 8 SB/P 12.8   3.20   1.2 145     17195                   
 1889 LEP 05 22 35.3 -11 29 51 8 E    14.1   0.60   0.4 165     17196                   
 1890 MEN 05 13 45.9 -72 04 41 3 OCL                                                    
 1891 COL 05 21 24.0 -35 43 00 0 *Grp        5.00                                       
 1892 DOR 05 17 09.5 -64 57 39 8 Sc   12.8   2.90   0.8  74     17042                   
 1893 AUR 05 22 44.1 +33 24 43 3 OCL   7.5  11.00                                       
 1894 DOR 05 15 51.3 -69 28 07 3 OCL                                                    
 1895 DOR 05 16 52.4 -67 19 47 5 EN                                                     
 1896 AUR 05 25 29.0 +29 12 36 0 *Grp                                                   
 1897 DOR 05 17 32.4 -67 26 56 3 OCL                                                    
 1898 DOR 05 16 42.4 -69 39 23 3 OCL  11.0                                              
 1899 DOR 05 17 48.7 -67 54 03 5 EN                                                     
 1900 DOR 05 19 09.4 -63 01 25 3 OCL                                                    
 1901 DOR 05 18 15.0 -68 26 12 3 OCL        39.00                                       
 1902 DOR 05 18 19.2 -66 37 39 3 OCL                                                    
 1903 DOR 05 17 22.4 -69 20 07 3 OCL  12.0                                              
 1904 LEP 05 24 10.6 -24 31 27 4 V     7.7   7.80            79                       
 1905 DOR 05 18 23.6 -67 16 41 3 OCL                                                    
 1906 LEP 05 24 47.1 -15 56 36 8 Scd  14.8   0.90   0.5 145     17243                   
 1907 AUR 05 28 04.5 +35 19 32 3 II1m  8.2   7.00                             
 1909 ERI 05 04 09.0 -07 15 00 5 RN        180.00  60.0                                 
 1910 DOR 05 18 43.1 -69 13 55 3 OCL+        1.00                                       
 1911 DOR 05 20 33.0 -66 46 43 5 EN+O                                                   
 1912 AUR 05 28 42.4 +35 51 18 3 III2  6.4  21.00            38                       
 1913 DOR 05 18 19.4 -69 32 12 3 OCL                                                    
 1914 MEN 05 17 39.8 -71 15 21 3 OCL+                                                   
 1916 DOR 05 18 36.5 -69 24 25 3 OCL                                                    
 1917 DOR 05 19 01.2 -69 00 00 4 GCL                                                    
 1918 DOR 05 19 07.1 -69 39 45 5 SNR                                                    
 1919 DOR 05 20 17.1 -66 52 53 3 OCL+                                                   
 1920 DOR 05 20 33.0 -66 46 43 5 EN+O                                                   
 1921 DOR 05 19 22.8 -69 47 16 3 OCL                                                    
 1922 DOR 05 19 49.0 -69 26 54 3 OCL                                                    
 1923 DOR 05 21 34.1 -65 29 12 3 OCL+                                                   
 1924 ORI 05 28 01.9 -05 18 39 8 SBbc 13.3   1.60   1.2 130     17319                   
 1925 DOR 05 21 44.0 -65 47 37 3 OCL                                                    
 1926 DOR 05 20 34.2 -69 31 27 3 OCL                                                    
 1928 DOR 05 20 56.6 -69 28 41 3 OCL                                                    
 1929 DOR 05 21 38.2 -67 54 43 5 EN                                                     
 1930 PIC 05 25 56.6 -46 43 44 8 SB0  13.4   1.90   1.2  32     17276  
 1931 AUR 05 31 25.7 +34 14 42 3 OCL+ 10.1   1.00                             
 1932 DOR 05 22 17.3 -66 09 16 0 *                                                      
 1933 DOR 05 22 27.3 -66 09 08 3 OCL                                                    
 1934 DOR 05 21 48.0 -67 56 14 3 OCL                                                    
 1935 DOR 05 21 58.8 -67 57 27 5 EN                                                     
 1936 DOR 05 22 14.6 -67 58 34 5 EN                                                     
 1937 DOR 05 22 29.2 -67 53 41 3 OCL                                                    
 1938 MEN 05 21 24.8 -69 56 22 3 OCL  14.0   0.40                                       
 1939 MEN 05 21 26.7 -69 56 59 3 OCL  13.0   0.50                                       
 1940 DOR 05 22 43.8 -67 11 12 3 OCL                                                    
 1941 DOR 05 23 07.8 -66 22 43 5 EN                                                     
 1942 DOR 05 24 44.6 -63 56 32 3 OCL                                                    
 1943 MEN 05 22 28.8 -70 09 18 3 OCL  12.0                                              
 1944 MEN 05 21 57.4 -72 29 40 3 OCL                                                    
 1945 DOR 05 24 55.0 -66 27 27 5 EN                                                     
 1946 DOR 05 25 16.4 -66 23 41 3 OCL                                                    
 1947 DOR 05 26 47.3 -63 45 41 8 E-S0 11.8   2.40   2.0 119     17296                   
 1948 DOR 05 25 46.3 -66 16 01 3 OCL+                                                   
 1949 DOR 05 25 05.0 -68 28 16 5 EN                                                     
 1950 DOR 05 24 33.1 -69 54 09 3 OCL                                                    
 1951 DOR 05 26 06.9 -66 35 50 3 OCL  10.0                                              
 1952 TAU 05 34 31.9 +22 00 52 5 SNR   8.4   8.00   4.0       1              Crab Nebula           
 1953 DOR 05 25 27.9 -68 50 18 3 OCL                                                    
 1954 LEP 05 32 48.3 -14 03 46 8 Sbc  12.5   4.20   2.0 155     17422                   
 1955 DOR 05 26 10.0 -67 29 51 3 OCL+  9.0                                              
 1956 MEN 05 19 35.6 -77 43 49 8 Sa   14.0   1.90   0.8  68     17102                   
 1957 LEP 05 32 55.1 -14 07 59 8 E    14.8   1.10   0.8  70     17427                   
 1958 DOR 05 25 30.6 -69 50 13 4 GCL                                                    
 1959 MEN 05 25 36.7 -69 55 37 3 OCL                                                    
 1960 AUR 05 36 17.7 +34 08 27 3 II3m  6.0  12.00            36                       
 1961 CAM 05 42 03.9 +69 22 41 8 SBbc 11.7   4.50   3.1  85     17625  3334        
 1962 DOR 05 26 17.8 -68 50 16 3 OCL   8.0                                              
 1963 COL 05 32 16.8 -36 23 55 3 OCL       120.00                                       
 1964 LEP 05 33 21.8 -21 56 45 8 SBb  11.6   5.50   2.1  32     17436                   
 1965 DOR 05 26 29.1 -68 48 23 3 OCL   8.0                                              
 1966 DOR 05 26 45.9 -68 49 12 3 OCL   8.5  13.00                                       
 1967 DOR 05 26 43.4 -69 06 06 3 OCL                                                    
 1968 DOR 05 27 22.2 -67 27 50 3 OCL+  9.0                                              
 1969 DOR 05 26 32.4 -69 50 29 3 OCL                                                    
 1970 DOR 05 26 52.7 -68 50 12 3 OCL   8.0                                              
 1971 DOR 05 26 45.3 -69 51 06 3 OCL                                                    
 1972 DOR 05 26 47.4 -69 50 18 3 OCL                                                    
 1973 ORI 05 35 04.8 -04 43 55 5 EN    7.0   5.00                             
 1974 DOR 05 28 00.4 -67 25 23 3 OCL+  9.0   9.00                                       
 1975 ORI 05 35 17.8 -04 41 07 5 EN    7.0  10.00                            
 1976 ORI 05 35 15.4 -05 23 25 5 EN+R  4.0  70.00  60.0      42              Orion Nebula        
 1977 ORI 05 35 15.7 -04 50 40 3 OCL   7.0  20.00  10.0                      
 1978 DOR 05 28 45.2 -66 14 14 3 OCL   9.0  42.00  19.0                                 
 1979 LEP 05 34 01.1 -23 18 39 8 E-S0 12.8   2.20   1.8         17452                   
 1980 ORI 05 35 25.8 -05 54 37 5 EN+O       14.00                            
 1981 ORI 05 35 09.5 -04 25 30 3 III2  4.2  25.00                            
 1982 ORI 05 35 31.3 -05 16 03 5 EN    9.0  20.00            43                       
 1983 DOR 05 27 44.3 -68 59 10 3 OCL   8.0                                              
 1984 DOR 05 27 41.0 -69 08 04 3 OCL                                                    
 1985 AUR 05 37 47.8 +31 59 20 5 RN   12.7   0.68                                       
 1986 MEN 05 27 39.0 -69 58 22 3 OCL  11.0                                              
 1987 MEN 05 27 17.2 -70 44 15 3 OCL  12.0                                              
 1988 TAU 05 37 26.5 +21 13 05 0 *                                                      
 1989 COL 05 34 23.4 -30 48 04 8 E-S0 14.1   1.40   1.1 106     17464                   
 1990 ORI 05 36 12.8 -01 12 07 5 RN         50.00                            Epsilon Orionis Nebula 
 1991 DOR 05 28 00.4 -67 25 23 3 OCL+  9.0   9.00                                       
 1992 COL 05 34 31.8 -30 53 51 8 S0-a 14.7   1.10   0.7  45     17466                   
 1993 LEP 05 35 25.4 -17 48 56 8 E-S0 13.4   1.50   1.4         17487                   
 1994 DOR 05 28 21.8 -69 08 31 3 OCL                                                    
 1995 PIC 05 33 03.3 -48 40 31 0 *2                                          
 1996 TAU 05 38 10.2 +25 49 02 0 *Grp                                                   
 1997 DOR 05 30 34.4 -63 12 15 3 OCL                                                    
 1998 PIC 05 33 15.7 -48 41 45 8 S0-a 15.2   0.90   0.5  20     17434  
 1999 ORI 05 36 25.4 -06 42 57 5 EN+R        2.00   2.0                       
 2000 MEN 05 27 29.3 -71 52 46 3 OCL                                                    
 2001 DOR 05 29 02.1 -68 46 10 3 OCL                                                    
 2002 DOR 05 30 20.4 -66 53 03 3 OCL                                                    
 2003 DOR 05 30 54.4 -66 27 59 3 OCL                                                    
 2004 DOR 05 30 40.3 -67 17 10 3 OCL   9.0                                              
 2005 DOR 05 30 10.9 -69 45 09 3 OCL                                                    
 2006 DOR 05 31 19.6 -66 58 19 3 OCL                                                    
 2007 PIC 05 34 58.9 -50 55 20 8 Sc   14.1   1.70   0.6  83     17478  
 2008 PIC 05 35 03.8 -50 58 00 8 Sc   13.9   1.40   0.7  93     17480  
 2009 DOR 05 30 59.2 -69 10 54 3 OCL                                                    
 2010 MEN 05 30 35.0 -70 49 11 3 OCL                                                    
 2011 DOR 05 32 20.3 -67 31 24 3 OCL   9.0                                              
 2012 MEN 05 22 35.1 -79 51 09 8 E-S0 14.1   1.10   0.6 117     17194                   
 2013 AUR 05 44 01.6 +55 47 37 3 OCL                                                    
 2014 DOR 05 32 19.9 -67 41 24 3 OCL+  8.0                                              
 2015 DOR 05 32 06.6 -69 14 35 3 OCL                                                    
 2016 MEN 05 31 38.9 -69 56 45 3 OCL                                                    
 2017 LEP 05 39 16.2 -17 51 01 0 *Grp        4.00                                       
 2018 MEN 05 30 45.3 -71 04 06 3 OCL+       25.00                                       
 2019 MEN 05 31 56.7 -70 09 35 3 OCL  11.0                                              
 2020 DOR 05 33 12.7 -67 42 57 5 RN          2.00                                       
 2021 DOR 05 33 30.7 -67 27 11 3 OCL                                                    
 2022 ORI 05 42 06.2 +09 05 10 6 PN   12.4   0.30                                       
 2023 ORI 05 41 38.2 -02 15 33 5 EN+R       10.00   8.0                       
 2024 ORI 05 41 42.5 -01 51 23 5 EN         30.00                             
 2025 MEN 05 32 33.7 -71 42 56 3 OCL                                                    
 2026 TAU 05 43 00.0 +20 08 21 3 OCL         7.00                                       
